1,1445364921,541000000,2.76893915707,-0.971380697849,-0.735140175703,-0.0880514044761,0.111698824364,-0.870128463774,0.471854616738,0
1,1445364923,736000000,3.06340932654,-1.26748716966,-0.986358905868,-0.0885197533734,0.109914705759,-0.869461763129,0.473412350046,208
1,1445364925,341000000,3.07915764659,-1.22117135684,-0.918965132429,-0.0853895582154,0.111176450392,-0.869181370064,0.474206881181,351
1,1445364926,19000000,3.03233330959,-1.26271209586,-0.982245451233,-0.0853955912238,0.112554186816,-0.870069223029,0.472248552318,412
1,1445364926,828000000,3.03071094104,-1.26226081616,-0.982441211259,-0.0830743723498,0.115529265644,-0.870904349338,0.470401160439,481
1,1445364927,628000000,3.03071094104,-1.26226081616,-0.982441211259,-0.0830743723498,0.115529265644,-0.870904349338,0.470401160439,550
1,1445364928,543000000,3.13754236616,-1.54680555748,-0.739921315121,-0.0618345758708,0.110160720805,-0.877861187288,0.46195328408,637
1,1445364929,230000000,3.21407481872,-1.82864213795,-0.538075756991,-0.0621788885434,0.110803375627,-0.876997966863,0.463390724862,697
1,1445364930,815000000,3.13122993816,-1.9455957578,-0.530474673613,-0.0578630873014,0.106832483617,-0.879276466535,0.460555728409,836
1,1445364932,422000000,3.34585260877,-1.73519819756,-0.765621387994,-0.0539210023535,0.102804774662,-0.881202673063,0.458263628055,979
1,1445364933,342000000,3.12845284283,-1.34297098153,-0.768690379364,-0.0570459443202,0.106439738007,-0.882697728948,0.454159731503,1063
1,1445364934,12000000,3.38310271223,-1.23456845972,-0.797595082578,-0.0600953775043,0.109075512377,-0.879995371721,0.458365818918,1115
1,1445364934,919000000,3.46361905731,-1.20972024165,-0.790883844856,-0.0606079197601,0.105861564445,-0.875732367588,0.467132561051,1199
1,1445364935,523000000,3.54767541742,-1.15484257476,-0.688393274677,-0.0595726001058,0.1033129066,-0.875205041836,0.468821590151,1248
1,1445364937,120000000,3.41463546791,-0.666499599125,-0.515406725138,-0.0588081391798,0.10494834645,-0.873107787172,0.472451308944,1391
1,1445364938,27000000,3.41463546791,-0.666499599125,-0.515406725138,-0.0588081391798,0.10494834645,-0.873107787172,0.472451308944,1474
1,1445364939,368000000,3.22789541741,-1.33664557504,-0.580320774634,-0.0546128289984,0.108088667533,-0.873290282081,0.471909273148,1582
1,1445364941,152000000,3.18342139015,-1.10417084712,-0.59152090372,-0.0534335760592,0.108965368608,-0.873277200216,0.471866859375,1742
1,1445364942,228000000,3.32683108888,-1.03508950266,-0.575275237017,-0.0537748942072,0.108780039063,-0.872941270707,0.472492012368,1842
1,1445364944,54000000,3.20693265943,-1.06746321734,-0.50748591121,-0.0546911216165,0.108501551862,-0.873300965725,0.471785669265,2001
1,1445364947,46000000,3.06832246498,-0.943917520897,-0.563985457012,-0.0541273532304,0.108670993969,-0.873742561485,0.470993397992,2233
1,1445364947,935000000,3.04191857289,-0.918768640419,-0.570685252293,-0.0543836459046,0.102921631192,-0.874299473489,0.471221802921,2315
