1,1445364007,102000000,2.88108242901,-1.54041705408,-0.778982344187,-0.00492466883215,0.110899644774,-0.993006561307,0.0401868837611,0
1,1445364010,127000000,2.19558019081,-1.3801884705,-0.825498215057,-0.00719410212436,0.111188583107,-0.99305843254,0.0376867807284,270
1,1445364013,491000000,1.79555568512,-2.42468340248,-0.81301758809,-0.0100587883501,0.108464334641,-0.993205688658,0.0409483687815,563
1,1445364014,538000000,1.70601512075,-2.42525733192,-0.762537096041,-0.0106044021134,0.112314795969,-0.992945587077,0.0364964980166,658
1,1445364015,199000000,1.68531523531,-2.81627498297,-0.574944473728,-0.00667501820392,0.107702289304,-0.993337688963,0.0404462198026,720
1,1445364016,223000000,1.4885876456,-3.2413946962,-0.40835651131,-0.00613664814994,0.103734775085,-0.993671807876,0.0426353869531,802
1,1445364016,995000000,1.40960030692,-3.27410214662,-0.423491695819,-0.00784421767765,0.11226655853,-0.992460730728,0.0485426209501,871
1,1445364018,6000000,1.37669127048,-3.32958281333,-0.443477172117,-0.00896596573763,0.111930891116,-0.992675833646,0.0445620507564,952
1,1445364018,686000000,1.36831103887,-3.24220898607,-0.474451911324,-0.00928297363329,0.110942572707,-0.992587112473,0.0487482934455,997
1,1445364019,915000000,1.10732101059,-3.44193591749,-0.15311950762,-0.00900489863083,0.118838246872,-0.991799898935,0.0461448085175,1110
1,1445364020,503000000,1.36119486681,-3.32500069836,-0.265655610363,-0.0141749904442,0.117848443057,-0.991762948991,0.0481359234204,1163
1,1445364021,311000000,3.58897556833,-1.72210542153,-0.479222586226,-0.0116209974307,0.116709330094,-0.992971759992,0.0158419867812,1234
1,1445364021,988000000,3.22199968799,-1.57975108155,-0.504471193734,0.00494083644756,-0.112900127557,0.993586992601,0.00374666076109,1298
1,1445364023,405000000,3.27530767028,-1.57779565013,-0.457321574549,-0.0112550769425,0.10826906806,-0.994028378072,0.00766261911423,1420
1,1445364024,702000000,3.52603626393,-0.918776753124,-0.915452530217,-0.0169470598534,0.133355573498,-0.990696422914,0.0212057965081,1531
1,1445364025,100000000,3.37129284231,-0.991104527022,-0.980030256767,-0.0171120906,0.132683000523,-0.990779428791,0.0214131083986,1568
1,1445364026,497000000,3.24723816096,-0.991634003767,-1.00131282114,-0.01795148995,0.132502522408,-0.990758317027,0.022776804107,1675
1,1445364028,285000000,3.5108511472,-0.673951469485,-0.616036856461,-0.0177513094686,0.131248564733,-0.99089295985,0.0242867739272,1836
1,1445364029,990000000,3.5108511472,-0.673951469485,-0.616036856461,-0.0177513094686,0.131248564733,-0.99089295985,0.0242867739272,1990
1,1445364032,0,3.5108511472,-0.673951469485,-0.616036856461,-0.0177513094686,0.131248564733,-0.99089295985,0.0242867739272,2178
1,1445364033,696000000,2.8525538864,-1.28623296463,-0.881569767561,-0.0171759280974,0.129034652646,-0.991183447243,0.0247066756503,2331
1,1445364037,686000000,2.66440238734,-1.14301292381,-0.815606075222,-0.017918947798,0.12857725858,-0.991147538566,0.027809291251,2683
