1,1445361383,913000000,2.66383844335,-0.339872673707,-0.684429536288,-0.0140332515367,0.108737499881,-0.989644657797,0.092642729148,2
1,1445361385,8000000,2.70772446999,-0.254237618604,-0.708069766259,-0.0192552776334,0.114625347443,-0.988481979343,0.0969207950896,103
1,1445361385,793000000,2.89218515166,-0.142620403976,-0.725879283814,-0.0162854913126,0.112060516001,-0.988944437803,0.0957398687358,174
1,1445361387,137000000,3.06096582719,-0.799472351084,-0.834572970867,-0.0141212823148,0.117614480407,-0.988577400768,0.0931780342983,290
1,1445361387,785000000,3.11675585464,-0.587105554176,-0.858859742005,-0.0118847880169,0.117556862053,-0.989097513678,0.0878933696807,333
1,1445361389,23000000,3.3595287793,-0.520892284329,-0.926516610566,-0.00993208430856,0.117157161185,-0.989622243158,0.0826036871505,425
1,1445361390,306000000,3.24017310612,-0.516963714717,-0.788218668252,-0.0058884220533,0.112041999034,-0.990761648592,0.0761792138184,529
1,1445361391,497000000,3.59640280794,-0.314402455848,-0.563219939029,-0.0038969140755,0.116205118497,-0.99070203934,0.0706445591933,638
1,1445361392,983000000,3.51595969209,-0.559282624459,-0.419106915086,-0.00392695865404,0.116670610399,-0.990707650035,0.0697918320943,762
1,1445361397,4000000,3.51552383006,-0.500773897747,-0.530547646416,-0.00912604915195,0.118313221062,-0.990433173042,0.0704331362872,1110
1,1445361398,85000000,3.55885981063,-0.5763673012,-0.538133560646,-0.00670018346782,0.122676697278,-0.989928746628,0.0703321554193,1212
