0.161396528929,-0.0138837166022,1.03288901736,0.510274118676,0.512826963855,-0.498169665899,-0.477970514708,0
0.161483175969,-0.0139341700914,1.03284663883,0.509142387466,0.514094195595,-0.498220038959,-0.477763519034,1
0.161441448711,-0.0138434120114,1.03270871559,0.509700270283,0.513226761583,-0.497681217702,-0.478662021906,2
0.161518737331,-0.0139314029016,1.03268292642,0.508803905367,0.514999128846,-0.497937845877,-0.477443593333,3
0.161444903027,-0.0132219399919,1.03320417262,0.508623099203,0.514086722957,-0.49714162019,-0.47944508936,4
0.161575793453,-0.0138087557193,1.03246843074,0.509330067758,0.513814397699,-0.497282893963,-0.478839607976,5
0.161487719176,-0.0132417865107,1.03299203032,0.508710487299,0.513873119135,-0.497284130073,-0.479433573626,6
0.161525448196,-0.0132165249305,1.03278800799,0.50817805547,0.514061542447,-0.497231519071,-0.479850613168,7
0.161557124615,-0.0131491974283,1.03268614408,0.50803259864,0.514088758247,-0.49709558519,-0.480116242745,8
0.161526642958,-0.0131680394152,1.03256985032,0.50791027228,0.514277226161,-0.496980378338,-0.480163090535,9
0.161580289978,-0.0132395245352,1.03241728213,0.506966920215,0.515538311238,-0.496938730813,-0.479850694771,10
0.16154927662,-0.0131791950846,1.03228302439,0.507920616411,0.514312953655,-0.497006894753,-0.480086429401,11
0.161640607793,-0.0138339873255,1.03155492394,0.51009812295,0.512753362516,-0.497837860284,-0.478582656455,12
0.16154147636,-0.0131952101765,1.03212205848,0.508101610426,0.51411400807,-0.497343914997,-0.479758866936,13
0.161525613293,-0.0132052215145,1.03191142781,0.507925673816,0.514117812485,-0.497164077265,-0.480127342526,14
0.161619964408,-0.0131384921736,1.0318605994,0.50785602682,0.513796180649,-0.496869278617,-0.48084993578,15
0.161578223443,-0.0131249005075,1.03183182214,0.508250642708,0.513218014836,-0.497365111851,-0.48053771855,16
0.161567106801,-0.0138091814038,1.03123993801,0.507640499398,0.515216908102,-0.497701335372,-0.478692011366,17
0.161367180101,-0.0139327467253,1.03106106485,0.510320377054,0.512520588718,-0.498429402296,-0.477978963795,18
0.161354811999,-0.0139534493377,1.03096041241,0.510213878718,0.512644744359,-0.49862542379,-0.477755011273,19
0.161145817239,-0.0132860978129,1.03142861043,0.508977561371,0.512720920143,-0.498261529278,-0.479368906491,20
0.161144884706,-0.0133255029025,1.03136723507,0.507634943865,0.514631022082,-0.498111653126,-0.478901300791,21
0.160950109236,-0.0133873633313,1.0313748042,0.508996439069,0.512643409605,-0.498940267846,-0.478725358348,22
0.160861897937,-0.0142060984821,1.03078977055,0.509425881852,0.513001888838,-0.500056654827,-0.476715507311,23
0.160969084923,-0.0134143403664,1.03150389773,0.506690540992,0.515953400569,-0.498728780618,-0.477835104919,24
0.16102212477,-0.0142147429302,1.03108408244,0.507232233249,0.51634121803,-0.499851729962,-0.475663175125,25
0.160855077501,-0.0142747941463,1.03117342495,0.507228393512,0.516077830757,-0.500509037338,-0.475261752048,26
0.160775313269,-0.0142913798881,1.03134838948,0.506973152796,0.516437427707,-0.500814265198,-0.474821732213,27
0.160683789058,-0.0142920166203,1.03134867389,0.508420842852,0.515045592865,-0.501160190228,-0.474420433324,28
0.160652498584,-0.0144068722395,1.0314549416,0.50694624381,0.516995165086,-0.501438445385,-0.473583140171,29
0.160592338532,-0.0143436232266,1.03161248997,0.508011619942,0.515874119673,-0.501530830316,-0.47356616528,30
0.160772147786,-0.0144769001043,1.03174587674,0.506435005055,0.518215054217,-0.501622293669,-0.472601119055,31
0.160401558032,-0.0145918257098,1.0319050184,0.506469462726,0.518063815709,-0.502143970595,-0.472175813626,32
0.160651619014,-0.0145735148189,1.03208616032,0.506338986576,0.51831106256,-0.50196867606,-0.472230792469,33
0.16051959064,-0.0145558831919,1.03233979358,0.507810784229,0.516683437367,-0.502540811218,-0.471825355436,34
0.160422986453,-0.0146164688621,1.03240462439,0.507327332884,0.516882724829,-0.50253766184,-0.472130410495,35
0.160390356813,-0.0147105827757,1.03264705515,0.506768255439,0.517543682228,-0.502886720734,-0.471634835837,36
0.160299667482,-0.0147053072815,1.03268219605,0.507399344503,0.516752620509,-0.502806785469,-0.47190885866,37
0.160279244438,-0.0146961942737,1.03282470616,0.507564308981,0.516704446219,-0.502455129877,-0.472158691508,38
0.160228833291,-0.0147460744517,1.03291540057,0.507553080599,0.516612278874,-0.502750024595,-0.471957663845,39
0.16009900107,-0.0147936622422,1.0330069166,0.507607264906,0.516419916784,-0.502977117318,-0.471867940868,40
0.160042922422,-0.014798497824,1.03310045129,0.507785675655,0.516074262694,-0.503037825102,-0.471989416726,41
0.159986513965,-0.0149185665627,1.03315755465,0.507123017893,0.516757299563,-0.503270760489,-0.471706137027,42
0.159963790184,-0.0148980784804,1.03320890284,0.507175382194,0.516794723757,-0.502901187643,-0.472002903233,43
0.159608049881,-0.0149043107854,1.03327742591,0.507409683667,0.515906930724,-0.503224825267,-0.472377208369,44
0.159264130135,-0.0150091789677,1.03326590304,0.506807859537,0.515530852904,-0.503822579161,-0.472796512194,45
0.159489469174,-0.0148689984421,1.03342250506,0.507339536219,0.515503344998,-0.502922695516,-0.47321417838,46
0.159416025056,-0.0148943248494,1.03342770174,0.507398017351,0.516228564767,-0.502606546759,-0.472696498889,47
0.159386476195,-0.0148273247663,1.03344619392,0.50739123341,0.515650663912,-0.502511880909,-0.473434619152,48
0.159047587022,-0.014908011044,1.03336481452,0.507831525585,0.514334983258,-0.503564976363,-0.473274741773,49
0.15902742591,-0.0147979866098,1.03351146918,0.50758789615,0.513882843396,-0.503505802212,-0.474089504297,50
0.159078264831,-0.0147718392319,1.03348423458,0.50687925895,0.51579637297,-0.502877249119,-0.473436364041,51
0.158962910514,-0.0147198716887,1.03346372413,0.506890067459,0.515531030744,-0.50298528083,-0.473599010893,52
0.158917060504,-0.0146432838296,1.03342650816,0.50707439462,0.515152296443,-0.502884544234,-0.473920673701,53
0.159019395106,-0.0145672126398,1.03333082606,0.507331954769,0.515205598091,-0.50273048136,-0.473750506571,54
0.158910608879,-0.0145495133461,1.03333231611,0.507010744438,0.515310033274,-0.50283361211,-0.473871325535,55
0.158797815154,-0.0144466013391,1.03328421451,0.507256219093,0.515357605936,-0.502427105906,-0.473988047789,56
0.158444934639,-0.0143832387075,1.03331954318,0.507179730758,0.514916279132,-0.502486153311,-0.474486682557,57
0.158369568914,-0.0142764991073,1.03340155372,0.507776856417,0.514270717875,-0.503085849888,-0.473912355258,58
0.158545006832,-0.0142129656431,1.03330121819,0.507682624528,0.514893920463,-0.502690594421,-0.473756023396,59
0.158311204017,-0.0141787116373,1.0332979687,0.50751849162,0.514301235488,-0.503002138463,-0.474244734858,60
0.158261695465,-0.014104198786,1.03330065124,0.507398341914,0.514558286205,-0.502630401967,-0.474488536995,61
0.157903383363,-0.0140415091825,1.0333715517,0.50761561701,0.51381008929,-0.50261351748,-0.47508444466,62
0.157816819677,-0.013927203727,1.03337668448,0.50757510203,0.513786870925,-0.502713237488,-0.475047332293,63
0.157716608153,-0.0137397614397,1.03341639014,0.506615050464,0.515001144354,-0.502365952529,-0.475124680161,64
0.157407646284,-0.0136940900737,1.03332605629,0.506562425158,0.514317989564,-0.50261880496,-0.475653079386,65
0.157325089685,-0.0136025897152,1.0332930274,0.506596082924,0.514513252852,-0.50197630597,-0.476084351403,66
0.157249402091,-0.013495825543,1.03328105573,0.506554136233,0.514567956642,-0.501823657181,-0.476230765654,67
0.157108664769,-0.0134194465684,1.03310798222,0.506231327917,0.514452644859,-0.501539926785,-0.476996877007,68
0.157114045982,-0.013431667331,1.03300177613,0.508112426583,0.512833377407,-0.50199138286,-0.476264989794,69
0.156862834762,-0.013163877747,1.03312115799,0.506404039687,0.51391100753,-0.501540877684,-0.477396243115,70
0.156673920437,-0.0129871156992,1.03319396855,0.506045096687,0.51388528636,-0.501275525358,-0.478082754613,71
0.156957960591,-0.0131343112803,1.03310772103,0.507370019205,0.513654963692,-0.501504956696,-0.476683354331,72
0.156821204631,-0.0129307935824,1.03318313321,0.50677920125,0.513973961773,-0.50120091315,-0.477287389795,73
0.156696953596,-0.0127706498056,1.03317742173,0.507428577905,0.513514279968,-0.500828026274,-0.47748362348,74
0.156463998231,-0.0126767852336,1.03303264241,0.507414316792,0.513314010401,-0.500712366563,-0.477835289416,75
0.156383423394,-0.012534140598,1.03312172419,0.507982065778,0.512684349132,-0.500582218199,-0.478044372236,76
0.156428663709,-0.0125737449177,1.0330942759,0.507387877004,0.513282525642,-0.501186332216,-0.477400095873,77
0.156284288325,-0.0119025663446,1.03351469948,0.50590123353,0.515751597862,-0.499803890096,-0.477765949667,78
0.156197415397,-0.0117685322258,1.03353053425,0.505867543432,0.515743144617,-0.499662355053,-0.477958751595,79
0.156078346639,-0.0116638706566,1.03349193279,0.505856487872,0.515520951997,-0.499360944437,-0.478524825794,80
0.15610644001,-0.0121915311264,1.03312913935,0.508126212188,0.511489829781,-0.499301142028,-0.480504189459,81
0.155646021777,-0.0119700439708,1.0332821774,0.507558095751,0.511292022587,-0.499239131281,-0.481378787311,82
0.15558184278,-0.0119026350612,1.03328877506,0.506631609352,0.512197655021,-0.499373833632,-0.481252271559,83
0.155384021762,-0.0115949956647,1.03324479018,0.506646524618,0.512655852092,-0.499829946661,-0.480274193382,84
0.155268186413,-0.0114844644787,1.03325147116,0.506734102922,0.512495021218,-0.499756407502,-0.480429948404,85
0.155243457589,-0.0114184710436,1.03325947066,0.507500003268,0.512025372409,-0.499971713788,-0.479897958013,86
0.155388120061,-0.0111780554365,1.03339192788,0.50723123131,0.512964681185,-0.499224607609,-0.479956774093,87
0.155385080516,-0.0111388293184,1.03331813317,0.505643506126,0.515391929374,-0.49879919301,-0.479473845899,88
0.155210542064,-0.0109147047064,1.03342019005,0.506952532944,0.513145116066,-0.498979960739,-0.480312625255,89
0.154804352453,-0.0108433450943,1.03337496816,0.506859941797,0.512003230098,-0.499490118572,-0.481098028701,90
0.154833988626,-0.0106912271086,1.03337308751,0.506915559943,0.512536722719,-0.49894795489,-0.481033950219,91
0.154749653776,-0.0105556460714,1.03339609081,0.506777660545,0.512838341386,-0.498765219943,-0.481047288479,92
0.154599020234,-0.01045688505,1.03340687279,0.50677047745,0.512744217116,-0.498744353906,-0.481176807884,93
0.154818204887,-0.0104032862046,1.03337197828,0.505516673864,0.514583925724,-0.498595483037,-0.480685781075,94
0.154699532816,-0.0102940398145,1.03336377184,0.505496091799,0.514572430911,-0.498577947947,-0.480737916481,95
0.154548343352,-0.0101880684018,1.033372647,0.505476550989,0.51450744087,-0.498618704387,-0.48078574992,96
0.154403209077,-0.00997725866012,1.03339624732,0.506269072317,0.512143103781,-0.498942343751,-0.482138574765,97
0.154304641672,-0.00981346539808,1.03340959644,0.506004005021,0.512390728601,-0.498953168235,-0.482142535,98
0.154144696852,-0.00977804315933,1.03334870007,0.506084073565,0.511860134957,-0.49962491408,-0.481926403049,99
0.154092127082,-0.00958380766622,1.03334807856,0.505864399205,0.512331258031,-0.499520343803,-0.48176479509,100
0.153937965971,-0.00953618399429,1.03337197825,0.505782808834,0.512157284375,-0.499771537471,-0.481774923262,101
0.153862787014,-0.00937488647507,1.03336392612,0.505639368189,0.5123187107,-0.499784124213,-0.481740798758,102
0.153678607518,-0.00932680937846,1.0334232989,0.505881717784,0.512789118743,-0.499765204829,-0.481004934852,103
0.153575518612,-0.00924064036051,1.03336216834,0.505488508357,0.51297477095,-0.499509959866,-0.481485256557,104
0.153378653537,-0.00916355368631,1.03339976006,0.506761094913,0.512128620106,-0.499459757614,-0.481100217911,105
0.153520903079,-0.00910700162836,1.03342896609,0.507091081449,0.511963812181,-0.499640031645,-0.480740604599,106
0.15343103455,-0.00903248132064,1.033458227,0.506790775897,0.512131601545,-0.499675388643,-0.480841801582,107
0.15335888597,-0.00890836515706,1.03350429937,0.50707346844,0.511753150069,-0.499545088315,-0.481082025998,108
0.153002807617,-0.00875835145774,1.03362636244,0.505828752147,0.512665090964,-0.499298642701,-0.481676907694,109
0.15335729897,-0.00768436887121,1.03440350817,0.504247837788,0.5165736759,-0.497065263287,-0.48146846157,110
0.153050833137,-0.00855632380168,1.03366052987,0.505666448441,0.512779866761,-0.499407723826,-0.48161206022,111
0.153062605721,-0.00741216373671,1.03461194348,0.503982791518,0.515441218985,-0.497546285119,-0.482461801378,112
0.153158075161,-0.00820214124861,1.0340765651,0.505959780265,0.513122015917,-0.497456908465,-0.482956645835,113
0.15287770942,-0.00699977096176,1.03480376548,0.505027432261,0.513302373817,-0.49585546822,-0.485381623399,114
0.15278751644,-0.00789585769935,1.03426907668,0.506255987895,0.51281383242,-0.496795011451,-0.483654385482,115
0.152582621611,-0.00647503853581,1.03508157163,0.503278861761,0.515368308782,-0.496979629082,-0.48385653027,116
0.15253825672,-0.00635234710259,1.03513769126,0.503101518225,0.51557320164,-0.496771352531,-0.484036526944,117
0.152461388762,-0.00639349266984,1.03510349582,0.503661915019,0.514739054347,-0.497199519925,-0.483901868849,118
0.152520537505,-0.00638353270411,1.03521844394,0.502839615681,0.516129390287,-0.496349188526,-0.484149002305,119
0.152460287347,-0.00628243610542,1.03528917339,0.503480913931,0.515012000405,-0.496565700766,-0.484450321053,120
0.152378801552,-0.00626377938357,1.03531532177,0.503079598345,0.515742438418,-0.496457036289,-0.484201472595,121
0.152306371718,-0.00610261254223,1.03536560516,0.503435792871,0.515478411736,-0.496213688396,-0.48436183266,122
0.152317689367,-0.00602242721805,1.0354224992,0.503462862204,0.515619425988,-0.496094325373,-0.484305868495,123
0.152330482536,-0.00604813437879,1.03543904842,0.502694682321,0.516118521607,-0.49634031075,-0.484320166775,124
0.152164533231,-0.00589915860187,1.03558871217,0.502594632298,0.515374900387,-0.496625080662,-0.484923578405,125
0.15219026623,-0.00595145101165,1.03555100215,0.502545210699,0.51590707341,-0.496678660404,-0.484353704547,126
0.152123800562,-0.0058653851353,1.03556491603,0.503031119172,0.515512558385,-0.496582752136,-0.484367696666,127
0.152146644969,-0.00560136394434,1.0356789576,0.503153960337,0.515906238537,-0.495730696726,-0.484693636805,128
0.152122946924,-0.00555121005283,1.03571386744,0.503205009172,0.51559723499,-0.495796930178,-0.484901653988,129
0.152071799568,-0.00549338849907,1.0357230669,0.503032049088,0.515691546454,-0.495808408552,-0.484969079958,130
0.152048433447,-0.0054213255623,1.03575401339,0.502955626936,0.51567708163,-0.495888718484,-0.484981611708,131
0.152151620037,-0.00537380081982,1.0358088844,0.502801903639,0.515807483832,-0.496119609978,-0.484766147658,132
0.1520626223,-0.00532056511061,1.03577786598,0.502846191184,0.515807770003,-0.49566310503,-0.48518670502,133
0.152085026882,-0.00523128079399,1.03569523725,0.502470264101,0.516085860573,-0.495421071682,-0.485527527484,134
0.152073334024,-0.00521360681317,1.03583251414,0.502986889543,0.515658075675,-0.49565317055,-0.485210132276,135
0.152091909252,-0.00516630316294,1.03588847005,0.502904242842,0.515445244365,-0.495789656439,-0.485382466887,136
0.152122353444,-0.00506707177919,1.03596782657,0.502776820094,0.515780173132,-0.495642251656,-0.485309221583,137
0.152160757822,-0.00501125127141,1.03602090073,0.502754654816,0.515654729624,-0.495543625654,-0.485566135506,138
0.152197062426,-0.00492322031064,1.03606865546,0.502624634627,0.515774136007,-0.495432785059,-0.48568701113,139
0.152194586077,-0.00489625852972,1.03608868481,0.502751643953,0.515599765617,-0.495449245536,-0.48572390439,140
0.152337308627,-0.00499809294748,1.0360280295,0.504146389282,0.514658622165,-0.496050465827,-0.484661589316,141
0.152387142331,-0.00495544058095,1.03606915974,0.504161623183,0.514663983489,-0.495994703104,-0.484697118108,142
0.152425239001,-0.00489385812509,1.03609886227,0.504012041139,0.515032594147,-0.495909492879,-0.484548309486,143
0.152812851526,-0.00489897766883,1.03625825422,0.504509765506,0.51455686671,-0.493756440211,-0.48672960171,144
0.152839585546,-0.0049149205731,1.03632019799,0.50448859904,0.514332655771,-0.493964999244,-0.486776901843,145
0.152670258133,-0.00489787723313,1.03643821772,0.504395806769,0.513525649965,-0.494599701623,-0.487080498579,146
0.152368194723,-0.00459359440199,1.03641327855,0.502235466679,0.515487704692,-0.4952783051,-0.486550473043,147
0.152737527829,-0.00463907804933,1.03656950941,0.501365136816,0.517180527044,-0.495082642752,-0.485850263844,148
0.152614900532,-0.0045020691796,1.03660110798,0.502440683616,0.515115262353,-0.496244258249,-0.485748146772,149
0.152655131196,-0.00455989071988,1.03660021619,0.502320508285,0.515825472082,-0.495132418948,-0.486253099747,150
0.152748573117,-0.00454875304293,1.03665996449,0.50240977884,0.515901318597,-0.495045162026,-0.486169241263,151
0.152953793904,-0.00469104647633,1.03663195264,0.503679584586,0.515166059261,-0.495443254885,-0.485228594216,152
0.153078476589,-0.00469940916091,1.0367174864,0.503648979857,0.515216540885,-0.495324788574,-0.48532769848,153
0.153177821002,-0.00469965311483,1.03684348621,0.504055040645,0.51480287525,-0.49554186575,-0.485123463588,154
0.153291452043,-0.00474487027668,1.03688552492,0.504341841248,0.514555148781,-0.495272164405,-0.485363563935,155
0.153453003136,-0.00471350812412,1.03689458604,0.504513576779,0.514667005855,-0.49495166243,-0.485393423717,156
0.153522670933,-0.00472937905338,1.03695724782,0.50468945334,0.514565718148,-0.494925691577,-0.485344452128,157
0.153488496639,-0.0046749118189,1.03703553293,0.502836536321,0.515582208622,-0.49443588953,-0.486686300442,158
0.153566291369,-0.00470263490175,1.03706076542,0.502834670093,0.515256961783,-0.494557812943,-0.486908746628,159
0.153798457298,-0.0047747597011,1.03713473317,0.503154538671,0.514690096476,-0.494961239022,-0.486767898151,160
0.15390313856,-0.00484733644753,1.03711738524,0.502534732015,0.51596677855,-0.494866728281,-0.486152288683,161
0.154005418644,-0.00486687187425,1.03717239058,0.502574577434,0.515926444715,-0.495033334361,-0.48598425451,162
0.154085718971,-0.00493116054824,1.03721560823,0.502745625125,0.515985171093,-0.494872366525,-0.485908922,163
0.15418420656,-0.00493827184462,1.03730090425,0.50312508,0.515411049337,-0.494947356295,-0.486049090723,164
0.154317279449,-0.00488743202917,1.03734837692,0.503089721238,0.516180939308,-0.494565329151,-0.485657395168,165
0.154537545368,-0.00497930628939,1.03733312422,0.505334927467,0.514106792921,-0.495300487037,-0.484776488802,166
0.154615124428,-0.00495467622844,1.03741358154,0.504133842981,0.515254430004,-0.49485108152,-0.485267295252,167
0.154747345239,-0.00473852982747,1.03762578773,0.503369149332,0.515583703371,-0.494477605363,-0.486091392758,168
0.155010918031,-0.00496074025957,1.03758641207,0.504612579923,0.515046815806,-0.494984831086,-0.48485352294,169
0.155251302637,-0.00508463435131,1.03761933182,0.503456076933,0.516472105644,-0.495009972563,-0.484513848877,170
0.155225004049,-0.00486422959435,1.03775487399,0.503473305078,0.516034940547,-0.494408095543,-0.485575129378,171
0.155345317992,-0.00502277653738,1.03773812299,0.504344836541,0.5150704328,-0.495122290833,-0.484966650637,172
0.155460995641,-0.0050975442905,1.03777937766,0.504605672535,0.515065213478,-0.495109889301,-0.484713460332,173
0.155657275605,-0.00517806366724,1.03781972472,0.503826110577,0.515834954125,-0.49540472244,-0.484404491503,174
0.155755336221,-0.005244054282,1.03772210152,0.504655445721,0.514806885519,-0.495594903527,-0.484440340315,175
0.155892765704,-0.00515864751929,1.03795691654,0.502946891249,0.515956475698,-0.495315085978,-0.485279615656,176
0.15616996605,-0.00531136577436,1.03766306173,0.505084705651,0.515064367412,-0.495331873981,-0.483988090926,177
0.156247247425,-0.00512460481214,1.037798506,0.503413493826,0.516417874363,-0.49455828913,-0.48507683095,178
0.156471340666,-0.00524061258045,1.03781266533,0.503844432827,0.516595612608,-0.494459223398,-0.484540851672,179
0.156589703566,-0.00536852990002,1.03772904521,0.503834701496,0.515821546006,-0.495151582345,-0.484668584443,180
0.156825296819,-0.00568458252359,1.03757251449,0.504900078668,0.515578305711,-0.495954146984,-0.48299524359,181
0.156982389002,-0.00572634726771,1.03757065124,0.504503606197,0.516322010187,-0.495787526508,-0.482786103454,182
0.157326256627,-0.0053897301481,1.03789306661,0.503503906403,0.51760201216,-0.494596773826,-0.483679650766,183
0.157442376568,-0.00565840339628,1.0376941062,0.504528792543,0.517179980247,-0.494786656457,-0.482868232667,184
0.157618987443,-0.00569932066501,1.03772784752,0.504484949342,0.516989633612,-0.494830864358,-0.4830725311,185
0.157724074533,-0.00581888597553,1.03782342711,0.504776653429,0.516292487866,-0.495591420641,-0.482733612786,186
0.158156106448,-0.0057432768273,1.03799914585,0.505140912664,0.516938329181,-0.494757807651,-0.482516459766,187
0.158023659926,-0.00587818103481,1.03791258123,0.505734711099,0.516054201876,-0.495296086858,-0.48228855373,188
0.158522297608,-0.00582257565453,1.03816105764,0.505535108107,0.516849103615,-0.494873090364,-0.482080784722,189
0.15843726498,-0.00591345922698,1.03802557825,0.504951510972,0.517321049963,-0.494623401777,-0.48244232116,190
0.158580778378,-0.00593190358249,1.03815610766,0.505056103556,0.517186062759,-0.494702846031,-0.482396105786,191
0.158734644984,-0.00582499906979,1.03829502133,0.503985816265,0.517591108184,-0.494903566345,-0.482874933862,192
0.15882770373,-0.00588388086192,1.03840851843,0.504189008784,0.517161704384,-0.495289743383,-0.482726925954,193
0.159207976219,-0.00612327161398,1.03838535736,0.506076012758,0.51667261671,-0.495685592607,-0.480866166137,194
0.159335452682,-0.00615048109394,1.03836627828,0.505584810015,0.517176402388,-0.495715907661,-0.480810053542,195
0.159365242237,-0.00613478894321,1.0385369059,0.504165212557,0.518116837929,-0.495376163665,-0.481637661707,196
0.159659484186,-0.00624965377004,1.03858057872,0.505642592986,0.517338867614,-0.495794591863,-0.480493274556,197
0.159778219571,-0.0062941259712,1.0385987066,0.505458652179,0.517181902426,-0.495721762662,-0.480930727614,198
0.159932908487,-0.00634520245875,1.03867670628,0.50545868174,0.517096021446,-0.495852526548,-0.480888238132,199
0.160109828298,-0.00645211583336,1.0387852614,0.503327121747,0.520313505849,-0.495636720814,-0.479874884866,200
0.160192562777,-0.00660684441841,1.03887064807,0.503919405771,0.519220863607,-0.496340943739,-0.479708864678,201
0.160339723254,-0.00650814313496,1.03894963731,0.503947823777,0.519309289463,-0.496021145206,-0.47991403011,202
0.160504063134,-0.00654982014894,1.03911128954,0.503784179924,0.519606251909,-0.495799316786,-0.479993625489,203
0.16063065753,-0.00658105562546,1.03928952131,0.504425606976,0.519133524783,-0.496424062923,-0.479185079301,204
0.16077253434,-0.00664436574744,1.03926271261,0.503294537199,0.520210391171,-0.496100174008,-0.479541838729,205
0.160693936145,-0.00670126987898,1.03915108427,0.503790830005,0.519406760629,-0.496460777598,-0.479518626252,206
0.160806851856,-0.00679168466171,1.03925061455,0.503143485663,0.520051593283,-0.496545402477,-0.479411760846,207
0.160956987459,-0.00677217933955,1.03929452337,0.503759255566,0.519471275736,-0.496417463751,-0.479526753997,208
0.161208272286,-0.00682995816865,1.03955402968,0.503822676751,0.519334943667,-0.496992261547,-0.479012127863,209
0.161331171744,-0.00686104643829,1.03957849905,0.504138080002,0.518957267099,-0.497041339743,-0.479038680905,210
0.161563576748,-0.00697856655548,1.03950513189,0.505033721716,0.518418402514,-0.49716758626,-0.478547480441,211
0.161667793391,-0.00702478880478,1.03950676208,0.504963154017,0.518351337366,-0.49710851122,-0.47875592133,212
0.16181277856,-0.00704261850383,1.03951728559,0.50496904859,0.518567368791,-0.496916540221,-0.478715046813,213
0.16198702256,-0.00707748405933,1.03952955766,0.505114072772,0.51847171901,-0.496780883456,-0.478806436785,214
0.162109037073,-0.00706047942738,1.0394288027,0.505683762276,0.518443422565,-0.496106778718,-0.478934665982,215
0.162332573582,-0.00705847592348,1.03947156255,0.506318931307,0.51706625587,-0.496173408269,-0.479682786607,216
0.162486883792,-0.00710858821318,1.03935922105,0.506510236506,0.516960278697,-0.49605891945,-0.479713455094,217
0.162461099542,-0.00703660641755,1.03947185051,0.504859061453,0.518025845778,-0.495885542743,-0.480483173143,218
0.162662802965,-0.0071802398711,1.03947377586,0.504937474795,0.517798960849,-0.495964561133,-0.480563769745,219
0.162913114935,-0.00733864230463,1.03942450547,0.50708980055,0.516323570974,-0.496621380042,-0.479204663082,220
0.162974173409,-0.00741021326208,1.03933846863,0.506897177077,0.516185264638,-0.496296960529,-0.479893062475,221
0.163136732098,-0.00735845695565,1.03932969674,0.506858031609,0.516382615925,-0.496142264511,-0.479882051269,222
0.163087767558,-0.00729995297449,1.03927962269,0.506131437402,0.517355553471,-0.49553118044,-0.480232286064,223
0.16321626715,-0.00723896841472,1.03945572012,0.504587996054,0.518791875058,-0.495738286748,-0.480093215599,224
0.163248695862,-0.00729894451124,1.03956300998,0.504953575028,0.51849242833,-0.496030349948,-0.479730529319,225
0.16313279161,-0.007357676564,1.03947334678,0.504930503411,0.518344807393,-0.496171504003,-0.479768367016,226
0.163333757858,-0.00741292787467,1.039493215,0.504303048335,0.519274659731,-0.495684850087,-0.479925819889,227
0.163484109147,-0.00740879565485,1.03965499226,0.504817967159,0.518514224538,-0.496301872627,-0.479568837824,228
0.163571480409,-0.00742397284599,1.03960197533,0.504243745078,0.519068319707,-0.495859168832,-0.480031259098,229
0.163425839495,-0.00749319869374,1.03958942039,0.504943608467,0.518366320413,-0.496290903731,-0.479607807488,230
0.163489858484,-0.00750027455303,1.03959118596,0.504793336398,0.518514713625,-0.496423402788,-0.479468439469,231
0.163541114538,-0.00755978554248,1.03950610569,0.504911211201,0.518691765248,-0.49629457885,-0.479286148842,232
0.16361381391,-0.00758522901746,1.03958911421,0.504938516863,0.518516385495,-0.49634203308,-0.479397995782,233
0.163674492423,-0.00760023384731,1.03956235384,0.505067715253,0.518606234385,-0.496271611815,-0.479237586143,234
0.1637224031,-0.00757783169997,1.03952019002,0.504783247853,0.518884005774,-0.496246975501,-0.479262141782,235
0.164002571184,-0.00758098347173,1.03953442529,0.504223146606,0.519365689471,-0.495745294503,-0.479848832452,236
0.164037930259,-0.00761098391137,1.03950043216,0.504268973068,0.519445118398,-0.495623780375,-0.479840223512,237
0.163851500696,-0.00769992858873,1.03944677844,0.504944048892,0.518587397315,-0.496323606252,-0.479334430968,238
0.163921869944,-0.00780396805747,1.03938840492,0.503962417269,0.520044961047,-0.496175796818,-0.478941227211,239
0.16401600129,-0.00772222184443,1.03941992937,0.505004709405,0.518429324458,-0.496254410352,-0.479513127272,240
0.164037598537,-0.00775959609724,1.03940221483,0.505096532263,0.518335094317,-0.496206353772,-0.479568011414,241
0.164091009514,-0.00784539388863,1.03939391043,0.504217399875,0.519671434219,-0.496037155751,-0.479221821535,242
0.164304188457,-0.00781509738927,1.03948628282,0.505285168035,0.518518425803,-0.495916186376,-0.479471247475,243
0.164114022586,-0.00789606429055,1.03936956929,0.50444016921,0.519322126377,-0.495885102776,-0.479523314956,244
0.164199220369,-0.00789675863847,1.03936560557,0.50542006553,0.518212520942,-0.495956426866,-0.479618143056,245
0.164236608921,-0.00788779646596,1.03937448667,0.50540458093,0.518477902158,-0.495695939905,-0.4796169406,246
0.164272053504,-0.00792120580915,1.03935525103,0.50546049734,0.518264538892,-0.495707874754,-0.479776256459,247
0.164276237163,-0.00794024083025,1.03924826734,0.504985347502,0.518498360921,-0.495331985604,-0.48041177397,248
0.164250686386,-0.00801376091829,1.03919450471,0.505181181839,0.518248542433,-0.495425847396,-0.480378654307,249
0.16427426044,-0.00808350319333,1.03922881478,0.505061566339,0.518778688719,-0.495627730162,-0.479723503105,250
0.164284232514,-0.00809870629468,1.03920822535,0.505366228969,0.518352977362,-0.49558936929,-0.479902430213,251
0.164303442084,-0.00819888913302,1.03914186121,0.5050666918,0.518601810572,-0.495603533788,-0.479934304047,252
0.164316264673,-0.00817460837164,1.03913998023,0.505126231981,0.518560726991,-0.495581715199,-0.479938564555,253
0.164297328018,-0.0081253133346,1.03911925534,0.505822553937,0.517713711266,-0.495453752492,-0.480251638454,254
0.164288395289,-0.00813539173841,1.03912778305,0.505877009437,0.517671252526,-0.495494356581,-0.48019815517,255
0.164294363317,-0.00818000969128,1.03909254339,0.505982825297,0.517558953375,-0.495427103717,-0.480277102502,256
0.164493249892,-0.00816251697983,1.03918042446,0.505996382507,0.518112615722,-0.495158712604,-0.479942525363,257
0.164476323007,-0.00819517023149,1.03918403295,0.506032617442,0.517830618869,-0.495249965895,-0.480114477523,258
0.164314863851,-0.00841374801901,1.03907094788,0.506715944237,0.516327749629,-0.496440329348,-0.479782874033,259
0.164323455112,-0.0083715727071,1.03904488628,0.506518886013,0.516693863176,-0.496215835552,-0.479829047073,260
0.164320705984,-0.00840354455664,1.03902383442,0.506366192647,0.51662165752,-0.496348233583,-0.479931008526,261
0.164301153415,-0.00843748666933,1.03897386758,0.506581893624,0.516537431623,-0.496245414449,-0.47990035989,262
0.164263867824,-0.00847858116459,1.03897550878,0.506632278407,0.515728780773,-0.496690426289,-0.480256368612,263
0.164352305545,-0.00829870928122,1.03897209124,0.506083510136,0.517438579413,-0.495370971309,-0.480358614046,264
0.164109860423,-0.00838074389331,1.03883677246,0.505353879136,0.517850447359,-0.495639143912,-0.480406296831,265
0.164076191358,-0.00837835088994,1.03884061494,0.505557809903,0.517682553578,-0.495622992535,-0.480389346091,266
0.164002863575,-0.00838740500832,1.03880290709,0.505842819157,0.517066708899,-0.495748262559,-0.480623263092,267
0.164078304799,-0.00833718743651,1.03879517019,0.505878800003,0.517577984687,-0.495373654252,-0.48042128611,268
0.164240707167,-0.00832566727067,1.0389041304,0.505936803996,0.517849215252,-0.495207789457,-0.480238884188,269
0.164020008048,-0.00836698055066,1.03880676669,0.50602521607,0.517201014658,-0.495539316009,-0.480502213759,270
0.163931052851,-0.00838076967135,1.03875442325,0.505921136068,0.517815378037,-0.495220327818,-0.480278945264,271
0.163798783078,-0.00836076452686,1.03882445118,0.505918182236,0.516870931595,-0.495875957113,-0.480622791919,272
0.163789504242,-0.0084367667663,1.03880542156,0.506078440599,0.517045081796,-0.495773485094,-0.480372404317,273
0.163655474772,-0.00841030095693,1.03882512289,0.505843942922,0.516905590795,-0.496018381084,-0.480516681542,274
0.16360174108,-0.00838080586497,1.03884790557,0.505779127995,0.516907580567,-0.496155987132,-0.480440696934,275
0.163487747245,-0.00843815485727,1.03882055384,0.505500705852,0.517008801847,-0.496295504728,-0.480480704276,276
0.16341879774,-0.0084630675562,1.03871021817,0.50473010928,0.517434578912,-0.496129369949,-0.481003764648,277
0.16339823293,-0.00844880449138,1.03871283753,0.505236819058,0.516374081661,-0.496501185386,-0.481227739607,278
0.163253308541,-0.00847288740828,1.03866917075,0.505181227336,0.516792075329,-0.496389679957,-0.480952351129,279
0.163242070177,-0.00853074197309,1.03862195796,0.504279219528,0.51790646932,-0.496487079461,-0.480599560671,280
0.163167496583,-0.00847585229647,1.03864762002,0.505159369373,0.516417743535,-0.496745278861,-0.481010242745,281
0.163079373272,-0.00854298485759,1.03859467538,0.50458865737,0.517263961817,-0.496781500006,-0.480662482321,282
0.16300813457,-0.0085330716865,1.03860169985,0.504239546953,0.517670067962,-0.496873204417,-0.480496824919,283
0.16291840623,-0.00846577521916,1.03863681634,0.505090548125,0.516443529089,-0.497038845581,-0.480751500716,284
0.162870461022,-0.00842465366374,1.03862586048,0.505067866502,0.516556648753,-0.497172138008,-0.480515914455,285
0.16282112818,-0.00847786727587,1.03860920781,0.504544801208,0.517014508456,-0.497510731383,-0.480222462801,286
0.162755883468,-0.00842427862787,1.03866928612,0.504883683771,0.516936690083,-0.49743752184,-0.480025870317,287
0.162703209738,-0.00838708228318,1.03856234193,0.505121251801,0.516194664494,-0.497452093381,-0.480559053726,288
0.162649230148,-0.00833077834005,1.0385378242,0.504932691871,0.516475706231,-0.497435907806,-0.480471996248,289
0.162743563981,-0.00828562575534,1.03858480428,0.504842916675,0.516877781621,-0.497268874046,-0.480306834487,290
0.162720963903,-0.0083276028989,1.03858384853,0.505187070398,0.51594669169,-0.497622380825,-0.480579859481,291
0.16256424683,-0.00823897586359,1.03852284007,0.504550641099,0.517223131008,-0.497161679829,-0.48035314866,292
0.162554904941,-0.0081517772119,1.03849147488,0.504737524721,0.516547786409,-0.497533057006,-0.480498983017,293
0.162476628098,-0.00837842128297,1.03820108377,0.504286579986,0.518502116423,-0.497267182963,-0.479140844909,294
0.16242892256,-0.00812727637364,1.03827871272,0.50595396667,0.515405603635,-0.497589613361,-0.480387576887,295
0.162331002528,-0.00813042715044,1.03816429478,0.506040706018,0.515226556307,-0.497835886696,-0.480233099075,296
0.162278580525,-0.00810842428018,1.03812139703,0.506133432542,0.51514583651,-0.497889798229,-0.480166080028,297
0.162195093222,-0.00805714693363,1.03806121209,0.506048927244,0.515186100428,-0.498181178222,-0.479909656942,298
0.162004675531,-0.00784077542021,1.03815097536,0.504382652998,0.51642361415,-0.497735824199,-0.480795007682,299
0.161909400888,-0.00779202087423,1.03818142005,0.504429815329,0.516349050339,-0.497979263064,-0.480573483641,300
0.16198585747,-0.00784992996869,1.03803750169,0.503985486712,0.517970377182,-0.497645392157,-0.479639845311,301
0.16167123032,-0.00781940853524,1.03802552368,0.504560717535,0.516854815176,-0.498138273625,-0.479726841754,302
0.161775582578,-0.00779350389835,1.03788659296,0.50567292011,0.516382088578,-0.497936886482,-0.479273714638,303
0.161753381695,-0.00773547176878,1.03788103612,0.505829597509,0.515440887035,-0.498444923284,-0.479593336806,304
0.161731691942,-0.00762144132546,1.03772025035,0.505597491566,0.515934223759,-0.497746709058,-0.480032568581,305
0.161654291844,-0.00752127405468,1.03779448336,0.505868489272,0.515610564971,-0.498130688735,-0.479696397519,306
0.161535784955,-0.0074899455457,1.03776918536,0.505952601866,0.515326684631,-0.498377918836,-0.479655942097,307
0.16148816193,-0.00746473452495,1.03776743476,0.505992649085,0.515368362094,-0.498294811012,-0.479655263438,308
0.161366777538,-0.00740188459545,1.03763350514,0.505167274417,0.51708267465,-0.497483106059,-0.479522774872,309
0.161111220639,-0.00733046758374,1.0377239769,0.503680134915,0.517819051532,-0.498038871205,-0.479715576494,310
0.161043883594,-0.00725043141143,1.03783144346,0.504304953802,0.517406013481,-0.498328550489,-0.479203700477,311
0.160887114131,-0.00718722898926,1.03788785665,0.504104227775,0.517075272232,-0.498695546748,-0.479390072946,312
0.160792051903,-0.00710640551466,1.03783359359,0.50375595292,0.517191881352,-0.498483988937,-0.479850195932,313
0.160820485632,-0.00704905017872,1.0378521357,0.50394532432,0.517386525563,-0.498528044411,-0.479395538357,314
0.160727912982,-0.00698789598396,1.03781163711,0.503751720373,0.517796599046,-0.498504686218,-0.479180513018,315
0.160573878537,-0.00694848733509,1.03781121326,0.503944092571,0.517291235176,-0.498603628771,-0.479421058099,316
0.160365396495,-0.00690910571435,1.03780014494,0.503933924656,0.516624810204,-0.499148007369,-0.479583852733,317
0.160464190561,-0.00683911304607,1.03785358441,0.503950225058,0.516712324199,-0.498980140424,-0.479647124611,318
0.160333999784,-0.00676391522491,1.03767342477,0.502756240604,0.517983895607,-0.498751957853,-0.479765912673,319
0.160271669743,-0.00665691598402,1.03770625328,0.503256178714,0.517245150189,-0.498716825911,-0.480075203219,320
0.160163792976,-0.00666924478215,1.03774368504,0.503675198849,0.516557865979,-0.499352944572,-0.479714396184,321
0.160150437471,-0.00662491455938,1.03766497159,0.502751160546,0.517596130818,-0.498882511456,-0.480053909155,322
0.160060020858,-0.00655116552261,1.03773471123,0.503259766139,0.517089661626,-0.49928686523,-0.479646240301,323
