1440710639,92344766,3.0333015,-1.23499363645,0.345845818589,0.0580170980298,0.0507375174455,0.439496157082,0.894931756376,0
1440710639,317434620,3.00958606458,-1.21814005189,0.323965389626,0.186936407903,0.114346116539,0.428495550742,0.876567914098,1
1440710639,350746530,3.00960534958,-1.21781745687,0.323713455383,0.185470514337,0.115160470377,0.426386389184,0.877800319829,2
1440710639,425688806,3.00952534742,-1.21820022188,0.323928796052,0.186974799204,0.114558835876,0.428593069713,0.876484271496,3
1440710639,358890443,3.00961587353,-1.21786621914,0.323749119352,0.185676532745,0.114950409605,0.426504887686,0.877726728144,4
1440710639,442396098,3.00954559372,-1.21822075492,0.323930436125,0.186951380209,0.114039198584,0.42872894101,0.876490580534,5
1440710639,458864319,3.00952307539,-1.21825264328,0.323939250481,0.186989117635,0.113997327238,0.428533874148,0.876583366244,6
1440710639,375737068,3.00960385996,-1.21791843862,0.323737391307,0.185866450161,0.114662900864,0.426774169732,0.877593237166,7
1440710639,475718769,3.00957887264,-1.21797635214,0.323723484367,0.185813710836,0.114558451164,0.42687601627,0.877568511779,8
1440710639,383920578,3.00960789149,-1.21790074112,0.323724263678,0.185693147093,0.114780271835,0.42677138209,0.877615936357,9
1440710639,467602238,3.00950370872,-1.21821630485,0.323916385477,0.187057926883,0.114386915299,0.428653619447,0.876459377344,10
1440710639,508823395,3.00951194116,-1.21826523551,0.323950750423,0.186996257443,0.113893268579,0.428661230441,0.8765330984,11
1440710639,400764767,3.00957676696,-1.21791444914,0.323711557728,0.185609343823,0.115214857808,0.427028173954,0.877451791653,12
1440710639,483854373,3.00953414598,-1.21797592801,0.323733885172,0.185760148283,0.114649889941,0.42671355512,0.877646917572,13
1440710639,492183080,3.00956637427,-1.21802843805,0.323761639479,0.185850525657,0.11467990207,0.427013423387,0.877477998825,14
1440710639,525672462,3.00949005472,-1.21828065595,0.323923289474,0.187201369572,0.114041596866,0.428974135571,0.876316924649,15
1440710639,533933711,3.00951049088,-1.2182846384,0.323936668372,0.187119925196,0.113932518811,0.428785941768,0.876440603175,16
1440710640,425791823,3.00953471123,-1.21852321212,0.32370543853,0.186855444785,0.114542523725,0.42766538724,0.876964862221,17
1440710640,892396732,3.03303473605,-1.23531128962,0.345590760349,0.0567588910412,0.0501223058301,0.438404966434,0.895582083425,18
1440710641,920301,3.03338669968,-1.234558145,0.345158025874,0.0641780816848,0.0466710760416,0.436460164101,0.896217333935,19
1440710641,134030581,3.03307515429,-1.23537977262,0.345691532505,0.0583426721036,0.0501756656766,0.43996397532,0.89471237591,20
1440710641,200868549,3.00958798523,-1.21827290176,0.323892588636,0.187362362575,0.113817967272,0.428985928552,0.876305819061,21
1440710641,167663206,3.00956075489,-1.21832857675,0.323894180546,0.187269380785,0.113999121293,0.42874097724,0.876422018094,22
1440710641,359060785,3.00960807911,-1.21815349334,0.323938443795,0.187080684575,0.114213437032,0.428210780232,0.876693581563,23
1440710641,418575190,3.00968906251,-1.21778654138,0.323729031846,0.185679493509,0.114720998788,0.426146783093,0.877930029892,24
1440710641,528899339,3.03317939501,-1.23493719866,0.345742138903,0.0577224160231,0.0507671262019,0.439413262637,0.894989835811,25
1440710641,625960907,3.00959497834,-1.21784577986,0.323868050037,0.186691920352,0.114632875011,0.427685111037,0.876978264633,26
1440710641,694804296,3.03309388621,-1.23446622017,0.345658982311,0.0547093283959,0.0518226306791,0.437284551815,0.8961604349,27
1440710642,134146304,3.00965982372,-1.2168580115,0.323790350904,0.183943802306,0.115997346627,0.425044561959,0.878661717339,28
1440710642,167718805,3.00969355392,-1.21682088797,0.323752226541,0.183869959689,0.115854283298,0.424835993156,0.878796905937,29
1440710642,159215553,3.00969206222,-1.21685083826,0.323782030649,0.183986727574,0.11594025885,0.425142931756,0.87861267236,30
1440710642,92808299,3.00964764647,-1.21680266854,0.323757261854,0.184098708935,0.115886824744,0.425025646375,0.878653008385,31
1440710642,125822485,3.00966109632,-1.21682628229,0.323781550776,0.184237105782,0.115770262257,0.424915568835,0.87869260529,32
1440710642,109126441,3.00965839152,-1.21682334274,0.323774044147,0.184277644544,0.115810802256,0.424918545523,0.878677322726,33
1440710642,142621196,3.00968733789,-1.21687073174,0.323794005082,0.183898910648,0.116105466617,0.425103526349,0.878628307745,34
1440710642,150768043,3.00966956602,-1.2168776215,0.323799592657,0.184026062972,0.115829248061,0.424952194204,0.878711344005,35
1440710642,184126891,3.00964858748,-1.2170358809,0.323939230367,0.185188054053,0.115500805278,0.426563675762,0.877729103503,36
1440710642,117641903,3.00965199111,-1.2168707607,0.323775083605,0.18416666997,0.116048858905,0.425155977191,0.878554321074,37
1440710642,101060748,3.00965654655,-1.21682131199,0.323754876172,0.184155512493,0.115852440244,0.425103850548,0.878607805313,38
1440710642,176296356,3.00965548915,-1.2170822373,0.323986275259,0.185154612827,0.115334392764,0.426827801869,0.877629634155,39
1440710642,84303594,3.00962238419,-1.21708058837,0.323932989828,0.185431147933,0.114996058577,0.42658760275,0.877732426807,40
1440710642,192741602,3.00966612507,-1.21703368736,0.323965345204,0.185318385815,0.115212075024,0.426752937781,0.877647539587,41
1440710642,200961783,3.00964715864,-1.21700176111,0.323947909632,0.185278924556,0.11530790501,0.426611232778,0.877712175616,42
1440710643,117802120,2.99837709663,-1.19961101868,0.310367269947,-0.427070369578,0.806393183239,0.40876548571,-0.0158654072069,43
1440710643,225975645,3.00933803547,-1.21782401418,0.323828108805,0.186182572899,0.114088433157,0.428000335883,0.877003757947,44
1440710643,250968137,3.00928504878,-1.217475759,0.323470703628,0.184550721834,0.115039425998,0.425892363067,0.878249768925,45
1440710643,234222223,3.00932999137,-1.21784052617,0.323799690691,0.186150982291,0.113973104606,0.428152321972,0.876951271399,46
1440710643,309235878,3.00921149571,-1.21772787077,0.323573368959,0.18529372159,0.114281439304,0.426563692974,0.877866393711,47
1440710643,292791137,3.00952627124,-1.21643597733,0.323483461228,0.190430112966,0.10882637398,0.426026359893,0.877721329967,48
1440710643,242617425,3.00929781615,-1.21741485076,0.32346490787,0.184432852064,0.114922993799,0.425654507312,0.878405071126,49
1440710643,276020760,3.00926134885,-1.2175883841,0.323626254937,0.185337482193,0.114985683892,0.426145428542,0.877968327405,50
1440710643,261713914,3.00927886253,-1.21758113928,0.32353769956,0.185048223794,0.114515168186,0.426285253534,0.878022957414,51
1440710643,301149649,3.0097961002,-1.21651890948,0.323353163454,0.189765058008,0.108933104541,0.425055131533,0.878322797525,52
1440710643,284222340,3.00949562224,-1.2163708013,0.32353102336,0.190523445874,0.109004610279,0.425973909652,0.877704414827,53
1440710643,267759517,3.00925657299,-1.21761587172,0.323547999264,0.185001733942,0.114849829512,0.426517975101,0.877876011755,54
1440710643,317740589,3.00917276198,-1.21776493524,0.323508312996,0.184887559324,0.114489125673,0.426340335822,0.878033455263,55
1440710643,325855659,3.00917276198,-1.21776493524,0.323508312996,0.184887559324,0.114489125673,0.426340335822,0.878033455263,56
1440710643,351014370,3.00910900347,-1.21773313618,0.323392629862,0.184627661456,0.114563523578,0.426047475002,0.87822057294,57
1440710643,334250858,3.00915456522,-1.21772937324,0.323423963995,0.184623394389,0.114477020526,0.426224636815,0.878146783281,58
1440710643,359845176,3.00909604924,-1.21778275925,0.323400496686,0.184904081938,0.114248972696,0.42615041849,0.878153445328,59
1440710643,984388089,3.00862410982,-1.21883384425,0.322834447625,0.192360231508,0.104233926967,0.430411228404,0.875716280691,60
1440710643,967864138,3.00861894398,-1.21878950892,0.32285431206,0.192318402638,0.104182596427,0.430555043661,0.875660877844,61
1440710644,17976729,3.00860026611,-1.21917403375,0.323008283098,0.193353502514,0.104133674115,0.431990384138,0.874731335321,62
1440710643,959372638,3.0085865717,-1.21875063369,0.322863381344,0.192313943575,0.104492920239,0.430515383182,0.875644380768,63
1440710644,1152585,3.00861273586,-1.21883953896,0.322788954825,0.192146586957,0.104709791205,0.430512057204,0.875656849084,64
1440710644,34288501,3.00851452879,-1.22023424136,0.323420052536,0.188997350447,0.11150595139,0.430599623795,0.875460100928,65
1440710644,59312284,3.00853293952,-1.22025645541,0.323459630262,0.18915822926,0.111414078858,0.430506469699,0.875482864985,66
1440710643,976262764,3.00859539662,-1.21884029624,0.322871939791,0.192361067615,0.104622136301,0.430725559388,0.875515231593,67
1440710644,67663485,3.00866224856,-1.21923554514,0.323045113581,0.193647440988,0.104374485487,0.432110301917,0.874578368333,68
1440710643,992703614,3.00861924482,-1.2188781009,0.322843897165,0.19233130311,0.104463333107,0.430648578242,0.875578599521,69
1440710644,84335574,3.00871475978,-1.21902727859,0.322875295229,0.192777504833,0.104748446357,0.430730499057,0.875406096505,70
1440710644,51161526,3.00855685299,-1.21995188733,0.323222851964,0.187642845155,0.112067329093,0.428509003576,0.876704688174,71
1440710644,42861169,3.00851803241,-1.22020119258,0.323324848133,0.189288416762,0.110551277664,0.430486795854,0.875573771239,72
1440710644,94978201,3.00862069195,-1.22005639109,0.323163328868,0.188116402267,0.111588673203,0.429119024692,0.876365819654,73
1440710644,26016010,3.00848507352,-1.22021234617,0.323410661831,0.188704991092,0.111639942049,0.430254748289,0.875675625589,74
1440710645,184531760,2.99831284168,-1.21368667869,0.307634510635,-0.428427945756,0.790966211237,0.436771821573,0.00723352305998,75
1440710645,176259266,2.9984534165,-1.21296840789,0.307320267442,-0.426718935779,0.793344065658,0.434129343318,0.00691784664353,76
1440710645,259455950,2.99747510889,-1.2192406104,0.306295215651,-0.422050891405,0.792659509229,0.439876046937,0.008544637118,77
1440710645,384470721,2.9917953003,-1.23336499182,0.300322208523,-0.421453311255,0.776136519438,0.466736571308,0.0463269104355,78
1440710645,401298767,2.99039667617,-1.23657119558,0.299805670006,-0.4232867793,0.7711818248,0.47272950492,0.0513196916098,79
1440710645,284515419,2.99696477154,-1.22065451259,0.305694045629,-0.425211775497,0.785783903943,0.448702638707,0.020113286645,80
1440710645,318011162,2.99568493501,-1.22426698438,0.304319301921,-0.424789980934,0.782350526593,0.454672259188,0.0274638373704,81
1440710645,709529560,2.95492058278,-1.30737250106,0.308957315208,0.308228657365,-0.0692883892313,0.372580680468,0.872569682283,82
1440710645,768116054,2.93843888731,-1.31885262694,0.316196101154,0.307847193163,-0.0696026512231,0.349939670695,0.882002156164,83
1440710645,693064757,2.95892689768,-1.30446317115,0.307146016707,0.308517846952,-0.0644496153499,0.381199134784,0.869108856722,84
1440710645,684707689,2.9609002839,-1.30307114878,0.306340772413,0.308218469737,-0.0615750667411,0.384608319058,0.867920691642,85
1440710645,734710276,2.94841859688,-1.31144881753,0.311978691111,0.30846285352,-0.0691800766259,0.361846060758,0.877001831988,86
1440710645,726130763,2.95029893123,-1.31034266623,0.311339118181,0.308807637442,-0.0630924069486,0.365244195258,0.875930287793,87
1440710645,793017125,2.93107667031,-1.3260691551,0.318758493759,0.299373653627,-0.0699453905618,0.338843802869,0.889195105199,88
1440710645,801135127,2.92831677495,-1.32840605748,0.319601266635,0.298021245031,-0.0679494976166,0.337311780534,0.890385852312,89
1440710645,701381241,2.95691141265,-1.30589446036,0.308015696249,0.308494660572,-0.0671180776201,0.377125102571,0.870691027326,90
1440710645,842997709,2.91337346137,-1.34143944721,0.323321849058,0.287214724428,-0.0494752199188,0.33100907663,0.897492560345,91
1440710645,909608815,2.88516930536,-1.36204410487,0.329214357633,0.269241100216,0.000244584930673,0.325691164862,0.906330202114,92
1440710646,959640604,2.65079860666,-1.51442684525,0.306003380842,0.259452641367,0.00520328622506,0.325833147171,0.909114961325,93
1440710647,18230525,2.6318669643,-1.51741149169,0.315722477462,0.306202848546,-0.0338135260585,0.350004479789,0.884643049555,94
1440710647,51480353,2.63410108473,-1.51882810244,0.306745038193,0.268319039379,-0.0260779394419,0.331816427596,0.904003701629,95
1440710646,993156394,2.64535565929,-1.51697404559,0.304202160526,0.263191043916,-0.00175012069615,0.328142016993,0.907221157251,96
1440710647,46397860,2.62255792079,-1.51440255772,0.326382254277,0.315944629489,-0.0380526645567,0.35998197482,0.8770085311,97
1440710647,1475810,2.64417939013,-1.51740731607,0.303595208684,0.262813957345,-0.00365418951759,0.327302775763,0.907627877327,98
1440710647,101559201,2.63079683438,-1.51855539873,0.275493586229,0.232765681101,-0.119315017048,0.347131505253,0.900601900103,99
1440710647,112485385,2.63017296673,-1.51913696002,0.27513028122,0.235692807132,-0.118079241729,0.347336307615,0.899924265009,100
1440710647,26400349,2.62417179017,-1.51320023733,0.328258981042,0.311782157979,-0.0411258266501,0.357350729044,0.879432208189,101
1440710647,134559209,2.62678967086,-1.5207017232,0.274941542372,0.232979009129,-0.130417336858,0.342475074457,0.90079016587,102
1440710647,168348767,2.62146181633,-1.52228272774,0.274516838515,0.240278154509,-0.14151997162,0.339149050222,0.898452240151,103
1440710647,329099369,2.56075154728,-1.54008813214,0.309424985694,0.282668926051,-0.261287611577,0.303837622645,0.8714985722,104
1440710647,318137009,2.56422425058,-1.53860281283,0.30916993638,0.280321991425,-0.259548649218,0.307578010429,0.871464197379,105
1440710647,343036611,2.5515300011,-1.53345395653,0.293569420761,0.342029980149,-0.146680359179,0.282939160383,0.883994228732,106
1440710647,353712480,2.55626303043,-1.52953285547,0.29177172795,0.339711267935,-0.255306607379,0.291408254342,0.857027432448,107
1440710647,184646371,2.6184180614,-1.52355322434,0.274810403955,0.242045599658,-0.146442187716,0.337521712555,0.897801596622,108
1440710647,193172104,2.61648595841,-1.52372588467,0.274937765044,0.241528522934,-0.152594916499,0.33445547664,0.898063638176,109
1440710647,311753587,2.56804834771,-1.53720346647,0.308665705256,0.279930093541,-0.255502576683,0.311310079374,0.871460619029,110
1440710647,259700598,2.59928749386,-1.52126261418,0.282499245613,0.358883139034,-0.171619483234,0.355142112144,0.845945462588,111
1440710647,668079319,2.23643985056,-1.66045426004,0.335794756723,0.29194482732,-0.375806681462,0.129639594838,0.869902943678,112
1440710647,592998686,2.3294718501,-1.6196505991,0.330227680394,0.439343807609,-0.290516101986,0.114410330391,0.842310922108,113
1440710647,660915632,2.24639294779,-1.65559438525,0.335208616375,0.296212175614,-0.380847448563,0.12921236146,0.866324265843,114
1440710647,901468053,1.97844557458,-1.75782087871,0.350260992607,0.239099548032,0.261432844251,-0.120594344266,0.927330188341,115
1440710647,884785695,1.98867419232,-1.74884093216,0.35303511866,0.26497543554,0.249164528214,-0.0936931219336,0.926782960214,116
1440710649,209883016,1.54807944759,-1.81745504436,0.288469605288,-0.0980781454684,0.881145219018,0.339464426748,0.314209616907,117
1440710649,243786979,1.52211948683,-1.81012640468,0.312222918333,-0.0770629399381,0.8900743011,0.316375173227,0.318960485914,118
1440710649,268456813,1.5227457911,-1.78594153489,0.290704089764,-0.0613659637958,0.83986444801,0.513953288968,0.163444009419,119
1440710649,459918919,1.3479678151,-1.74783877799,0.315559881654,0.244928860079,-0.425095806164,-0.0712886685968,0.868459172795,120
1440710649,418285619,1.41513464476,-1.73995671759,0.289908333409,-0.0115268699855,0.793158569207,0.493711489308,0.356392453184,121
1440710649,484972527,1.35841254977,-1.7034254121,0.301323414052,-0.0111346576861,0.698056534949,0.46881888007,0.541111773207,122
1440710649,443265898,1.4124838572,-1.70560610061,0.298168844309,0.00172594509699,0.701643548374,0.469770201586,0.535732498399,123
1440710649,405758837,1.43105435623,-1.74449525674,0.28790930241,-0.0182345795738,0.803812314983,0.493544387524,0.331613027386,124
1440710649,534866090,1.26221813287,-1.70912919392,0.314590368719,-0.0244950188121,0.852378220957,0.522286900722,0.00823139274203,125
1440710649,893427512,0.790519754181,-1.67334506434,0.356135784324,0.27335110761,0.910661976675,0.29132133999,0.105384121543,126
1440710649,968459742,0.739403456827,-1.65190330595,0.362481599963,0.326991213194,0.904113787332,0.274551234707,0.0166320645133,127
1440710649,960006861,0.740833222589,-1.65823469345,0.358225200263,0.316647332382,0.908438312935,0.271654390032,0.026042097898,128
1440710649,910122088,0.777420168303,-1.67011060393,0.358257411525,0.288695775593,0.910879578411,0.284415523915,0.0778521197174,129
1440710649,935236799,0.762376583039,-1.6570842834,0.357650662046,0.305604824518,0.908433935577,0.279996548796,0.0543636697279,130
1440710649,926899304,0.768293754515,-1.65838583231,0.356538866625,0.299630543993,0.909580479679,0.280021682266,0.0668785881592,131
1440710649,943345521,0.752372868387,-1.66120141603,0.355756827985,0.307779875893,0.910237587235,0.273433784163,0.0444190101017,132
1440710649,901625206,0.783014854688,-1.67198398192,0.357513676239,0.279460848169,0.912020211739,0.286419650586,0.0899141339128,133
1440710649,985036013,0.72965681454,-1.64954835857,0.36377808649,0.338191847212,0.900665377551,0.272813973939,-0.000829327668946,134
1440710649,976634456,0.73462812219,-1.65019467657,0.363044144531,0.329936670989,0.902893695398,0.275369125348,0.00982917865739,135
1440710649,918486007,0.774525916447,-1.66004725076,0.355098293236,0.294637671875,0.910583896727,0.280109298884,0.0745948390529,136
1440710649,951728490,0.746530101612,-1.6596834174,0.357148856488,0.313293827035,0.909338048134,0.27155042491,0.0348088909376,137
1440710649,993236150,0.724696360286,-1.64807159462,0.364399058431,0.340438032367,0.900338175658,0.271026974606,-0.00612328395226,138
1440710650,1618147,0.720431961498,-1.64685843715,0.364859409565,0.345912662,0.897578518222,0.273245478604,-0.00584314271896,139
1440710650,118591182,0.664799490153,-1.63529630901,0.34492205016,0.3821018037,0.891998384748,0.24146873128,0.00547220531915,140
1440710650,101665849,0.670249774936,-1.63752427546,0.350032360231,0.380503714347,0.89233273201,0.242699337777,-0.0075000129155,141
1440710650,360051003,0.565734010169,-1.59380175553,0.321640167828,0.300774574297,0.916942607688,0.242582015767,0.0995232399411,142
1440710650,368374814,0.562463897496,-1.59274043533,0.321372343533,0.294861758761,0.917752214378,0.243980214711,0.106118193798,143
1440710651,593412207,0.459225641406,-1.3227024328,0.391206869422,0.513192515687,0.67677902379,0.0823309053471,0.521368599769,144
1440710651,668488943,0.439359633812,-1.26299595333,0.42977266101,0.51663909382,0.646122820444,0.0214172314343,0.561382801514,145
1440710651,718636722,0.433476227775,-1.20915683117,0.46963390009,0.487822597555,0.634983933581,0.0770521922212,0.594043329297,146
1440710651,676827917,0.437348623173,-1.25541594654,0.435013433864,0.515440781357,0.64356616689,0.0189724436491,0.565493975326,147
1440710651,785175977,0.432278526842,-1.16763041255,0.502815118798,0.43342061047,0.62949969834,0.0283466036254,0.644261728083,148
1440710651,801820691,0.428470837595,-1.15268998988,0.514694624425,0.432620046829,0.628911244655,0.0209074125638,0.645657356132,149
1440710651,810128378,0.426316070387,-1.14484108436,0.520708662786,0.427069104896,0.630143055289,0.0140113835183,0.648332777704,150
1440710651,893531852,0.401558131891,-1.06733244906,0.574041150937,0.459504227623,0.633965222362,-0.00529457949594,0.622025665918,151
1440710651,876750253,0.405645777177,-1.08382451787,0.563578003059,0.45297504573,0.633874830701,-0.00636590614157,0.62687780483,152
1440710651,885150833,0.403542516224,-1.07550348397,0.568841185811,0.456349115066,0.634098755873,-0.00529155226354,0.624208500786,153
1440710652,577055307,0.325471566473,-0.784002514277,0.602933547138,0.584790013549,0.686153115557,0.0112027319663,0.432537906848,154
1440710652,981622660,0.322230919655,-0.832668117183,0.645201670889,0.620425864437,0.702401885437,0.104672135594,0.332786841841,155
1440710652,993617055,0.321669983664,-0.833956934754,0.645931188753,0.620810902015,0.703270350695,0.106178256323,0.329743560448,156
1440710652,985142666,0.32202294328,-0.833313620228,0.645655467667,0.62093555334,0.702773942304,0.105325525389,0.330838870627,157
1440710653,10243685,0.321189455835,-0.835013739227,0.646610407579,0.619686398635,0.704818941668,0.110871784578,0.326996137894,158
1440710652,968769763,0.322547022936,-0.831939849147,0.644624415914,0.619805524728,0.702678173094,0.10293225906,0.333900354327,159
1440710652,951957846,0.323000277659,-0.83039610161,0.643248201961,0.619715593712,0.702081034897,0.100128478128,0.336168248375,160
1440710653,35316847,0.320489593893,-0.83620090489,0.647314940421,0.620747095853,0.705694894259,0.110647746425,0.323148317986,161
1440710653,18501512,0.320841544904,-0.835546369877,0.646748905408,0.619900622298,0.705647311822,0.109001270027,0.325428660272,162
1440710652,960188307,0.322778115118,-0.83119188697,0.643982165278,0.620420259712,0.702286423306,0.101917269725,0.333894221441,163
1440710653,1855820,0.321212711539,-0.834426186112,0.646189861964,0.623276222111,0.703240436142,0.10747078274,0.324699354456,164
1440710653,585308605,0.305000068283,-0.76800894761,0.669991184757,0.591577775949,0.684022037728,0.0908403527871,0.417010332259,165
1440710653,596138957,0.304201583172,-0.766184898596,0.672788222562,0.592207011204,0.683954963294,0.0929905431001,0.41575139562,166
1440710653,652074697,0.30111542923,-0.746243167423,0.697280041186,0.59465024124,0.682276061954,0.110219932726,0.410782220048,167
1440710653,668812305,0.302418045562,-0.739019485428,0.705569166729,0.602233757399,0.675000646801,0.114545719181,0.410570221136,168
1440710654,35371480,0.284746818977,-0.48939656162,0.90604769126,0.491873009334,0.612080025648,-0.0601042689986,0.616284400046,169
1440710654,68674572,0.28106720395,-0.463659892006,0.931957467068,0.487310791564,0.601004306713,-0.0683439133725,0.629802449378,170
1440710654,460439872,0.231865486098,-0.179908325964,1.01362865041,0.554350702563,0.649673239626,0.0515629641526,0.517649728108,171
1440710654,518755035,0.226464675332,-0.157718739173,1.00835924775,0.552162600412,0.654501507877,0.0663326558659,0.512195487737,172
1440710654,535348899,0.221260528441,-0.142146620934,1.0038273874,0.599983413674,0.653911574056,0.158249501271,0.432870248434,173
1440710654,443837685,0.233786445762,-0.18752643486,1.01433102734,0.553888182468,0.647503607107,0.0446367315547,0.52149259084,174
1440710654,468714805,0.230898757968,-0.176324067053,1.01311295005,0.554299971258,0.651160510987,0.0561428730354,0.515353770339,175
1440710654,502132811,0.227448108742,-0.163286849366,1.01036734899,0.552859384754,0.653473832377,0.060984844602,0.513419224237,176
1440710655,276974376,0.264080692282,-0.122064413266,0.978143473228,0.550751423013,0.685482444876,0.0366723852791,0.47480714398,177
1440710655,235747341,0.263019535344,-0.119449899144,0.976488271631,0.544281793331,0.689666558195,0.0357722191475,0.476274832731,178
1440710655,285419442,0.264136642779,-0.122285217793,0.978380063344,0.551090726885,0.685571896236,0.03686207288,0.474269304737,179
1440710655,218673383,0.262147833619,-0.11834732437,0.975757103525,0.543661794072,0.689982760412,0.0350477724764,0.476578742334,180
1440710655,268760548,0.264051899658,-0.121731842168,0.97791331882,0.550243802417,0.685755291152,0.0366289462001,0.475005009298,181
1440710655,227390286,0.262608676311,-0.118805281075,0.976126368886,0.5433018467,0.690402422834,0.0361366611362,0.476300052109,182
1440710655,243719661,0.263452113327,-0.120149953841,0.976910489458,0.546364409747,0.688152767132,0.0358197363325,0.476076304114,183
1440710655,252397438,0.263714242833,-0.1206857759,0.977275782091,0.547794939453,0.68721371208,0.0363838888114,0.475745973052,184
1440710655,210459082,0.261449989616,-0.117606342194,0.975248479723,0.541327137852,0.691871268806,0.0361666193546,0.476414790775,185
1440710655,293884065,0.264052079338,-0.122553456817,0.978597300794,0.551877164713,0.685203297987,0.0372528010776,0.473856797259,186
1440710655,260406909,0.263944315441,-0.121293614879,0.977624546102,0.549700640832,0.686075146443,0.0365247073457,0.475180012894,187
1440710655,302135045,0.263919136203,-0.122769258475,0.978799876042,0.552315670797,0.684994052428,0.0374455820861,0.473633166399,188
1440710655,310467177,0.26381318919,-0.123133117337,0.978861086212,0.553753427101,0.684359448115,0.0379972108565,0.472827135131,189
1440710655,318639445,0.263482450733,-0.123184495342,0.978941080294,0.553363833667,0.684684676667,0.0382902697155,0.472788765065,190
1440710655,327218471,0.263128995502,-0.123089655647,0.979005703445,0.552366102494,0.685567900497,0.0383525880307,0.472670521203,191
1440710655,335416157,0.262621176843,-0.123112504778,0.978827077684,0.551945741943,0.68620969119,0.0387600105236,0.472196801399,192
1440710656,235588804,0.249468868753,0.222671392325,1.02287717995,0.41233834224,0.567615890683,-0.15328393639,0.69591186727,193
1440710656,268854756,0.242541430595,0.270634604945,1.01791172567,0.458607856369,0.596098913958,-0.0808188559437,0.654074331692,194
1440710656,210618301,0.251139038106,0.198708687193,1.0146695524,0.470292999576,0.572591795341,-0.0904736795003,0.665415391899,195
1440710656,285591875,0.239424301458,0.292353619103,1.01847680599,0.461707509119,0.601382725447,-0.0751005920363,0.647707414372,196
1440710656,202325779,0.254405450424,0.190520922307,1.01402895296,0.478908219858,0.570353255291,-0.0794935311449,0.66258951066,197
1440710656,227328544,0.249294576521,0.211873730912,1.02421910531,0.406394846978,0.561629131856,-0.166006757611,0.701325675437,198
1440710656,262723608,0.246439042404,0.254355178683,1.02324447372,0.412655059146,0.579255425649,-0.140652806046,0.688763923394,199
1440710656,293814990,0.237920897401,0.303352267897,1.01893808681,0.46455140894,0.603216493833,-0.0729446622881,0.644205655255,200
1440710656,218950452,0.250182328175,0.238115097907,1.00992363189,0.623149589216,0.580178491698,0.217672452269,0.477175241137,201
1440710656,243913611,0.249150401004,0.233577619688,1.02254631276,0.41519313216,0.572295952903,-0.145522236135,0.692037053985,202
1440710656,252344009,0.24780086455,0.243944858495,1.02297900952,0.413832059865,0.575429445943,-0.144130067049,0.690543628413,203
1440710656,277237744,0.240957726723,0.281451508218,1.01819276026,0.459952853109,0.598701711473,-0.0793643909249,0.650923134517,204
1440710656,302168148,0.236383256934,0.314343306027,1.01943814729,0.468080790809,0.604329207299,-0.0697601515305,0.640952497257,205
1440710656,727574383,0.173222240439,0.761710482553,1.07394730993,0.760340602173,0.556053803505,0.286092163923,0.175606406593,206
1440710656,677291178,0.175295851159,0.735196158738,1.07382734512,0.751287887985,0.564128175768,0.284851984484,0.190224229811,207
1440710656,693849356,0.174316784395,0.744446472019,1.07489763564,0.754643176913,0.560396656695,0.288733697335,0.18193986569,208
1440710656,918860980,0.175926740214,0.84963317769,1.04372793807,0.735881050406,0.593196514971,0.242443661731,0.218673375532,209
1440710657,219071542,0.185521193428,0.924865106972,1.02067064973,0.68879569581,0.648426059798,0.15664242876,0.283843766746,210
1440710657,185590487,0.188338956486,0.919181615837,1.02252042253,0.699579646238,0.636971194774,0.160316239323,0.281344484588,211
1440710657,194037990,0.187599671767,0.920782923504,1.0221360605,0.695470950821,0.640820338917,0.158276360772,0.283933167164,212
1440710657,910741373,0.172452212846,1.00260398246,0.992468342508,0.64417898556,0.649477866041,0.0598888888937,0.399531296738,213
1440710658,77226148,0.174105093242,1.04377903635,0.999111635971,0.626573786168,0.623525708728,0.0284987769272,0.466699904387,214
1440710658,35667166,0.173041697131,1.02832040223,0.997972114383,0.635090585828,0.627359586961,0.0358064963794,0.449219090487,215
1440710658,93984762,0.175060163157,1.05097317735,0.999194210731,0.623854629078,0.620382369272,0.02467052558,0.474681454075,216
1440710658,110490653,0.17651437715,1.05906303733,0.999227229946,0.620000805184,0.61616197933,0.0155230593146,0.485491968448,217
1440710658,105881410,0.175709249366,1.05499798888,0.999279546776,0.622764109735,0.618401276295,0.0223116616208,0.478797363045,218
1440710658,60683123,0.173496614258,1.03710352188,0.998870848199,0.631090352674,0.624822625736,0.0308598519098,0.458660356549,219
1440710658,44033525,0.173112265656,1.03111179499,0.998269169392,0.632812164598,0.626752288888,0.0330817168951,0.453470983325,220
1440710658,127339712,0.178485699241,1.06788224677,0.999145431766,0.618099572249,0.611150890682,0.0078890831195,0.49435338572,221
1440710658,135619539,0.179746921498,1.07283601631,0.999157819022,0.615218901344,0.608720844729,5.68166410721e-05,0.500963704666,222
1440710658,152171847,0.182786814604,1.08312689992,0.99948493977,0.615945938421,0.600057346825,-0.01095860245,0.510315285383,223
1440710658,210670835,0.194594091405,1.12889863068,1.00323705763,0.610778947379,0.567639743883,-0.0410178674994,0.55050134709,224
1440710658,227722303,0.196987432986,1.14328313731,1.00518562872,0.605188429694,0.560333238409,-0.0534420552327,0.562954326061,225
1440710658,235791905,0.206818804882,1.13184447311,0.997746963098,0.534839051862,0.564158278901,-0.0829007546179,0.623538362761,226
1440710658,160648210,0.184398585737,1.08920187966,0.999862297529,0.614811717615,0.596693964261,-0.013288846862,0.515544635747,227
1440710658,252363774,0.209825947355,1.13946746116,1.00613508557,0.482183953191,0.551692265391,-0.153348747575,0.663037284932,228
1440710658,260596175,0.210062816665,1.14796145807,1.0079091285,0.481522995587,0.550459199828,-0.152265019442,0.664789920126,229
1440710658,185643633,0.189693436274,1.10797079234,1.0012663032,0.610464775667,0.582164240258,-0.0304846809014,0.536179297684,230
1440710658,285551513,0.210740580175,1.17061725068,1.01351668755,0.473651757664,0.547367135564,-0.156476057129,0.671981007851,231
1440710658,219061149,0.195826236613,1.1360075982,1.00424281881,0.608632824948,0.564065705818,-0.0463657809276,0.556099072356,232
1440710658,243968086,0.207421974069,1.13919835039,0.999234369666,0.532156659173,0.561663735812,-0.0876263453099,0.627427096625,233
1440710658,319138179,0.209894675587,1.20120975581,1.02018025871,0.465669077879,0.548089527155,-0.160198866553,0.676081728259,234
1440710658,302104802,0.210429070057,1.18582353937,1.01701075155,0.469713349544,0.547057640354,-0.159524408209,0.674276850097,235
1440710658,777633400,0.172676553139,1.56481954208,1.03287380639,0.742975002849,0.556821102472,0.209459478084,0.306700394561,236
1440710658,752407215,0.173037392025,1.55668924917,1.03710848265,0.737190731593,0.561074465635,0.200284710605,0.318796649862,237
1440710658,769251395,0.172711330445,1.56221672343,1.03448562739,0.740933516735,0.558166232225,0.207453539168,0.310533428265,238
1440710658,844244510,0.171648896836,1.58121097617,1.01759094939,0.757476583444,0.543735396939,0.226193271872,0.281811368488,239
1440710658,827693175,0.171891965785,1.57761663184,1.0220495689,0.755052142031,0.546029178986,0.225398902693,0.284506121507,240
1440710658,810783978,0.172117981953,1.5737186613,1.02616581164,0.752173290943,0.548300506353,0.222998413232,0.289609396983,241
1440710658,744012008,0.173279556411,1.55363837739,1.03833277612,0.735504430378,0.561826154923,0.199390111441,0.321913323735,242
1440710658,885621143,0.17072249015,1.58876661049,1.00489189351,0.764554911095,0.537522305572,0.234100027914,0.267811007737,243
1440710659,677413470,0.16740436314,1.69077179536,0.776478743195,0.603998629381,0.68134096809,0.0168317771226,0.413130526815,244
1440710659,694223914,0.167335252593,1.69317291326,0.774024999962,0.600171925333,0.682275074048,0.0126839752723,0.417293062663,245
1440710659,769380810,0.169179812959,1.70404170878,0.763355945398,0.590765244468,0.679312022653,-0.0101646668998,0.435233594009,246
1440710659,819177573,0.180556475862,1.69502000412,0.742597433313,0.518416277944,0.683641885776,-0.0474274828825,0.511496792407,247
1440710659,885796998,0.183311772098,1.7015874348,0.733938786582,0.509293867014,0.679138964427,-0.0621871481238,0.524902641094,248
1440710659,860768823,0.182178263501,1.69931040172,0.737665498007,0.513310025313,0.677933879813,-0.0707393805686,0.521454132739,249
1440710660,27768881,0.189494862671,1.72105805584,0.722953601371,0.477320129502,0.668668405749,-0.112030745385,0.559014462438,250
1440710660,85931021,0.197111062369,1.72951423691,0.720783481923,0.476145768712,0.649694159882,-0.138641228503,0.576160841529,251
1440710660,60890624,0.193928113269,1.7253313694,0.721465141416,0.478470681865,0.657405937967,-0.127363584136,0.56803323561,252
1440710660,52733031,0.192689062875,1.72427718609,0.721935277983,0.480752111593,0.65902883952,-0.125560890907,0.56461744443,253
1440710660,47427596,0.191703932712,1.72297793854,0.722142645961,0.480539183337,0.663240664475,-0.116095278097,0.561885932079,254
1440710660,10845017,0.187714690182,1.71875498375,0.723854362856,0.480660013544,0.671823170714,-0.106810028273,0.553363530179,255
1440710660,694648129,0.22987656136,2.08740368223,0.727402698263,0.576415006625,0.576642350814,-0.0331981490979,0.578037388307,256
1440710660,686036352,0.230796074765,2.09552005702,0.739161940265,0.595572071808,0.57897543751,0.0789616074112,0.551222654286,257
1440710660,719370264,0.233392846734,2.1164303426,0.73317390031,0.641183854284,0.562611010764,0.137994301894,0.503298806096,258
1440710660,760894528,0.225751994519,2.12674111089,0.697538911074,0.696708621219,0.563681706705,0.0705953434157,0.438036902708,259
1440710660,727887689,0.225963618933,2.0988252588,0.700820196791,0.595683823121,0.582110137962,-0.0416951025454,0.551878690092,260
1440710660,772920225,0.230800013716,2.12804486628,0.687699364668,0.723966367801,0.554895221012,0.10138204148,0.397096554577,261
1440710660,755695205,0.224628235236,2.1221014384,0.699550203458,0.68866631573,0.565938472132,0.0602897347495,0.449241025758,262
1440710660,735910355,0.227004972785,2.10399925223,0.698558431067,0.601610169842,0.581278535583,-0.0356608249637,0.546725500755,263
1440710660,710914928,0.232330712495,2.11204886142,0.735334352149,0.634064988009,0.566167307189,0.131930642674,0.509912224579,264
1440710660,777799333,0.2313822719,2.13243989008,0.685767706908,0.707742113483,0.562028796064,0.0673144579047,0.422721535949,265
1440710660,677777059,0.227690698821,2.07854408353,0.730665234118,0.578719504544,0.5820999493,-0.0255344186713,0.570606149238,266
1440710660,744236620,0.228043494429,2.10928929432,0.696508634364,0.607319852163,0.580650538677,-0.0303545014008,0.541374319069,267
1440710660,789115646,0.232367180168,2.13675959808,0.683627989767,0.714001642946,0.560609998726,0.0751779779344,0.412633438821,268
1440710660,794179074,0.233040397174,2.1407584905,0.681465242102,0.720916366936,0.558102798877,0.0852607716851,0.401909764227,269
1440710660,702485506,0.231082481923,2.10734752737,0.737359037559,0.629086277743,0.569519921954,0.127321927381,0.513504275017,270
1440710660,805746673,0.23347113004,2.1445867022,0.679457276791,0.728303104982,0.554677084297,0.0977508495419,0.390323828177,271
1440710660,810852635,0.234119710811,2.14805192468,0.677204093773,0.735326930611,0.55189911214,0.107384259498,0.378378508836,272
1440710661,211049308,0.261645112664,2.18859872451,0.494046258441,0.78297870608,0.517848685499,0.0878043044285,0.333267893556,273
1440710661,202697119,0.26080899885,2.18655191321,0.49737012067,0.78527651159,0.514805149443,0.0903042419986,0.331906014302,274
1440710661,677630254,0.279608413902,2.23529748143,0.429488260525,0.708655318277,0.578318886164,0.0577510463876,0.400024652272,275
1440710661,819442761,0.292166026151,2.24088698202,0.418909828978,0.705885103325,0.567405285422,0.0144797697035,0.42375440912,276
1440710661,811084710,0.291834662296,2.24059222096,0.419992220567,0.705496499385,0.569444806628,0.0231371939409,0.421274224012,277
1440710661,772306526,0.287332505872,2.23879239616,0.423751815374,0.706209381677,0.572313518068,0.0314987739833,0.415612046872,278
1440710661,827935247,0.292614905335,2.24149941024,0.418118472359,0.706586311401,0.566234910325,0.0155562421648,0.424112973393,279
1440710661,794568571,0.289837302674,2.24029139566,0.421974795135,0.704517010857,0.571093872898,0.0266774002701,0.420471028808,280
1440710661,792364172,0.28901782111,2.23962750867,0.422617771981,0.706691924886,0.570786917411,0.0326496196911,0.416800696433,281
1440710661,761135419,0.286439459623,2.23823581544,0.42421668169,0.70757463341,0.572294766181,0.0358250734313,0.412956901952,282
1440710661,755705330,0.285609194986,2.23784335441,0.42474141811,0.707813129257,0.573464097362,0.0383022504988,0.410697505099,283
1440710661,744287814,0.284732895699,2.23749532923,0.42530454488,0.707203167312,0.574250724361,0.0413724029859,0.410351203222,284
1440710661,802707116,0.291114696864,2.23992492085,0.420925458966,0.707205088691,0.56847864135,0.0264420484164,0.419516167666,285
1440710662,2877808,0.317261283156,2.2761521588,0.435463194726,0.819118839214,0.389475247985,0.376531821408,0.188619049722,286
1440710662,786276393,0.457636895279,2.57582114301,0.357586182922,0.619483379094,0.454220898689,-0.240423573593,0.593397188636,287
1440710662,469582444,0.380554297847,2.42119590115,0.353595609548,0.595855865645,0.438854557491,-0.294866065273,0.604496872031,288
1440710662,561162585,0.382154232989,2.49422229337,0.339975792325,0.685982482081,0.475541445283,-0.0145616472741,0.550523683891,289
1440710662,777779008,0.454433880674,2.5719755155,0.359377040727,0.612004584195,0.457064747883,-0.246570772708,0.59644367648,290
1440710662,769686925,0.450941754836,2.56752612384,0.360883839781,0.603302196048,0.459704336404,-0.253782600808,0.600243929467,291
1440710662,812266221,0.472107005672,2.59803282096,0.358452993864,0.669374083499,0.436566753895,-0.167391895933,0.577345441577,292
1440710662,819480261,0.475864923253,2.60193234776,0.35698120998,0.679858112859,0.431625472599,-0.154362670359,0.572419919101,293
1440710662,827998668,0.479459840313,2.60595451273,0.355702360194,0.690120652924,0.426644573253,-0.145775276943,0.566089622899,294
1440710662,794622702,0.464828435868,2.58970117706,0.36137137606,0.648418920508,0.445661683567,-0.189550912644,0.587374683523,295
1440710663,28103358,0.548915834335,2.68919531437,0.355569210297,0.903308895415,0.285252708519,0.139027763772,0.288678389643,296
1440710663,21221264,0.546009969556,2.68755404199,0.355036826098,0.901369790885,0.288832510681,0.133154224194,0.293901741118,297
1440710662,978084150,0.530526033916,2.67783476931,0.35152432815,0.890730108174,0.30614373833,0.094005320951,0.322550593715,298
1440710662,994481482,0.536795571343,2.68194950736,0.353015030315,0.895629923618,0.299031130315,0.111342303641,0.309887583555,299
1440710663,52912025,0.557276507881,2.69263103765,0.356577886719,0.90958129656,0.269819887078,0.153320248004,0.276318647646,300
1440710663,61256385,0.560175970489,2.69389586921,0.356842057335,0.910753107714,0.266453732907,0.155761912947,0.274352713644,301
1440710662,986388909,0.53367867229,2.67999281387,0.352288159943,0.893211827842,0.302810389213,0.102300244186,0.316248571264,302
1440710663,44446916,0.554591856055,2.69183539044,0.35643894368,0.907017777637,0.276530819243,0.149345162844,0.280259664229,303
1440710663,69555274,0.562871873876,2.694664071,0.356830174489,0.913307618738,0.259783422958,0.159659632146,0.269982533832,304
1440710662,969669396,0.527389528615,2.67568898405,0.350825827482,0.888092429166,0.310143459316,0.0840547428705,0.328690845784,305
1440710662,952653615,0.520891621981,2.67112966589,0.349733737325,0.881826365339,0.318430327061,0.0630184014832,0.342071731185,306
1440710663,36205225,0.551811121736,2.69059539572,0.356072023461,0.905225974827,0.280876410511,0.145055503904,0.283959992435,307
1440710663,119507990,0.57866784158,2.69698479911,0.352829576453,0.924581007175,0.223311971897,0.154710339577,0.267107534912,308
1440710663,186393870,0.597786891545,2.69709141678,0.33603775942,0.935456564751,0.192598313744,0.120903056333,0.270572274958,309
1440710663,161307019,0.590967466933,2.697052306,0.34374496994,0.931364446467,0.203833061641,0.132935568386,0.27081448539,310
1440710663,194522128,0.600689784358,2.69739122773,0.334043589623,0.935730913427,0.191132797526,0.116005637231,0.272797733675,311
1440710663,202949114,0.603765030926,2.69810822237,0.332853116217,0.937098291629,0.186154670935,0.116445628305,0.271355202574,312
1440710663,144519555,0.586034958649,2.69701803732,0.348046085285,0.929051180407,0.21005549315,0.142733201043,0.269012689853,313
1440710663,136251947,0.583588850184,2.69704423477,0.3499023195,0.927769228412,0.213752665874,0.147437082347,0.267985752218,314
1440710663,177620754,0.595265470141,2.69688135659,0.338396717886,0.934549544473,0.195569722219,0.125054817717,0.269686716843,315
1440710663,411465629,0.673445158241,2.73586620967,0.314521249628,0.926061275365,0.230322548606,0.0191431529207,0.2983212657,316
1440710663,444522340,0.679279744244,2.73791879478,0.312057209086,0.926581889792,0.229110955927,0.00704393137586,0.298168667727,317
1440710663,436280651,0.677807663779,2.73752611558,0.312512867874,0.926412154469,0.22948640741,0.0087962499014,0.298360746168,318
1440710663,419597313,0.674922906556,2.73641573573,0.313778452267,0.926468169662,0.228956085968,0.0176424268347,0.298202256996,319
1440710663,494806529,0.686361276512,2.74067570187,0.308151603916,0.925512123658,0.234750742777,-0.00519887370538,0.297140319445,320
1440710663,778170473,0.71679224669,2.74536973028,0.310448422169,0.920896492851,0.217809504235,-0.0561960040177,0.318356213152,321
1440710663,919525383,0.724756699214,2.7654554003,0.284706618076,0.900996498537,0.256724153917,-0.128476139369,0.325256667929,322
1440710663,936423339,0.727664270334,2.76854882178,0.283043576717,0.900609410891,0.259241734717,-0.132056845628,0.322889147415,323
1440710664,111379568,0.762943490838,2.79123202965,0.274336483441,0.882186347014,0.273695410415,-0.168537376573,0.344141285168,324
1440710664,69670999,0.755391993311,2.78788954838,0.275955743864,0.884706898715,0.279996311207,-0.151558078354,0.340478953773,325
1440710665,73348766,1.49407977544,2.92685408908,0.356212553652,0.891972719281,-0.243777943048,0.0685065223418,0.374518142336,326
1440710665,103404689,1.4945067254,2.91594480857,0.319420492939,0.919607375949,-0.158748415288,-0.125176571032,0.336826425343,327
1440710665,36561343,1.48154019623,2.92642154412,0.362996382565,0.87904214971,-0.265265281192,0.120923079849,0.377222531653,328
1440710665,61504462,1.49110294454,2.92671945449,0.358559529976,0.876932125259,-0.275152237398,0.127379313295,0.372901869783,329
1440710665,44911573,1.48487622996,2.92666510655,0.36169615858,0.877973530513,-0.267979940295,0.123367411467,0.377000945763,330
1440710665,94619350,1.49272152332,2.91653611895,0.322540623248,0.919465631943,-0.164518934201,-0.119138157485,0.336634180374,331
1440710665,119858736,1.5061891393,2.92606275925,0.316065053316,0.925822675996,-0.188426183892,-0.083686868143,0.316771927315,332
1440710665,86584471,1.49050416144,2.91580781775,0.324949509588,0.919555858995,-0.162404936899,-0.10876346582,0.340899057143,333
1440710665,328076538,1.58263078398,2.91364278972,0.305604162029,0.915526222874,-0.044809965971,-0.18090047087,0.356481166149,334
1440710665,369982133,1.59204545453,2.91267986655,0.302481877674,0.914522729883,-0.0356222273414,-0.198841110747,0.35048744075,335
1440710665,528375815,1.63318990336,2.91797367048,0.314830887214,0.922308880505,-0.0990631924273,-0.0547503883858,0.369506708762,336
1440710665,587519640,1.64045342429,2.91716738074,0.311798882935,0.923474835608,-0.0941224966516,-0.0764662975314,0.363989133031,337
1440710665,594687726,1.64117808843,2.91704122082,0.311396473144,0.923311592629,-0.0978463575506,-0.0768866233776,0.363332135074,338
1440710665,544808343,1.63535462769,2.91798683974,0.313824636579,0.922644672414,-0.0971445353269,-0.0585434698062,0.368595184267,339
1440710665,561403188,1.63699194492,2.91101107333,0.316915580869,0.919973100159,-0.0995306796793,-0.0543958226265,0.375212250955,340
1440710665,611516264,1.62708488613,2.90517598431,0.287961507813,0.907290858384,-0.00471947358035,-0.258529518423,0.331607468201,341
1440710665,628281735,1.62822651689,2.90523729639,0.287247526107,0.905312492119,-0.00806543893986,-0.264489188125,0.332249469032,342
1440710665,644690313,1.62885748724,2.90406834149,0.286674567564,0.903218423827,-0.0103271592228,-0.273346653932,0.33071352471,343
1440710665,678013958,1.6493587517,2.91316022525,0.304037427975,0.895112047798,0.0171365741929,-0.330879364072,0.298328017698,344
1440710665,869822702,1.66763786124,2.91857303603,0.271200377562,0.907312447751,-0.00929787953977,-0.27847073119,0.314883666555,345
1440710665,886598431,1.68347167939,2.91889947243,0.290680129433,0.913704446249,-0.0724038756372,-0.15057917618,0.370442674916,346
1440710666,19757113,1.68454037289,2.89080785025,0.25726568609,0.370544071363,0.211401426737,0.897621810734,0.110822438363,347
1440710666,44773074,1.68802747819,2.89163655851,0.25687771433,0.400355654214,0.196160273142,0.885463255466,0.131115676403,348
1440710666,78175920,1.71957875042,2.91108914902,0.280698950833,0.897441188057,-0.0547426723859,-0.212583594259,0.382636602079,349
1440710666,70059879,1.71814230289,2.91143892055,0.28102907454,0.898843638851,-0.0570806100651,-0.202438111015,0.384500621665,350
1440710666,94879791,1.72272873927,2.9103026847,0.280753772009,0.894923165178,-0.0562384497561,-0.219957225467,0.38414656599,351
1440710666,61669075,1.7167235521,2.9117211,0.281409606185,0.902237993822,-0.0673697451748,-0.178132156804,0.386906777728,352
1440710666,54038987,1.71511948382,2.91202189171,0.281998925232,0.902519286857,-0.0686064281186,-0.172669896616,0.388506372761,353
1440710666,178366866,1.71821720336,2.90087295362,0.267401644818,0.829655506467,0.0315513934799,-0.453577351122,0.323950361487,354
1440710666,111728853,1.72608431107,2.90946990131,0.281052975011,0.89177995941,-0.0561724809365,-0.228177960563,0.386662610933,355
1440710666,537233850,2.0032680506,2.80658828836,0.324221654595,0.776085261547,-0.196012844961,-0.492107285677,0.342200308013,356
1440710666,970166525,2.40145890314,2.64272623239,0.360207621365,0.832194408928,-0.478565908926,-0.0982983269335,0.262230004928,357
1440710666,953905096,2.3931459784,2.64611850294,0.361055136383,0.833365281684,-0.47393068369,-0.0989812374514,0.266635948388,358
1440710667,170129928,2.48291269997,2.595010524,0.337512463762,0.838941692849,-0.402627694434,-0.138963049881,0.338758094282,359
1440710667,211713839,2.4987522545,2.58337105531,0.334912070161,0.847698603938,-0.378186233487,-0.155427391161,0.337971264694,360
1440710667,228714468,2.50294035542,2.57965596386,0.334108547265,0.84462490462,-0.385384580811,-0.155108774701,0.337681452526,361
1440710667,386965378,2.53003285406,2.54840639088,0.324881498384,0.603505458758,-0.584315762771,0.326211067284,0.433523459813,362
1440710667,636876603,2.53597056942,2.53179645392,0.307937186266,0.840617867652,-0.379192264853,-0.272731730349,0.274212016732,363
1440710667,678364698,2.5385508638,2.52433009731,0.311258574473,-0.554631652631,0.621867222733,-0.325338063451,-0.447012339495,364
1440710667,720194526,2.54187621938,2.53213428033,0.301827068715,0.839232829725,-0.384378753392,-0.280770864909,0.262885817174,365
1440710668,628531135,2.66532917781,2.13043735544,0.314757361576,0.640749341945,-0.572295634507,-0.507039002251,0.06949415599,366
1440710668,687109811,2.67921485662,2.06479316202,0.318998148486,0.628808208611,-0.590832759244,-0.503334998956,0.0465914821987,367
1440710668,753474039,2.69361506833,1.98988332509,0.326766586288,-0.623031331897,0.644161432799,0.432925491128,-0.0972806614928,368
1440710668,820356495,2.70848845953,1.92013307409,0.33968037808,-0.61127461904,0.692256675324,0.344012499446,-0.169645028847,369
1440710668,745261194,2.69175382529,1.99913189271,0.3254993659,-0.622926772921,0.639081803152,0.442268220833,-0.0890814531721,370
1440710668,786985421,2.70101187343,1.95380327734,0.333158710127,-0.616642676253,0.673101651433,0.38248842365,-0.142788593507,371
1440710668,761857018,2.69550327794,1.98056094078,0.328123276297,-0.621372038557,0.652461951395,0.420230743665,-0.107686181839,372
1440710668,811890401,2.70663636951,1.92812689719,0.338054791112,-0.612068233598,0.688487422087,0.354117482905,-0.161115968638,373
1440710668,770301108,2.69731075764,1.97190672117,0.32977408029,-0.617723902448,0.66266468332,0.406501377581,-0.118529860579,374
1440710668,803452673,2.70480008904,1.93663469087,0.336267863587,-0.613392945822,0.684314166806,0.361987246913,-0.156296027452,375
1440710668,778875243,2.69933961229,1.96276134967,0.331168295706,-0.619958666998,0.66283742256,0.402766724321,-0.118645557215,376
1440710668,795331733,2.70289004883,1.94541509615,0.334693475137,-0.614046497053,0.680310409717,0.370645016637,-0.150820812654,377
1440710668,828853380,2.71041513012,1.91223324622,0.341430169598,-0.610515628201,0.69598008199,0.334325784227,-0.176376481414,378
1440710668,836898052,2.71169401093,1.90421570593,0.343052403003,-0.610108298245,0.698997768465,0.330833650887,-0.172392225851,379
1440710668,845386140,2.71343732103,1.89715801782,0.344478870389,-0.618802695046,0.684619730638,0.349710455989,-0.161498130011,380
1440710668,853390231,2.71580134767,1.88929308925,0.346577062888,-0.608595552297,0.704638438344,0.308655568253,-0.194493869104,381
1440710668,861888585,2.71751753449,1.88214020926,0.348387889711,-0.605947486281,0.709530890359,0.295577697181,-0.20500581559,382
1440710669,386974387,2.74803913433,1.63463901414,0.323804463798,-0.652513059415,0.6767237737,0.294313132669,-0.172195880732,383
1440710669,528503820,2.75025492808,1.60792813083,0.312037655765,0.684705021082,-0.642534351606,-0.315793628227,0.136392908474,384
1440710669,603707170,2.74478625815,1.59992655175,0.309012488472,0.673471434692,-0.651042988157,-0.330519326441,0.115482592083,385
1440710669,886924450,2.74167268341,1.57349686857,0.298599484422,-0.644222630014,0.683134906201,0.319989483031,-0.126137360273,386
1440710669,870302227,2.74122995006,1.57648039881,0.29969394988,-0.642470930114,0.686921888242,0.314783731733,-0.127595554973,387
1440710669,861952489,2.74072661307,1.57855966245,0.299795015887,-0.642095279902,0.688391855362,0.313011419369,-0.125913288989,388
1440710669,879058713,2.7410684108,1.57490471889,0.299162710881,-0.645064493971,0.683364642509,0.319507512248,-0.121735424605,389
1440710669,895221871,2.74186253386,1.57262887658,0.29801964103,-0.641857534087,0.685303852022,0.321491777896,-0.122558447629,390
1440710669,845150346,2.74049430485,1.58106304008,0.300714938845,-0.639375854326,0.691652758317,0.310289372339,-0.128590373789,391
1440710669,970368507,2.72604142272,1.56501075691,0.272469315159,0.319510179124,0.0702284302309,0.672601284667,0.66376857781,392
1440710669,903506098,2.741729779,1.56925425537,0.297662971278,-0.649928417101,0.672356886573,0.337228794888,-0.108655462918,393
1440710669,979275080,2.726613764,1.56365321707,0.271668167458,0.324533593635,0.0617220654123,0.671278121338,0.663516403005,394
1440710670,53467405,2.74906319797,1.5370410472,0.287013026719,-0.653181872003,0.653685999776,0.370363462173,-0.0942282424216,395
1440710670,553958659,2.70175073429,1.17100236702,0.365336983127,-0.582395677512,0.52183833719,0.621144585588,0.0517631958834,396
1440710671,62418327,2.73867413669,0.60141059472,0.447001758405,-0.527037991364,0.784444278561,0.173916473477,-0.276823390894,397
1440710671,45474427,2.73741194876,0.611127596206,0.446507506186,-0.520262684823,0.787540905995,0.166761938088,-0.285125439361,398
1440710671,70465441,2.73929514636,0.597348091311,0.446737390915,-0.524417945569,0.786694667841,0.170623971409,-0.27746130962,399
1440710671,903693556,2.74433867428,0.380221945197,0.387507366709,-0.65353491017,0.675389373226,0.320788946949,-0.117625538206,400
1440710671,870453500,2.74275818307,0.384256712983,0.389131832551,-0.648616128097,0.681050017238,0.317841570542,-0.120186223955,401
1440710671,930178615,2.74652935743,0.377663750423,0.386301038459,-0.657239182939,0.670375829232,0.32402675306,-0.116788558056,402
1440710671,879018348,2.74304885783,0.383630434372,0.388621522416,-0.648773172204,0.681570830209,0.316163464752,-0.120810752803,403
1440710671,912183093,2.74505896105,0.379710156748,0.387045086976,-0.653787039173,0.673952256603,0.323644977791,-0.116639579817,404
1440710671,887271770,2.74341809786,0.382649662519,0.38830390935,-0.6491726459,0.681099423588,0.316190026998,-0.121253114726,405
1440710671,945364979,2.74827043894,0.375675737223,0.38544788569,-0.660816141147,0.666785373619,0.324232644175,-0.116586815626,406
1440710671,862442574,2.74251130415,0.385341082775,0.389632378749,-0.64542855913,0.68637813246,0.309612000857,-0.128247585812,407
1440710671,895437193,2.74385520386,0.38195564524,0.388051249023,-0.649299142435,0.679733668804,0.319860097321,-0.118584490002,408
1440710671,953509869,2.74918856978,0.374390876368,0.385090489358,0.663815536102,-0.662846967585,-0.327328261845,0.113309490297,409
1440710671,937236223,2.74739639861,0.376395217149,0.38596073731,-0.662269214764,0.663233132196,0.330042024488,-0.11222103905,410
1440710671,854125102,2.74243681045,0.386082629522,0.389602108678,-0.645669313138,0.686610909766,0.308138524455,-0.129333856387,411
1440710671,920422843,2.74578959429,0.37880667632,0.386627561544,-0.654946834634,0.672954315954,0.323260810317,-0.116959740742,412
1440710671,970282182,2.7510449246,0.37254061304,0.384253470768,0.666871473951,-0.660607429756,-0.32473840502,0.115867291704,413
1440710671,978910095,2.75184550928,0.371350947415,0.383740126098,0.670714042815,-0.654665593764,-0.330784015331,0.110170632719,414
1440710672,737349437,2.73929874173,0.1690884672,0.425901641101,-0.572719505733,0.573191279522,0.585754542507,0.018323230206,415
1440710672,795902683,2.73922345809,0.157485573986,0.433359445226,-0.578387803706,0.519347138683,0.622551140129,0.0904222096033,416
1440710672,787371571,2.73884087431,0.160111438352,0.432910584297,-0.576892134788,0.520662685577,0.622964604997,0.0895596649687,417
1440710672,753754104,2.73951558863,0.163202878237,0.427090358163,-0.574689980692,0.571475082057,0.585266319298,0.0247182559364,418
1440710672,762436767,2.74001615472,0.160354329424,0.427298682622,-0.577647138229,0.567852767227,0.586291498702,0.0113708837836,419
1440710672,745879075,2.73919408875,0.166135353465,0.426550208095,-0.573043266475,0.574269626905,0.584184218805,0.02376149955,420
1440710672,770677484,2.74023670933,0.157664630955,0.428009165191,-0.576871160225,0.570275713903,0.584206271403,0.0266140392646,421
1440710672,779002285,2.73869131726,0.163103634134,0.432381154122,-0.575293500191,0.521880563653,0.6233977365,0.0897403367784,422
1440710672,803839796,2.73949086087,0.154948133939,0.43423253776,-0.578593975576,0.517864509446,0.623736880573,0.089429665636,423
1440710672,720783919,2.74852771487,0.158509351722,0.436218630859,-0.56312798574,0.637665307218,0.525613574055,0.000445440036903,424
1440710672,812579174,2.73959600283,0.152813841333,0.43438331362,-0.580544567703,0.516110664053,0.623621112271,0.087718274561,425
1440710672,829342200,2.73991122924,0.148478880515,0.435366006653,-0.581932116173,0.514206681923,0.623948938323,0.0873740396101,426
1440710672,820950422,2.73978559598,0.150578953244,0.434889874342,-0.58129262752,0.514996604412,0.623879205698,0.0874763701412,427
1440710672,729059831,2.74837802194,0.155477616687,0.436725663965,-0.56326575866,0.636693786781,0.526534588162,0.010678692086,428
1440710672,837153666,2.7398474304,0.146190403034,0.436187334653,-0.581737784607,0.513475479337,0.62506635811,0.0849478077349,429
1440710672,845712650,2.73996790015,0.144138091269,0.436624168369,-0.582192782782,0.512744332388,0.625188356526,0.0853482990235,430
1440710672,853718204,2.73984399947,0.142047242934,0.436954311671,-0.582794383837,0.51282101361,0.624733219457,0.0841054021763,431
1440710672,895607183,2.73996821264,0.133001659733,0.439072165568,-0.581513278441,0.512815743677,0.626122412518,0.0826622318678,432
1440710673,429247571,2.72895173136,-0.275152625486,0.474209956681,0.605771179698,-0.544716234588,-0.57907445042,-0.0315956087915,433
1440710673,520922560,2.73537724962,-0.392087530421,0.489378568486,-0.604104510638,0.609285206063,0.511942219435,-0.0417665160092,434
1440710673,546013310,2.73784113484,-0.420605325219,0.491882233083,-0.610155224571,0.621405338879,0.484326452602,-0.0836295046727,435
1440710673,612587280,2.75196440283,-0.489362963047,0.492896599961,-0.617373375365,0.651625619815,0.417949466543,-0.139829933876,436
1440710673,564576913,2.74008487489,-0.439017473199,0.49355388187,-0.61064154504,0.63092222239,0.468116936827,-0.0996021396425,437
1440710673,604218959,2.74669814449,-0.48211866482,0.496609492334,-0.612256578685,0.65211917808,0.42339785958,-0.143585207944,438
1440710673,654295862,2.75466119599,-0.539594435519,0.499150246686,-0.609278781773,0.680467048251,0.34251995525,-0.220054635445,439
1440710673,687575509,2.77085073912,-0.556905448675,0.516756818543,-0.573472338295,0.700795343639,0.288734877981,-0.310881864673,440
1440710673,620896431,2.75356959085,-0.497272815533,0.493268299814,-0.617830586302,0.654940546649,0.409161203078,-0.148072134045,441
1440710673,745685827,2.77938338704,-0.589157303698,0.510915080564,-0.556203857047,0.717753949027,0.237508509091,-0.345045281334,442
1440710673,762354498,2.78103751842,-0.59651697206,0.507802038632,-0.549781144152,0.723857695416,0.225552980399,-0.350566089853,443
1440710673,737452450,2.77834668101,-0.585370187497,0.512291418437,-0.561472888973,0.713591349454,0.246956918283,-0.338449200685,444
1440710673,773315385,2.78175099778,-0.600000718007,0.505948661446,-0.546798642208,0.727227131807,0.220351483565,-0.351563887985,445
1440710673,712612491,2.775097452,-0.572024677889,0.515182889315,-0.567546495031,0.706991120259,0.264090607731,-0.329105883814,446
1440710673,795830678,2.77476013363,-0.621612727697,0.481158103182,-0.582226970526,0.723847126397,0.231227236018,-0.289121181725,447
1440710673,720992537,2.77631144181,-0.576789248841,0.514392253774,-0.56655173629,0.708633675723,0.259499717973,-0.330934041933,448
1440710673,812615703,2.77750877207,-0.614403677233,0.474323889286,-0.583614677235,0.725479935824,0.249513263742,-0.266112574769,449
1440710673,804284058,2.78075638818,-0.612592114333,0.472693067661,-0.593181350795,0.718842501323,0.25629968902,-0.256343154323,450
1440710673,729351072,2.77733406779,-0.581189648784,0.51344968236,-0.5643864529,0.710647327073,0.253979020084,-0.334578788424,451
1440710674,804078095,2.82407376755,-0.744635521348,0.254337845983,0.703713996623,-0.574018292213,-0.412195732447,0.0733777167427,452
1440710675,862545647,2.99876145585,-1.23090008451,0.331453327123,-0.423254543101,0.838280060703,0.340118637018,-0.049612945136,453
1440710675,954165397,3.00214366479,-1.22950185945,0.33231924681,-0.418695764003,0.840949308373,0.337486050291,-0.0600106974723,454
1440710676,87386168,3.00482944707,-1.22595236466,0.334172162011,-0.401656217109,0.850399350965,0.333424787191,-0.0657353666052,455
1440710676,137425911,3.00673291777,-1.22772253763,0.334912519936,-0.41409973033,0.845754855604,0.328440209232,-0.0731243223751,456
1440710676,112325862,3.00602286374,-1.22724561741,0.334625169514,-0.409968099442,0.84690879603,0.331290366162,-0.0701308914492,457
1440710676,120856973,3.00631535742,-1.22723815638,0.334624697609,-0.410554892763,0.847323517197,0.329259123158,-0.0712458212922,458
1440710676,162369513,3.00778553311,-1.22928373904,0.327979656943,-0.419415866461,0.84808178971,0.315694778358,-0.0720028877158,459
1440710676,104049461,3.00567945551,-1.22680310857,0.334424738543,-0.407338358189,0.848100784556,0.331764777759,-0.0687942833559,460
1440710676,212480630,3.00590060304,-1.22745471276,0.335387455754,-0.40800349929,0.8507068868,0.322371812639,-0.0768592982987,461
1440710676,629210548,3.02681727617,-1.23037646673,0.359948419859,-0.432334083777,0.872679806646,0.217758515455,-0.0640189348883,462
1440710676,654343846,3.02642991836,-1.22924803941,0.360244792526,-0.430282357054,0.873329893552,0.219169689523,-0.0641610273543,463
1440710676,620925352,3.02704756515,-1.23074668227,0.359841965316,-0.433593109615,0.871979520651,0.217923244991,-0.064484030213,464
1440710676,637396997,3.02666456676,-1.22980124395,0.359986715583,-0.430879992758,0.873524132454,0.217125893145,-0.0644543899844,465
1440710676,679169139,3.02613191791,-1.22784316974,0.360059558139,-0.429214689255,0.872246522106,0.226702135441,-0.0597235044909,466
1440710676,670800333,3.02622667094,-1.22847343863,0.360428024503,-0.428571709364,0.874339593119,0.218393637903,-0.0645041453041,467
1440710676,662351351,3.02630893364,-1.22886961128,0.360356411337,-0.429348265157,0.873931484794,0.218513706648,-0.0644638433541,468
1440710676,695905760,3.02609392712,-1.22699256137,0.360249672655,-0.428147862229,0.872956574694,0.22577865563,-0.0604997969391,469
1440710676,645842545,3.02654908328,-1.22972363608,0.360197116588,-0.431272974983,0.87278309945,0.219441426557,-0.0640214235633,470
1440710676,704594290,3.0261196045,-1.22656861304,0.360341932026,-0.427737653943,0.873309389957,0.225111047147,-0.0607965892583,471
1440710676,687426467,3.02608457665,-1.22744574671,0.360163156683,-0.428737220074,0.872535388461,0.22647005891,-0.0598139149651,472
1440710676,712457585,3.02614202935,-1.22622303637,0.360410183854,-0.427284984673,0.873581285393,0.224861831055,-0.0609953819458,473
1440710676,770813329,3.00097239402,-1.20543039108,0.339103781709,-0.370158866724,0.873468715428,0.307198785497,-0.0752577088604,474
1440710676,782052385,3.00103902491,-1.20502178435,0.339187650591,-0.369676427031,0.87368217868,0.307248036036,-0.0749495450675,475
1440710676,837454756,3.0013619252,-1.20104545572,0.339244428167,-0.366189927309,0.874679665447,0.309498456579,-0.071071269619,476
1440710676,845990266,3.0014920392,-1.20131250327,0.339640062755,-0.364102501456,0.877120401185,0.303542199823,-0.0771446899289,477
1440710676,887611824,3.00177463828,-1.19985639454,0.339971254114,-0.36293163124,0.877740076157,0.303128436447,-0.0772407973222,478
1440710676,895905831,3.00186305523,-1.1995830335,0.340010640473,-0.362531086462,0.877980121021,0.302882948197,-0.0773565648932,479
1440710676,904212539,3.00187336353,-1.19861990778,0.339785642037,-0.363767813945,0.876030899092,0.308265511553,-0.0722164507561,480
1440710676,912490899,3.00838124787,-1.20291359998,0.332049534949,-0.368523136678,0.876254608459,0.303375076248,-0.0658188574747,481
1440710676,920904674,3.00839682896,-1.20270965441,0.332112710091,-0.368344907312,0.876411363295,0.30311958429,-0.065906518381,482
1440710676,929276900,3.00269908918,-1.19792722501,0.340794354034,-0.356004887625,0.880337296016,0.302971567872,-0.080467349227,483
1440710676,937516144,3.00287339575,-1.19695360855,0.340622672708,-0.355978110772,0.879114633469,0.307777764775,-0.0755638364701,484
1440710676,954249349,3.00228275957,-1.19713802206,0.340296837569,-0.361377451072,0.877346697783,0.307199200041,-0.0727857214066,485
1440710676,970995751,3.00244285446,-1.19672714351,0.340418463096,-0.360792639019,0.877812655495,0.30634657613,-0.0736572384465,486
1440710676,979075126,3.00252613639,-1.19649294205,0.34045334902,-0.36075063116,0.87793639795,0.305940228126,-0.0740759076028,487
1440710677,4164907,3.00269469871,-1.19587989632,0.340650115628,-0.360775280919,0.878039320469,0.305463797732,-0.0746995091186,488
