1,1445364642,715000000,4.47946440027,-2.9297226328,-0.186109690377,-0.0584457760401,0.140780592806,-0.934035263246,0.323021737605,0
1,1445364644,26000000,8.34346780409,-3.66579594248,-0.97845669925,-0.0640199850725,0.131126566641,-0.937216400152,0.316753349341,122
1,1445364644,544000000,8.75057520978,-4.10352925166,-1.13741562604,-0.0582095848038,0.132157890496,-0.936562909358,0.319367896056,167
1,1445364644,840000000,9.69216522437,-4.91562741683,-1.10340431377,-0.0581733173592,0.132093292319,-0.937191719198,0.317551426919,195
1,1445364645,222000000,10.9515850908,-4.97280757352,-1.05699101677,-0.0567103906023,0.131699326833,-0.93711042217,0.318218911394,230
1,1445364646,522000000,14.1503483179,-7.64422411304,-0.795553988588,-0.0534994249558,0.1300615823,-0.936383173851,0.321571684182,346
1,1445364648,701000000,21.3956434034,-13.7340401336,-0.427353218778,-0.0526635911951,0.131024865446,-0.936194981763,0.321866411605,536
1,1445364648,925000000,21.7453909516,-14.6055219692,-0.526950436686,-0.0525791897507,0.130893523769,-0.93626178739,0.32173930396,556
1,1445364649,917000000,21.7453909516,-14.6055219692,-0.526950436686,-0.0525791897507,0.130893523769,-0.93626178739,0.32173930396,645
1,1445364650,220000000,21.7453909516,-14.6055219692,-0.526950436686,-0.0525791897507,0.130893523769,-0.93626178739,0.32173930396,672
1,1445364653,924000000,27.213011879,-21.6934890744,0.578475087289,-0.052312852232,0.130068392136,-0.936215078206,0.322252860652,987
1,1445364655,16000000,30.6109108134,-23.3805170436,0.467892747308,-0.0520852913229,0.129933203495,-0.936219934827,0.322330139284,1079
1,1445364655,579000000,30.5312857241,-23.340657491,0.517801698285,-0.0515818153243,0.129101418147,-0.936488575817,0.321964730249,1128
