0,1445361420,518000000,0.0,0.0,0.0,-0.0797399667325,-0.0797399667325,0.702596283584,0.702596283584,1
1,1445361426,16000000,3.31766577471,-0.541702397719,-0.565601918852,-0.0771695316107,-0.0974284509575,0.744713179707,0.655709417582,1
1,1445361427,269000000,3.28593212567,-0.705955880299,-0.69265682227,-0.0805256623008,-0.0968882203125,0.746709710773,0.653110173182,112
1,1445361428,324000000,2.60242947032,-0.440057906656,-0.712746148357,-0.076262935601,-0.101564495476,0.7497773354,0.649386298926,205
1,1445361429,418000000,2.85021491346,-0.763309118538,-0.815945209807,-0.0876696007552,-0.0954426090789,0.746467718035,0.652679626928,304
1,1445361429,822000000,2.90397197181,-1.17721878839,-0.62662708623,-0.0776558493522,-0.0975434646669,0.744890763768,0.655433132833,340
1,1445361431,528000000,2.90919715063,-0.658878654433,-0.76509809984,-0.0785336350374,-0.099202813578,0.744962384957,0.654997950337,479
1,1445361432,716000000,3.2441238989,-0.699116870303,-0.813005622568,-0.0793093293069,-0.0988437157148,0.74503141566,0.654880248464,591
1,1445361433,919000000,3.34914123694,-0.651245012429,-0.810020146295,-0.0791229829175,-0.0991240301804,0.744882774662,0.655029489586,689
1,1445361435,224000000,3.3759058457,-0.667800711927,-0.893136396292,-0.079103974671,-0.0990906111992,0.744847030299,0.655077486575,814
1,1445361436,415000000,3.23840969729,-0.993374320863,-0.761249397298,-0.0789975803631,-0.0939750397169,0.737521815218,0.664070513037,918
1,1445361439,239000000,3.49758937313,-0.991866543354,-0.608954910709,-0.0794809023306,-0.0934746309853,0.736071531738,0.665690603577,1160
1,1445361441,724000000,3.39575333555,-0.92666228783,-0.540251393456,-0.075909834719,-0.0905911500818,0.735212669502,0.667452823145,1374
