0.544585372144,-0.314711183014,0.112082048734,-0.110902880667,-0.538506292366,-0.172442273042,0.817297489663,0
0.544545286342,-0.314674090745,0.112066473066,-0.110331467038,-0.538291715289,-0.172726938663,0.817456054655,1
0.5444783774,-0.314637802529,0.111952478023,-0.112477184796,-0.539559079541,-0.170565207195,0.816781728909,2
0.544568135155,-0.314859333653,0.112480071181,-0.100648247088,-0.530576046162,-0.181747366237,0.821782747728,3
0.544344712009,-0.314962328624,0.112119130235,-0.112129298183,-0.540037774681,-0.169144583748,0.816808626421,4
0.54438756567,-0.314946891853,0.112161978174,-0.110930256278,-0.538845699967,-0.171128853143,0.817346135668,5
0.54441820302,-0.314898994793,0.112108630221,-0.104908441666,-0.535430691645,-0.180661700329,0.818333393762,6
0.544084299979,-0.315059178341,0.111379112711,-0.12498998377,-0.549418339546,-0.151927073071,0.812056128969,7
0.544095671502,-0.314910248896,0.110874209532,-0.135690472266,-0.556593572648,-0.141896355238,0.807252819749,8
0.5441281568,-0.314699958246,0.11068703134,-0.140891933929,-0.558517119146,-0.134733925205,0.806259796823,9
0.54413001844,-0.314558322308,0.110568227133,-0.144223125785,-0.560852354425,-0.130558353586,0.804735262576,10
0.544543013864,-0.314571526872,0.111795974299,-0.115399542692,-0.541153125088,-0.167281453561,0.815998257381,11
0.544412189559,-0.314868126984,0.111671614755,-0.112367326209,-0.539257791301,-0.170709227025,0.816965714293,12
0.544417882584,-0.314868224489,0.111679616399,-0.113067426694,-0.539690238544,-0.169992596286,0.81673295553,13
0.544393969775,-0.314853874455,0.111736772261,-0.111711860717,-0.539085133303,-0.171202493759,0.817066328615,14
0.544110938739,-0.314782332302,0.110833878959,-0.133953920953,-0.554319941622,-0.14282900764,0.808941050978,15
0.544236293657,-0.314730132665,0.111083607232,-0.127339300103,-0.550047979991,-0.151000415446,0.811437487976,16
0.544259481913,-0.314912635477,0.111351995928,-0.120623339959,-0.545076698302,-0.160010623865,0.814087220803,17
0.543935086267,-0.314973976189,0.11109704902,-0.132329530838,-0.55267646767,-0.145480805623,0.809859835124,18
0.544132216922,-0.314874298122,0.111704187056,-0.121437334294,-0.54489684024,-0.159931302515,0.814102196172,19
0.543899014815,-0.314933280706,0.111216466591,-0.129537267428,-0.550912599013,-0.148679141492,0.810931512201,20
0.544567457088,-0.314998975611,0.112578214634,-0.0956848356568,-0.526638503298,-0.189155505978,0.823235381666,21
0.544579680347,-0.314969965785,0.112633096165,-0.093873473328,-0.525870653002,-0.190149240313,0.823705708202,22
0.544192578896,-0.31491978564,0.111481699692,-0.123973726897,-0.547247889937,-0.152833330329,0.813506137124,23
0.544167696244,-0.314685913293,0.111075876977,-0.13287406165,-0.553160270358,-0.14537313031,0.809459604935,24
0.54454149833,-0.314656119501,0.112162896179,-0.106866847819,-0.535555199384,-0.177237194993,0.818747263788,25
0.544597126604,-0.314732166422,0.112273599449,-0.105089118342,-0.534171110119,-0.179870813254,0.819307019901,26
0.544540165058,-0.31470773732,0.112134894039,-0.109140897321,-0.537071198199,-0.174859868934,0.81796504744,27
0.544573032703,-0.314692724621,0.112192356582,-0.108380590285,-0.536335856008,-0.176281100424,0.818243527834,28
0.544463189813,-0.314634282558,0.111806673336,-0.117169660567,-0.542732949201,-0.164380150692,0.815286074058,29
0.544535271446,-0.314675063539,0.111897500725,-0.113651251663,-0.540198062599,-0.169098050595,0.816501864937,30
0.544452492857,-0.314676900977,0.111654724994,-0.117920085727,-0.543588124492,-0.16280696661,0.814923736258,31
0.544700997816,-0.315053479797,0.112883009012,-0.0929489535221,-0.525801617141,-0.192877876502,0.823220065479,32
0.544616572538,-0.314973519495,0.112429480185,-0.100181324321,-0.529541748088,-0.183807072761,0.822048781577,33
0.544658079058,-0.314822294973,0.112414723224,-0.100615423303,-0.531985858218,-0.186166990599,0.819883793511,34
0.543959096564,-0.314970417475,0.110917308482,-0.134522420012,-0.554456555222,-0.138573164687,0.809493128393,35
0.544037704025,-0.31483309008,0.111015841898,-0.133323179469,-0.553827056503,-0.139940969034,0.809887057859,36
0.54401445864,-0.315007771886,0.110803779923,-0.135348881185,-0.555080326955,-0.138309237262,0.808972846193,37
0.543806089883,-0.314999720043,0.110364085922,-0.144172259119,-0.56141252721,-0.125801167934,0.805111420947,38
0.543913452978,-0.315074851042,0.110800242817,-0.138831240256,-0.557506520282,-0.133124107482,0.807583022716,39
0.543786912726,-0.315053526963,0.110617242328,-0.142174691349,-0.559521647766,-0.129474146869,0.806199930609,40
0.544096759378,-0.315048323121,0.111680290186,-0.116735773206,-0.542623807939,-0.16093661147,0.816107572199,41
0.543991671488,-0.314881526992,0.110997133492,-0.130571914381,-0.552580491786,-0.146268320198,0.810068733985,42
0.544354823912,-0.314844672568,0.111782571567,-0.110966673063,-0.538598079303,-0.172038095794,0.817313526155,43
0.54423118096,-0.314831013687,0.111461289593,-0.118668200434,-0.544124374421,-0.161901608447,0.814637583561,44
0.544691823427,-0.314738268314,0.112551888432,-0.0984557301094,-0.529097067998,-0.189059488037,0.821352099789,45
0.544426983725,-0.314816032295,0.112075878621,-0.110173561583,-0.537305348435,-0.174081047859,0.817838943587,46
0.544513971539,-0.314741172674,0.112014950459,-0.10995722502,-0.537329899779,-0.174110050806,0.817845754209,47
0.544167678116,-0.314902809645,0.11139146982,-0.127636711274,-0.549089361815,-0.14835055042,0.812528065279,48
0.544208224643,-0.314936144901,0.111463844366,-0.12557847658,-0.547053493119,-0.151989978111,0.813548749885,49
0.544242095592,-0.314874072659,0.111518883206,-0.123129380665,-0.546111072791,-0.154038063367,0.81417082165,50
0.544208176142,-0.314848223528,0.111344108739,-0.126103924581,-0.548547115606,-0.149901273385,0.812848983762,51
0.544164025923,-0.314825866265,0.111208435347,-0.12938193717,-0.551013007972,-0.145686944797,0.811431015858,52
0.544165745443,-0.314836940342,0.111207815883,-0.12986456435,-0.55119694684,-0.145398393727,0.811280733052,53
0.544134124669,-0.314846755396,0.111109179942,-0.132603599428,-0.552871390568,-0.142144412352,0.810274322034,54
0.544120673472,-0.314843856166,0.111042590938,-0.134867464236,-0.554435481482,-0.139268954845,0.809330724847,55
0.544605521755,-0.314884291243,0.112419295352,-0.101087750956,-0.530575437204,-0.18203071479,0.821666471821,56
0.54420960895,-0.31486099701,0.111270084759,-0.130532083948,-0.551092615084,-0.145754721468,0.81118053837,57
0.544632224401,-0.314712539219,0.112167285364,-0.105912936052,-0.534273796587,-0.179206896014,0.819279469216,58
0.544647583119,-0.314646100083,0.111942551731,-0.110902012498,-0.537409063696,-0.173650092432,0.817763955723,59
0.544531248998,-0.314880714996,0.112174041956,-0.108114463601,-0.535216361805,-0.173836588594,0.819533738953,60
0.544218353344,-0.314905460375,0.111282860407,-0.13058990334,-0.550252244049,-0.14668657935,0.811573651928,61
0.544195813863,-0.314810808055,0.11135533714,-0.130177801231,-0.550257464964,-0.146571912465,0.811657031507,62
0.544228533605,-0.314829645276,0.111477440269,-0.127065675808,-0.548151989099,-0.150490420801,0.812856902613,63
0.544443657777,-0.314967318858,0.112128185096,-0.11350759408,-0.540546679727,-0.168113021481,0.816494534661,64
0.544365746915,-0.314840652188,0.111744055832,-0.122286743534,-0.546590994302,-0.157247373629,0.813361851079,65
0.544162074954,-0.314681788033,0.110830193728,-0.138161848699,-0.556982869861,-0.137944853643,0.807250025456,66
0.544212339829,-0.314629289634,0.111013410889,-0.135440436279,-0.554420140483,-0.142654362177,0.808655630661,67
0.544126928997,-0.314732588467,0.11080268372,-0.140009956537,-0.557613536385,-0.136472534359,0.806746306764,68
0.544164973555,-0.314705957294,0.110891672981,-0.137685218859,-0.556569644176,-0.138611705614,0.807502202323,69
0.544264210016,-0.314705662511,0.111153082721,-0.13181236904,-0.552767743872,-0.146330174766,0.809728843908,70
0.544128697449,-0.314687100104,0.110810845222,-0.139425154001,-0.557948764774,-0.136042899819,0.806688373369,71
0.544228643211,-0.314694232606,0.111057080596,-0.133445633051,-0.554120009596,-0.143817166407,0.808986959494,72
0.54420867073,-0.314753552965,0.110869520257,-0.137370730593,-0.556282540334,-0.139332589186,0.807629523536,73
0.544338186099,-0.314934216989,0.111616042833,-0.122486263153,-0.545272957556,-0.155404899039,0.814569723505,74
0.544222952064,-0.314882450094,0.11138055723,-0.128682502671,-0.549769564262,-0.147201637113,0.812112010592,75
0.54449725139,-0.314714161367,0.111895860673,-0.112934882938,-0.539106484439,-0.170778051951,0.816972929554,76
0.544224961219,-0.314799393148,0.111208838865,-0.131351188304,-0.551121892566,-0.144875160115,0.811185991526,77
0.544191592887,-0.314879613561,0.111239391463,-0.130128948589,-0.550969078722,-0.145167251051,0.811434532328,78
0.544225643031,-0.31489169528,0.111368632932,-0.127066580065,-0.548966960179,-0.149614810472,0.812468318982,79
0.544074072245,-0.314783133117,0.111319440895,-0.130505948575,-0.55081730199,-0.148977339733,0.8107861922,80
0.544029650886,-0.314768843359,0.111210370864,-0.133675485202,-0.553236765358,-0.144192350522,0.809486573183,81
0.544062262288,-0.314852478685,0.11121404337,-0.132990261046,-0.552691792928,-0.145378449951,0.809759519108,82
0.543810289543,-0.315051094327,0.110188923571,-0.149592525996,-0.564656063499,-0.119409830119,0.802824326108,83
0.543774639962,-0.31498509912,0.110105302708,-0.150619682177,-0.566100372962,-0.116718192722,0.802010562624,84
0.54370992809,-0.315047346285,0.110144150703,-0.150218776694,-0.564999010652,-0.118551021181,0.802593354363,85
0.543742244808,-0.314951618103,0.109876943983,-0.155685651617,-0.568562350223,-0.11477056444,0.799578982545,86
0.543874498912,-0.314804304489,0.109941330682,-0.153866175427,-0.567135302822,-0.117782084209,0.80050617049,87
0.543892432562,-0.314831653332,0.109948558016,-0.155024562502,-0.567687343323,-0.116703093569,0.800049281734,88
0.544236847795,-0.31488716206,0.11126314992,-0.124050812554,-0.547147022501,-0.156040742539,0.812953146461,89
0.544165436375,-0.314890829181,0.111134316527,-0.126725001923,-0.54911053967,-0.152072704211,0.811968153159,90
0.544505927258,-0.314764487011,0.111862170555,-0.114883116445,-0.540287416008,-0.168251492958,0.816445229502,91
0.544270660373,-0.314757295016,0.111079459668,-0.133875737996,-0.554002293965,-0.143616581382,0.809032151778,92
0.544275599553,-0.314765451327,0.111081797874,-0.132820917935,-0.553423513393,-0.145119615442,0.809333871648,93
0.544213098244,-0.314901484004,0.111470177484,-0.125175980085,-0.548126961277,-0.150818644305,0.813106109226,94
0.544202891862,-0.314921189333,0.111578071842,-0.122346459067,-0.546330616517,-0.154384331762,0.814075966674,95
0.544149029445,-0.314892675635,0.111290954504,-0.127824941979,-0.550375019654,-0.147226377427,0.811832812677,96
0.544101081365,-0.314947560815,0.111137753876,-0.130215780908,-0.552043119497,-0.143928915527,0.810911038212,97
0.54411992995,-0.314940915696,0.111194994087,-0.128493288276,-0.550846569809,-0.146268885218,0.81158052257,98
0.544594028986,-0.31477461193,0.112101673717,-0.104417369593,-0.534058092096,-0.179920844194,0.819455585751,99
0.544175293038,-0.314707950263,0.110864079696,-0.136798783711,-0.556152303408,-0.139515990834,0.807784622589,100
0.54456087758,-0.314710813596,0.111969205222,-0.109934388216,-0.537731081933,-0.17333716579,0.817749314134,101
0.544497131155,-0.314841815609,0.112778013118,-0.0963161853329,-0.526983037955,-0.19096328185,0.822523613726,102
0.544528068202,-0.314920713235,0.112797045116,-0.095985975027,-0.526317061395,-0.192468295918,0.822637829515,103
0.544486470461,-0.314845536461,0.112547911098,-0.102599702928,-0.531645501606,-0.183520641238,0.82045507849,104
0.544510464815,-0.314642194992,0.111890116416,-0.116328423718,-0.54143653819,-0.166351993943,0.815868363806,105
0.544492886759,-0.314730681194,0.111843716372,-0.116673313532,-0.541836279557,-0.165783910288,0.815669344253,106
0.54451919662,-0.314525633112,0.111799329072,-0.117688347669,-0.543003595369,-0.16377215198,0.815153501173,107
0.544545861839,-0.314448786782,0.112004114859,-0.112679097197,-0.539580297692,-0.170227894285,0.816810251775,108
0.544603504673,-0.314864526008,0.112583923301,-0.0996684616955,-0.529686696182,-0.183764392957,0.822027280273,109
0.544115932968,-0.314899148793,0.111108497215,-0.133495626451,-0.553909381707,-0.140641792191,0.809680925343,110
0.544612289197,-0.314987492571,0.112489792055,-0.0962268477927,-0.528389841301,-0.186616195154,0.822629299916,111
0.544077100539,-0.314907540879,0.111276471127,-0.129420475506,-0.551611010903,-0.145369486013,0.811075425411,112
0.544016534251,-0.314874464049,0.111201427694,-0.130792237225,-0.552941967414,-0.143025602971,0.810365502874,113
0.544063696781,-0.314983889895,0.111285141947,-0.128859328708,-0.550599315722,-0.146928902632,0.811571047107,114
0.544147113088,-0.314834179705,0.110904598893,-0.136085307098,-0.555019620052,-0.141875138762,0.808273131776,115
0.54418208493,-0.315086478169,0.111540094992,-0.123699700126,-0.546354083357,-0.154031386078,0.813922558902,116
0.544173892388,-0.314768302606,0.111090000786,-0.133962991332,-0.55356285124,-0.144847631447,0.809099036178,117
0.544640016982,-0.314678072996,0.112170058078,-0.106048848556,-0.533290322088,-0.181150295272,0.819475225135,118
0.544720170221,-0.314835438597,0.112640273794,-0.097012491859,-0.527131707019,-0.192057861873,0.822091550602,119
0.544598117169,-0.314671432061,0.111998571982,-0.113106529503,-0.539866295948,-0.169832347801,0.816644518211,120
0.54460078682,-0.314583076402,0.111934054026,-0.114814478528,-0.540621576966,-0.168507406985,0.816180862205,121
0.544602239011,-0.314485728742,0.112103054115,-0.111221080384,-0.538361609736,-0.172545221909,0.817327838041,122
0.544541201554,-0.314482842317,0.111878246988,-0.115235132158,-0.541383693933,-0.167145769805,0.815896348745,123
0.544098146423,-0.314698066827,0.110666853395,-0.143820808316,-0.561390382459,-0.130244256888,0.804482968823,124
0.544484429493,-0.314705433457,0.111821071642,-0.114129602819,-0.540890307434,-0.167980702726,0.816207444585,125
0.544563661143,-0.314721082315,0.112031777982,-0.107728188726,-0.536286041327,-0.176186161004,0.818382768576,126
0.544555308364,-0.314720734582,0.112066689048,-0.106962539847,-0.535094563564,-0.178106278271,0.818847346429,127
0.544508834473,-0.314694560218,0.111967729054,-0.109322744265,-0.536464835123,-0.175389304968,0.818225280693,128
0.544619976971,-0.314804391705,0.112093031948,-0.104606737706,-0.53315408812,-0.181231388817,0.819731256239,129
0.54437965146,-0.314878689431,0.111812840518,-0.118892663394,-0.545196193405,-0.164103644887,0.813446764713,130
0.544286552083,-0.314868556728,0.111633795619,-0.123063367356,-0.548218970968,-0.158477529532,0.811909009754,131
0.544124641953,-0.314816701787,0.110962181318,-0.135546193066,-0.554610103172,-0.142611387,0.808515216494,132
0.544229798535,-0.314778780156,0.110981040501,-0.135226494004,-0.554407977633,-0.143027013352,0.808633948773,133
0.544586191967,-0.314730293286,0.111985321766,-0.110887919296,-0.538388105278,-0.172672146787,0.817328848857,134
0.544357254839,-0.314887553436,0.111672487282,-0.113523359067,-0.540325594749,-0.169164471894,0.816421508814,135
0.544401572512,-0.314753197827,0.111598321497,-0.115559951323,-0.541357320013,-0.167507601385,0.815793695242,136
0.544482730377,-0.314912104215,0.112029448167,-0.105195314232,-0.534390341369,-0.180092778211,0.819101642137,137
0.544429161175,-0.315106474201,0.112765201923,-0.0927865291111,-0.52496061189,-0.194131100729,0.823480498682,138
0.544405659569,-0.315135430564,0.112711272797,-0.0932712593594,-0.525208576954,-0.193763406891,0.82335421601,139
0.543744513621,-0.315040700849,0.110805341115,-0.140047725125,-0.558325412024,-0.13367518899,0.806715757144,140
0.543605333045,-0.314981968347,0.110445299404,-0.146243322373,-0.562320557826,-0.125549901027,0.804142837598,141
0.5437498247,-0.315070759541,0.11085668239,-0.136912547646,-0.556036177821,-0.138821648504,0.807964895994,142
0.544316672541,-0.315204733151,0.11211905793,-0.102157999329,-0.532358407164,-0.17852726479,0.821149368399,143
0.544348769094,-0.315200863736,0.112269961963,-0.0994066142131,-0.529880029149,-0.182800386235,0.822149316458,144
0.544168127219,-0.314858190499,0.11126129447,-0.120354908791,-0.545008328172,-0.160248043522,0.814126023844,145
0.544580114328,-0.314696368637,0.112200304784,-0.105221196285,-0.533445499605,-0.18086970859,0.819542889248,146
0.544538070675,-0.314714208545,0.11198278829,-0.110958889463,-0.537632781774,-0.173544509537,0.817631591868,147
0.544230680954,-0.314938296242,0.111516671778,-0.125181294132,-0.547745063212,-0.151702094007,0.813198293161,148
0.5435934814,-0.314732491892,0.108933504729,-0.18615700736,-0.588594050616,-0.0728462905621,0.783323707123,149
0.544149869469,-0.314537458005,0.110717568969,-0.142953517346,-0.559755494347,-0.133050826887,0.805317053024,150
0.543656836509,-0.31477301364,0.109154580875,-0.18019722347,-0.585015046205,-0.0807613368921,0.786615511436,151
0.543614089554,-0.314850059705,0.108836667554,-0.18617964586,-0.588758127803,-0.0718456350351,0.78328743839,152
0.544023830869,-0.314801539285,0.110692099241,-0.142355527706,-0.560218117275,-0.131561329281,0.805346001074,153
0.543837667219,-0.314947410988,0.110230626895,-0.149724905895,-0.56554843082,-0.121130303334,0.801913258754,154
0.543874005816,-0.314964825226,0.110276159107,-0.147885953452,-0.564130523262,-0.123549395431,0.802883580841,155
0.544244715055,-0.314663727839,0.110650604335,-0.141800368656,-0.558549498935,-0.134838238637,0.806060644176,156
0.544288796995,-0.314829908265,0.11104782386,-0.132939068187,-0.552603560313,-0.146251266255,0.809670967985,157
0.54443669029,-0.314766887767,0.111543785468,-0.119093278189,-0.543750485118,-0.162473060887,0.814711424684,158
0.544538367569,-0.314801177153,0.111967729948,-0.109238595611,-0.536705909298,-0.175364560854,0.818083716345,159
0.544562756313,-0.314744945075,0.112126989889,-0.106538840813,-0.534674366346,-0.179086375957,0.818963288138,160
0.544157822641,-0.314525378939,0.110774448807,-0.140502117343,-0.557626658066,-0.136521357031,0.806643405918,161
0.544160567068,-0.314685138226,0.110935701915,-0.137249079948,-0.555502244612,-0.14081184675,0.807930671592,162
0.544209586068,-0.314642141816,0.110981160297,-0.135912822453,-0.555736961498,-0.141072351432,0.807949705105,163
0.544595260805,-0.314701876596,0.11223999109,-0.103663513338,-0.53334052381,-0.181475654396,0.819675758166,164
0.544593057414,-0.314899227834,0.112302543232,-0.10425767555,-0.53383725738,-0.181196688176,0.819338684498,165
0.544605948233,-0.314936625761,0.112294427802,-0.10417935211,-0.533741713724,-0.181331978344,0.819380961003,166
0.544587672734,-0.314771560014,0.112199178155,-0.10396405211,-0.533972845207,-0.18055379965,0.819429558829,167
0.544622353031,-0.314770921846,0.112194587013,-0.104043530981,-0.53376747103,-0.180643172073,0.819533571561,168
0.544608451279,-0.314820135497,0.112133792024,-0.106431855294,-0.534770957377,-0.178647355021,0.819010015731,169
0.544587385629,-0.314834222071,0.112094725999,-0.107657301546,-0.535632273769,-0.17725287722,0.818589879145,170
0.544197128189,-0.314835264718,0.111262096634,-0.131372245991,-0.551537955117,-0.148388015378,0.810264286478,171
0.544390511604,-0.314817004471,0.111902208752,-0.114858842183,-0.540748757999,-0.167943278676,0.816206641876,172
