2,1445364051,993000000,0.0,0.0,0.0,-0.0797399667325,-0.0797399667325,0.702596283584,0.702596283584,0
0,1445364055,162000000,0.0,0.0,0.0,-0.0797399667325,-0.0797399667325,0.702596283584,0.702596283584,2
1,1445364058,727000000,3.69210376485,-7.03053885428,-1.19768321132,-0.111556893128,0.0325907453601,-0.138576984094,0.983508679368,2
1,1445364060,74000000,3.805544524,-7.0620346007,-1.07706843701,-0.120910011257,0.0269419869182,-0.127431726714,0.98408132466,122
1,1445364061,532000000,3.84618993732,-7.0715054909,-1.07946468892,-0.118199014484,0.0285214324321,-0.127922717781,0.984302442922,253
1,1445364064,450000000,3.65744352318,-7.14423835704,-1.10979634187,-0.116784492782,0.0298846811552,-0.135053255969,0.983477964232,499
1,1445364065,230000000,3.413504709,-7.27823261711,-0.863710313574,-0.123227207004,0.0219537271333,-0.130896371644,0.983462876376,570
1,1445364066,37000000,3.29481108703,-7.315829763,-0.87481385448,-0.123900972769,0.0229039301293,-0.132048717493,0.983202469047,642
1,1445364067,129000000,3.3969812987,-7.22057592146,-0.886479132217,-0.121838726892,0.0208020603046,-0.132349896917,0.983466371414,739
1,1445364068,441000000,3.40713711198,-7.16587422529,-0.75101029882,-0.124852724647,0.0214369992292,-0.133639966321,0.982900102561,857
1,1445364069,138000000,3.45444460446,-7.33161677035,-0.719463041237,-0.126662448387,0.0203078601965,-0.133910990351,0.982655617012,916
1,1445364070,835000000,3.43164522434,-7.32703310009,-0.712792321868,-0.12532484304,0.0186763316653,-0.135452796911,0.982648166009,1071
1,1445364072,21000000,3.45737579345,-7.21914724382,-0.74457086379,-0.126452966713,0.0181618900962,-0.132834471997,0.982870691397,1178
1,1445364072,730000000,3.03530331939,-7.25652971946,-0.891282909477,-0.116962928623,0.0201952624949,-0.15078022147,0.981415890188,1237
1,1445364073,838000000,3.36011478952,-7.28330236887,-0.966898931384,-0.115352781963,0.0204740587009,-0.162781115022,0.979682018415,1297
1,1445364076,107000000,3.26573916583,-6.87287884713,-0.887592766547,-0.116451942388,0.0250885741968,-0.15224731802,0.981137229298,1437
1,1445364077,809000000,3.13895639128,-6.87457672818,-1.00461302574,-0.117833488008,0.0295479008669,-0.155015463136,0.980414400571,1576
1,1445364080,227000000,3.23360195179,-6.79850741364,-0.899116548982,-0.122020425826,0.0304602196249,-0.152316482252,0.980297342614,1787
1,1445364081,422000000,3.39023593833,-6.93545104047,-0.87156597726,-0.119893097215,0.0293244758034,-0.14558345637,0.981616614361,1897
1,1445364082,238000000,3.32937125952,-6.97299963615,-0.887817746268,-0.118625503732,0.0296903222729,-0.147440653788,0.981482413616,1972
1,1445364083,239000000,3.40466132682,-7.01530024999,-0.822730773372,-0.119064497756,0.0239298261187,-0.143968496594,0.982101868843,2055
1,1445364083,816000000,3.43010873877,-7.05808159747,-0.792949796823,-0.121176859077,0.0215226493087,-0.141909750151,0.982198843006,2112
1,1445364086,620000000,3.52322337474,-6.94016692105,-0.92925062453,-0.11984652709,0.0219786773512,-0.141678402217,0.982385351088,2349
1,1445364088,229000000,3.6033765389,-6.98484145956,-0.953510428674,-0.119789456888,0.0219381369268,-0.141594455283,0.982405320832,2495
1,1445364092,129000000,3.51968787818,-6.79541717469,-0.979698099506,-0.117898418199,0.0224506463438,-0.141828192523,0.982588772209,2833
