1,1445364380,448000000,2.93637472252,-1.00858409633,-0.822668052375,-0.0656325235198,0.111210476949,-0.924527535008,0.35857138576,0
1,1445364381,248000000,2.9588368385,-1.07946513802,-0.807917182927,-0.0646364913792,0.113160438875,-0.924939106361,0.35707770664,79
1,1445364382,363000000,2.90922485367,-1.09369054683,-0.886808580876,-0.0634223673323,0.114165529757,-0.924782978301,0.357379739467,179
1,1445364382,959000000,3.02181522416,-0.999123698494,-0.946593948133,-0.0633637423351,0.109885433355,-0.923786317514,0.361288066877,225
1,1445364384,968000000,3.11182970026,-1.21416244459,-0.806645112068,-0.0627669217037,0.110095901075,-0.92488821175,0.358498259233,379
1,1445364386,443000000,3.55149412197,-1.06141950724,-0.801480970242,-0.0576768496485,0.112155918558,-0.928356134783,0.349641699397,505
1,1445364388,240000000,3.13358202706,-2.1044147523,-0.672639546166,-0.0610945579428,0.111181221869,-0.930956635393,0.342382730158,663
1,1445364389,951000000,3.73885229911,-0.90682396453,-0.670011466209,-0.0551917249004,0.114502979746,-0.930703650784,0.342977631267,800
1,1445364391,47000000,4.05034700573,-0.655474738865,-0.882179003837,-0.0568876607491,0.113139026603,-0.930776523325,0.342955417423,901
1,1445364393,342000000,3.78888474354,-0.839457072747,-0.71826474725,-0.0568865990589,0.112311390245,-0.930882699701,0.342939449272,1098
1,1445364394,739000000,3.22338711912,-0.285553681303,-0.77418929882,-0.0565281998141,0.113593217207,-0.930967961461,0.342344560879,1222
