1445360717,446735514,3.55926567008,-1.05929413656,0.33809966301,-0.443221713332,-0.56150356797,0.648041823601,0.261361915459,0
1445360722,488631132,2.99324450595,-0.911152579156,0.340090696066,-0.183373298481,-0.651960413279,0.72789738623,0.107178580137,1
1445360726,63929319,1.55065069282,0.278126899446,0.320790200521,-0.553868549025,-0.391893687962,0.601483474557,0.421742335522,2
1445360726,72569453,1.54988294284,0.280948104985,0.320147025126,-0.555176303544,-0.389392194523,0.604463941852,0.418062595587,3
1445360726,5710956,1.55530529601,0.263661966778,0.324264511631,-0.538084826428,-0.409925955347,0.584176304471,0.44851251487,4
1445360726,96712745,1.54939451343,0.283578724129,0.319632726753,-0.558281456083,-0.387455577565,0.604715725468,0.415353924479,5
1445360726,138862306,1.54706339967,0.301991662939,0.317055976419,-0.56881833388,-0.378275845514,0.610082179465,0.401438441161,6
1445360726,106524746,1.5478091567,0.292118944037,0.318179543169,-0.56422314297,-0.382282036315,0.60910189038,0.405595336245,7
1445360726,55748740,1.55130149547,0.275628243785,0.321435521109,-0.551710299686,-0.393990466962,0.599380344011,0.425594243825,8
1445360726,140272262,1.54650779595,0.305665042691,0.316803541261,-0.570394762482,-0.377360372575,0.610753108682,0.399035843476,9
1445360726,30883848,1.55336742055,0.27022130567,0.323397538915,-0.542769445345,-0.403710365043,0.590880030913,0.439636280833,10
1445360726,172409866,1.54644052485,0.319205025155,0.315506885303,-0.583287240941,-0.369629792006,0.611483653905,0.386312765028,11
1445360726,39081049,1.55307892434,0.271142587302,0.322669640364,-0.545887133597,-0.398491767272,0.594301071256,0.435910295237,12
1445360726,197248358,1.54812953254,0.33116281508,0.31595711742,-0.594496907676,-0.361188357817,0.607734280127,0.383112831552,13
1445360726,205573648,1.54867871659,0.334655228013,0.31591568729,-0.600181571388,-0.356352405029,0.607908993139,0.378472853528,14
1445360726,213836360,1.54933795886,0.335481880192,0.315431782824,-0.618464216231,-0.332381239993,0.618975149296,0.351986489934,15
1445360726,222753205,1.55009218181,0.342995500938,0.315956139797,0.61417057005,0.34541316723,-0.604956161107,-0.370826506505,16
1445360726,247079342,1.55365189109,0.357854990671,0.316389444329,0.633344545594,0.328226007547,-0.602201875541,-0.358462376869,17
1445360726,239036141,1.55234511593,0.351195685975,0.315747640015,0.629825680062,0.329544516883,-0.603709995551,-0.360907557969,18
1445360726,256480187,1.55477138235,0.362991009269,0.316037479775,0.641722068909,0.318343476176,-0.602082184016,-0.352629070188,19
1445360726,230805695,1.55112987131,0.347591838423,0.316082445139,0.620367349639,0.340366693621,-0.603976151004,-0.36675287919,20
1445360726,188926490,1.54706454827,0.327168878704,0.315699142709,-0.591538979691,-0.364915006024,0.607275512296,0.384883262886,21
1445360726,163858220,1.54689134651,0.315774484137,0.315746409508,-0.580713814244,-0.37194910539,0.610274810259,0.389858929498,22
1445360726,98475190,1.54825649002,0.289002533009,0.318532234075,-0.562488470842,-0.382958933197,0.608945187808,0.407596533229,23
1445360726,272237567,1.55760648302,0.376318061343,0.315146927728,0.657443461865,0.305893065522,-0.598725053522,-0.340185004375,24
1445360726,180728800,1.54676279431,0.322756773846,0.315318140031,-0.587206042772,-0.365947301258,0.61196959203,0.383099013918,25
1445360726,280432813,1.55943359754,0.384525496576,0.314820162525,0.664996114488,0.30229582616,-0.593921623144,-0.337126840764,26
1445360726,305581260,1.56372518393,0.40852604651,0.31218713555,0.692271726876,0.262780248823,-0.596329390674,-0.309996217421,27
1445360726,300320326,1.56264992678,0.400569215992,0.313195009798,0.682109901145,0.281491144216,-0.593012823864,-0.322218263325,28
1445360726,322404907,1.56663684347,0.430563947893,0.310629023642,0.705217415254,0.248325261639,-0.592713296337,-0.299489415505,29
1445360726,347379310,1.56861796697,0.469605601081,0.309421036078,0.7162131802,0.236016864166,-0.594255928269,-0.279632995289,30
1445360726,338908820,1.56860833867,0.456469775358,0.309604217503,0.712706209772,0.243386968344,-0.591789161116,-0.287399079639,31
1445360726,314259039,1.56492751253,0.419168484573,0.311752459883,0.699153917496,0.252723353421,-0.595731646951,-0.304004130082,32
1445360726,363991757,1.56638590147,0.494571103427,0.31019929409,0.725123532963,0.203524152823,-0.608669515987,-0.249590066848,33
1445360726,373460069,1.56576608866,0.507234230447,0.31068000214,0.726373502072,0.193838153289,-0.617218397273,-0.232055501735,34
1445360726,388987671,1.56146663328,0.549350734404,0.31828910099,0.718865320948,0.193925025949,-0.621537977771,-0.243549331424,35
1445360726,405668562,1.55698359688,0.580210008259,0.320972206634,0.716683987907,0.188455788474,-0.632555712329,-0.225214893088,36
1445360726,413985052,1.54928098264,0.656227060408,0.318228522833,-0.401156695255,-0.660940438474,0.304712585057,0.556220534635,37
1445360726,447721812,1.54392893049,0.651398494312,0.326150567946,0.708105544235,0.196477874286,-0.650642414779,-0.191435188067,38
1445360726,464006214,1.5406074484,0.683743527352,0.330060333872,0.704292717763,0.196725493167,-0.655490009766,-0.188689414488,39
1445360726,380614470,1.56341295726,0.53414467344,0.317347799122,0.719090170234,0.198670466587,-0.61580528546,-0.253423012329,40
1445360726,497340618,1.53251684513,0.754118168552,0.336937992412,0.696960195087,0.215896743411,-0.65064409402,-0.210469345904,41
1445360726,489133639,1.53443180175,0.736385563717,0.335467879212,0.698585644332,0.208730111137,-0.653618924826,-0.202958467052,42
1445360726,480730127,1.53567021849,0.730605264631,0.339648528142,0.691249653269,0.217499090434,-0.650353955289,-0.227832823262,43
1445360726,522435777,1.52534988944,0.800134100227,0.336120233871,0.695759488665,0.220302602077,-0.644572049016,-0.227842864884,44
1445360726,530753244,1.5231254714,0.818484115381,0.337374367086,0.693313613777,0.22755883685,-0.640998973789,-0.238020008243,45
1445360726,472520704,1.53766998099,0.713132831799,0.337923398227,0.693821233406,0.211983180522,-0.651610511025,-0.22153773758,46
1445360726,288918947,1.56092594967,0.391860873931,0.313914830334,0.674089791513,0.290083476219,-0.593501210679,-0.330470638218,47
1445360726,555772136,1.51617216648,0.872472384968,0.34039641839,0.680648065606,0.266171351142,-0.62662485607,-0.270577738132,48
1445360726,565623738,1.51374329656,0.898810309775,0.349576938057,0.668699760025,0.278751303759,-0.621280283013,-0.298578551698,49
1445360726,581157695,1.50842606726,0.934553281847,0.352282233733,0.656381404065,0.300607196831,-0.611892461755,-0.323088812647,50
1445360726,547377424,1.51860157432,0.854924170312,0.339652981643,0.686130927814,0.247007013363,-0.632747068655,-0.260466950598,51
1445360726,589022452,1.50502526141,0.952699658022,0.353939693989,0.64785577455,0.314944432407,-0.604715569239,-0.33972338777,52
1445360726,613879033,1.49714065683,1.00369761505,0.358709255121,0.625827423159,0.344696561758,-0.589980029115,-0.376095575592,53
1445360726,607727343,1.49953639698,0.987209234132,0.357022740535,0.633090267767,0.335419314346,-0.594149233217,-0.365619043663,54
1445360726,622778278,1.49432178287,1.02152583406,0.360872361323,0.61317371194,0.364308668912,-0.578205055493,-0.396202103155,55
1445360726,631525479,1.49171415506,1.03796003187,0.363007111776,0.60453220357,0.374517079977,-0.570331961259,-0.411095153972,56
1445360726,638872014,1.48930260337,1.05402636885,0.365218481958,0.595954885012,0.384521492108,-0.562340134142,-0.425152408756,57
1445360726,663756950,1.48290666163,1.10003757759,0.372565005846,0.569539618255,0.413164733868,-0.532055545341,-0.470995140737,58
1445360726,647323437,1.48729738552,1.07033906136,0.367631469199,0.587964513233,0.393569455929,-0.552355973347,-0.440798926095,59
1445360726,672490462,1.48096646941,1.11442036335,0.375083018737,0.561594672151,0.420746791109,-0.520883369461,-0.486070033434,60
1445360726,713825045,1.47244332701,1.1774483802,0.386111094212,-0.52771711788,-0.441697579142,0.46373628536,0.558002284688,61
1445360726,706068333,1.47417772369,1.16596149124,0.384159533182,-0.533462794942,-0.438646768859,0.477317948935,0.543299212411,62
1445360726,680549797,1.47917516801,1.12813082411,0.377541428072,-0.55386381514,-0.426821178572,0.509807867116,0.501153164639,63
1445360726,697314777,1.47576311415,1.15399574331,0.382149519673,-0.539556086164,-0.435843550444,0.487870801148,0.530001613966,64
1445360726,738919226,1.46802420557,1.20849109053,0.390523092654,-0.508277467861,-0.446673749043,0.430248464026,0.597513879993,65
1445360726,731229492,1.46984954261,1.19928722909,0.389721053141,-0.509271315069,-0.452300550114,0.433258895228,0.590214935189,66
1445360726,722517980,1.4710311014,1.18837062274,0.387837561306,-0.519458663618,-0.445053490969,0.450986482684,0.573324759107,67
1445360726,764003141,1.46347165176,1.23661434663,0.39409432102,-0.489210143135,-0.454625625675,0.398325135742,0.62874960244,68
1445360726,772525942,1.4614507735,1.24552077873,0.394956393269,-0.481362376342,-0.455760140378,0.398159230629,0.634067964929,69
1445360726,755889540,1.46491229219,1.22718412367,0.392686266616,-0.497566686003,-0.448138384361,0.412690552502,0.617483513398,70
1445360726,781317632,1.45938450012,1.25417387165,0.395808662577,-0.476467250965,-0.459944626973,0.390439120997,0.639521064291,71
1445360726,816628125,1.44964183645,1.28806620862,0.39663177401,-0.453103539173,-0.486957510311,0.382507109674,0.64129390843,72
1445360726,805817813,1.45216050568,1.27960954267,0.39647963762,-0.459163810292,-0.478315896543,0.38594806573,0.641425435255,73
1445360726,831086527,1.44393656923,1.30473857547,0.395462899646,-0.445868951368,-0.500105629426,0.388664403516,0.632483374534,74
1445360726,839205017,1.44064738706,1.31288684848,0.394591748669,-0.43907895053,-0.508150526753,0.384738004132,0.633221434838,75
1445360726,855657108,1.43558172119,1.32753903941,0.39093869851,-0.435967829992,-0.520517441353,0.393155486645,0.620018070528,76
1445360726,822424881,1.44674324196,1.29654621385,0.396164451869,-0.449677536992,-0.493607837459,0.386113604762,0.636441434652,77
1445360726,789137899,1.45714806499,1.26276333971,0.396384847038,-0.47044648318,-0.464623761338,0.386905362218,0.642735643597,78
1445360726,797666567,1.45488571309,1.27125281262,0.396875685252,-0.464182233188,-0.471475490039,0.385390019521,0.643210890407,79
1445360726,897503558,1.42283688334,1.35990102354,0.375861010344,-0.449767925235,-0.523963571779,0.433257721327,0.57918799693,80
1445360726,915236538,1.41898776131,1.37126627258,0.368150830348,-0.458632057414,-0.520354153314,0.445800661203,0.565817957927,81
1445360726,923120850,1.41712323719,1.37498171817,0.363511880803,-0.472210777706,-0.508739973673,0.463333845167,0.550928641957,82
1445360726,905668003,1.42091715886,1.36556893458,0.372113212389,-0.456742150261,-0.519886448599,0.441010188764,0.571502145354,83
1445360726,930792984,1.41486593098,1.37948144679,0.359272441194,-0.474579225598,-0.504840952684,0.470003360864,0.546815336197,84
1445360726,872450443,1.42988453678,1.34085945197,0.385585592359,-0.443475508147,-0.51986113511,0.416691792642,0.599534672743,85
1445360726,939920541,1.4136554233,1.3838949586,0.355001471995,-0.473630574956,-0.507183144441,0.466411255969,0.548543413749,86
1445360726,947469964,1.4119507034,1.38805334188,0.351092246508,-0.475265913789,-0.504611342083,0.469529342455,0.546838094143,87
1445360726,980966679,1.40659583763,1.40792626435,0.342916900363,-0.468746548067,-0.506497962497,0.470715997806,0.54969349375,88
1445360726,989043614,1.40529578438,1.41292851,0.341513808266,-0.470419795296,-0.505725084677,0.473434634323,0.546632419406,89
1445360726,997533659,1.40418442969,1.41860163636,0.340031046654,-0.469892266654,-0.508404164615,0.473511677527,0.544530214392,90
1445360727,22562818,1.4015541987,1.43479503252,0.334677271391,-0.481466611126,-0.50055838926,0.502411707124,0.514989007511,91
1445360727,13937839,1.4023384619,1.43016012911,0.336722430861,-0.471706442028,-0.508855981054,0.481494881469,0.535463632952,92
1445360727,7850683,1.40313982859,1.42420994778,0.3383528294,-0.471303088041,-0.508226012477,0.47600493095,0.541293843634,93
1445360727,49772421,1.40031662946,1.44997166023,0.331402606841,-0.484562513086,-0.496503785618,0.525279384696,0.492711609151,94
1445360727,55793578,1.39926909785,1.45478756421,0.330796721868,-0.480252014775,-0.499902429027,0.527485785164,0.491135735013,95
1445360727,30963397,1.40111466768,1.44024859812,0.333351975577,-0.482881259866,-0.499321249573,0.511072727581,0.506269341081,96
1445360727,89237493,1.39558676533,1.46961132386,0.327626782535,-0.487819676596,-0.494590797528,0.550327947441,0.46319656345,97
1445360727,105965317,1.39286436046,1.4752272405,0.325837181469,-0.491403572374,-0.490240489597,0.558551874685,0.454099762941,98
1445360727,38972864,1.40077665413,1.44519796621,0.332259381435,-0.484758182904,-0.496623679678,0.519805313632,0.498173524799,99
1445360727,114156163,1.39132698368,1.47800459699,0.32517838218,-0.489624238028,-0.491844499514,0.55671281062,0.456539089591,100
1445360727,72771713,1.39758174203,1.46296178198,0.329338263909,-0.481963451128,-0.499617092339,0.538480941994,0.477631937718,101
1445360727,130841943,1.38953874747,1.4822600893,0.324372191166,-0.491827716627,-0.489088708546,0.562416941862,0.450094341042,102
1445360727,138982433,1.38886479247,1.48422055439,0.32409983041,-0.492056709412,-0.488241169641,0.565410440525,0.447003119381,103
1445360727,147940834,1.38822493148,1.48605406725,0.323777470545,-0.493294975532,-0.487429173373,0.568260247473,0.442891814331,104
1445360727,64139890,1.39854116036,1.45902402565,0.330115470501,-0.481056728916,-0.499832574048,0.533149269534,0.484255797983,105
1445360727,164106436,1.38765542734,1.48932198269,0.322996960095,-0.492169596619,-0.491046277462,0.572912050598,0.434067303347,106
1445360727,156095990,1.38805620625,1.48760519975,0.323243291438,-0.492118899455,-0.491381783673,0.570441569614,0.436988955386,107
1445360727,172707459,1.38740691805,1.49113844587,0.322873669352,-0.49277621688,-0.490444813983,0.574765915965,0.431601235354,108
1445360726,955724365,1.41040439388,1.39171038664,0.347698758789,-0.479538578863,-0.497039859535,0.484831237977,0.536593701135,109
1445360727,197549373,1.38715752107,1.49560492675,0.322128862302,-0.492744358071,-0.491094717932,0.57435930527,0.431439873051,110
1445360727,214164753,1.38732523084,1.49899512,0.321903489136,-0.497101552074,-0.48549046959,0.576782803257,0.429547027379,111
1445360727,189052483,1.3869410491,1.49384832288,0.322142781104,-0.49052429884,-0.493778949836,0.573596540488,0.431920443701,112
1445360727,222534532,1.38727983224,1.5005120592,0.321687468021,-0.497879911634,-0.48449569687,0.576790409503,0.429758463339,113
1445360727,180842082,1.38699477208,1.49271740702,0.322590815925,-0.488659295224,-0.495972599324,0.57210729332,0.433493389616,114
1445360727,256038092,1.38715211536,1.50631247557,0.321303106373,-0.50397445018,-0.4780599202,0.579852747522,0.425722042482,115
1445360727,264266093,1.38705890558,1.50704632324,0.320928967402,-0.506826435342,-0.475347230858,0.583011476542,0.421033956795,116
1445360727,272538583,1.38678642263,1.50932553191,0.321188329719,-0.505989784023,-0.476053707839,0.582121402472,0.422471157005,117
1445360727,297437208,1.38598253774,1.51400132343,0.320486221618,-0.510022523144,-0.471305954352,0.586513676036,0.416832617607,118
1445360727,314197299,1.38528774262,1.51707897069,0.319803263454,-0.512510028997,-0.468616490466,0.589260175789,0.412921905776,119
1445360727,305883254,1.3854813861,1.51541602175,0.320144729135,-0.511239065461,-0.470040372207,0.588353001337,0.41417075254,120
1445360727,330836635,1.38455236216,1.52038552758,0.31901590284,-0.514814103344,-0.465627280025,0.591697436248,0.409941238511,121
1445360727,339328636,1.38408439651,1.52196196041,0.318625692861,-0.515977623183,-0.464598294446,0.593296494572,0.407326388416,122
1445360727,289137830,1.38634631869,1.5123907981,0.320800049845,-0.508697377857,-0.473166786102,0.584983443208,0.418490790177,123
1445360727,347393837,1.3836698666,1.52313501798,0.318072042641,-0.518482729627,-0.462808168286,0.595788261113,0.4025178336,124
1445360727,97558383,1.39424684105,1.47257649124,0.326732864452,-0.489236873663,-0.492671310555,0.55497317812,0.458177948807,125
1445360727,372372151,1.38187273512,1.52862024685,0.317147364753,-0.519388959499,-0.460800987319,0.600801780374,0.396149945773,126
1445360727,389139087,1.38135400452,1.5317129694,0.316403514504,-0.522591623697,-0.45694053142,0.607328670445,0.386335646353,127
1445360727,364140239,1.38252519495,1.52663471806,0.317264907071,-0.519731117539,-0.460382012652,0.599152682627,0.398677853396,128
1445360727,422355180,1.3797755425,1.53898187105,0.315559852495,-0.524788171706,-0.452488807789,0.612163266269,0.380929637984,129
1445360727,413967801,1.37988256628,1.53728048534,0.315876973234,-0.52233765284,-0.455903954728,0.610139266321,0.3834645175,130
1445360727,438958826,1.38024373691,1.54272624782,0.315372436632,-0.529141076722,-0.447794362846,0.616637034426,0.373160417654,131
1445360727,455754117,1.38045981416,1.54594924538,0.314557753717,-0.536198189286,-0.439453632893,0.618655548244,0.369644855193,132
1445360727,564128087,1.38017126195,1.57771282088,0.310929924494,-0.592473747509,-0.386993244554,0.607818211532,0.360233408934,133
1445360730,464353255,1.28849048857,2.19299009157,0.330666531687,-0.49357356366,0.457478520599,-0.318394281959,0.66762536026,134
1445360733,187419733,1.59670400421,-0.473000611224,0.332402713639,-0.547109042875,0.439310728357,-0.31693883483,0.638143834987,135
1445360733,238121429,1.59629448172,-0.48213988002,0.332001542907,-0.536175808994,0.449784256118,-0.318928323752,0.639135626535,136
1445360733,209366936,1.59561402655,-0.478133926143,0.332529116026,-0.541244117226,0.445655318246,-0.321106370787,0.636660695761,137
1445360733,196401112,1.59588663002,-0.475754596164,0.332657482356,-0.545548699241,0.441746374473,-0.320765919798,0.635882050456,138
1445360733,227451916,1.59589559045,-0.480774146488,0.332217900181,-0.537309085469,0.448913402733,-0.320279940007,0.638119474353,139
1445360733,297976592,1.60279360448,-0.49394969822,0.330910246634,-0.525204018472,0.45796026325,-0.300392024747,0.651304665831,140
1445360733,267843921,1.59917766936,-0.487581009504,0.331136329072,-0.534992092796,0.451344374119,-0.309790768467,0.643507106697,141
1445360733,272954278,1.60016136638,-0.488700054664,0.330743096541,-0.529050675687,0.454204184454,-0.306331394403,0.648047080221,142
1445360733,318423883,1.60439477666,-0.496429118159,0.330523408662,-0.526188047202,0.457200660564,-0.297556699978,0.652344774839,143
1445360733,322840506,1.60533611264,-0.498184874588,0.330280228343,-0.525856408113,0.4570501595,-0.297954393439,0.652536105651,144
1445360733,339618686,1.60641273368,-0.500895212555,0.330240000787,-0.527294875986,0.46117731674,-0.290058426738,0.652028914513,145
1445360733,306856771,1.60364564855,-0.494920117642,0.330535826369,-0.527574507777,0.455775390785,-0.299376217538,0.651389140431,146
1445360733,256299298,1.59831830063,-0.485934495162,0.331348722333,-0.53061739856,0.453480196047,-0.311478212615,0.644811764164,147
1445360733,331492374,1.60562945193,-0.500128842307,0.330981786326,-0.519457642507,0.463836958567,-0.293788204695,0.654757607279,148
1445360733,281390545,1.60099186043,-0.490230847752,0.330775516148,-0.52830294618,0.454897100314,-0.303661697078,0.649426053459,149
1445360733,401598072,1.6098659005,-0.516376211673,0.330580592392,-0.509099964991,0.482116171897,-0.287477597749,0.652485902709,150
1445360733,418563007,1.61092611113,-0.521143934771,0.330373254079,-0.502710894667,0.490569362232,-0.278414161399,0.655064128124,151
1445360733,423769186,1.61183269966,-0.523715809172,0.330332656291,-0.500589794403,0.49381485318,-0.275248273385,0.655587626879,152
1445360733,384424869,1.60875852925,-0.511976018823,0.330746997192,-0.51543163179,0.474480419122,-0.289741754992,0.652110634965,153
1445360733,389594870,1.60953990961,-0.513980882604,0.330539196042,-0.512233187592,0.478196646636,-0.289106114203,0.652198423339,154
1445360733,369017534,1.6110626879,-0.51490899632,0.334541314932,-0.527921996264,0.455476179479,-0.312542061351,0.645102531133,155
1445360733,406461050,1.61029288488,-0.518393296072,0.330325591708,-0.505018080261,0.487207637711,-0.282763436896,0.653934473109,156
1445360733,434478298,1.6126862,-0.526581057149,0.330220730068,-0.49815062994,0.497455009792,-0.272630145952,0.655787516381,157
1445360733,439570565,1.6137755875,-0.529497636175,0.330136167659,-0.496006723541,0.500352755061,-0.270019430641,0.656288014352,158
1445360733,468245369,1.61740892004,-0.539037499269,0.329633138843,-0.488802260159,0.510363109052,-0.259342265585,0.65828826259,159
1445360733,456343368,1.61608795724,-0.535677139113,0.329858471929,-0.490991368532,0.507177155811,-0.262942219888,0.657693087733,160
1445360733,484499460,1.62043228559,-0.545781303517,0.328755002016,-0.483019111265,0.517228431506,-0.251156360088,0.660369419781,161
1445360733,506475018,1.62504329965,-0.557445884857,0.327330267865,-0.475385841209,0.528625462003,-0.237559059439,0.661913224055,162
1445360733,356459444,1.60746025467,-0.504407351816,0.330286175649,-0.517963407279,0.468216209603,-0.288503635176,0.655174131262,163
1445360733,518284131,1.62636638439,-0.562043806963,0.326766600419,-0.473428791181,0.532387532749,-0.232504478402,0.662095432833,164
1445360733,289582369,1.60186111556,-0.491616416686,0.330604909273,-0.527792338173,0.455137092618,-0.300833288014,0.650987563255,165
1445360733,534905377,1.62981540042,-0.570492026185,0.325664569595,-0.465177870145,0.543651087766,-0.222625252104,0.662186560589,166
1445360733,539775689,1.63137893479,-0.575168746806,0.324610370849,-0.459490243414,0.549834931794,-0.218498109069,0.662426479181,167
1445360733,448046433,1.61488453756,-0.532577082813,0.330052096811,-0.494026410129,0.503428737578,-0.266376881602,0.656917627426,168
1445360733,473032570,1.61900220617,-0.542246264285,0.329192777864,-0.485962550141,0.513802844291,-0.255696474275,0.659140614818,169
1445360733,581502850,1.64093222616,-0.604385757169,0.320651013926,-0.439824825029,0.581688181543,-0.200604513871,0.654179495059,170
1445360733,589685384,1.64292870227,-0.611423045498,0.319479669339,-0.435235837438,0.589079124974,-0.196184434859,0.651971792218,171
1445360733,608215742,1.64672869612,-0.626548246486,0.316732291857,-0.417636691898,0.610724904462,-0.181600884094,0.647777588025,172
1445360733,634543390,1.65046670599,-0.646111396345,0.306032320177,-0.395581571049,0.639778367049,-0.147981883041,0.642106084689,173
1445360733,623693967,1.64727692426,-0.637364625499,0.306868923557,-0.402109868286,0.6347651459,-0.153900284005,0.641635072265,174
1445360733,618462366,1.6491252287,-0.634940210329,0.31540222943,-0.409898752785,0.619444832746,-0.175924586486,0.646004374226,175
1445360733,599943741,1.64460948638,-0.618642470362,0.318036869289,-0.425012064861,0.601467906019,-0.187805970258,0.649869233221,176
1445360733,656283304,1.66651681602,-0.683313691524,0.310945433769,-0.371285867838,0.65102015772,-0.142309732456,0.646581393665,177
1445360733,489520838,1.62193383486,-0.549581434977,0.328386301788,-0.480740008664,0.520889639154,-0.247066119943,0.660697631499,178
1445360733,676419173,1.67617956801,-0.704763977694,0.312358131232,-0.34815409471,0.664376971091,-0.112722080545,0.65167913821,179
1445360733,665175216,1.67089321082,-0.693895535174,0.312606161213,-0.352938512625,0.661321444656,-0.12114151345,0.650701995435,180
1445360733,681376018,1.68170281564,-0.715692242532,0.313062397211,-0.343288519202,0.668008809357,-0.101499815622,0.652391761624,181
1445360733,348104820,1.60695547297,-0.503914370284,0.330531595558,-0.522775005869,0.461727115716,-0.295463840484,0.6528518077,182
1445360733,698122420,1.69398893465,-0.738587446098,0.313734599712,-0.335670197497,0.670697529658,-0.0852865625867,0.655908945254,183
1445360733,689692508,1.68772320909,-0.727083062982,0.313326865121,-0.339081076044,0.669675614198,-0.0932941742665,0.654106101994,184
1445360733,707059310,1.70072426636,-0.750656785092,0.314699170999,-0.330653150966,0.671181197521,-0.0795938520001,0.658672234556,185
1445360733,718357045,1.7070404258,-0.761368435528,0.314976823511,-0.328033274519,0.671172664368,-0.077355391456,0.660255684433,186
1445360733,640052680,1.65401703524,-0.655871641123,0.305597762095,-0.382052782737,0.64813633223,-0.142077204008,0.643248812006,187
1445360733,784796565,1.76212539495,-0.854244682494,0.318600817156,-0.329305458639,0.659316002105,-0.0750796988585,0.671731615378,188
1445360733,773588297,1.75307806257,-0.838814528082,0.322158378332,-0.302840032733,0.672336901865,-0.0456435126785,0.673919635205,189
1445360733,790419277,1.76301962326,-0.872805229569,0.321495451394,-0.352715963631,0.656580807219,-0.0745901782529,0.662517469882,190
1445360733,771771096,1.74604768469,-0.82546470897,0.320703255918,-0.300573187141,0.674197249789,-0.044609395836,0.673144731356,191
1445360733,798416033,1.76980947263,-0.886438331141,0.322723960173,-0.354935552532,0.655917348783,-0.0722550315882,0.662247986425,192
1445360733,248798763,1.59761352899,-0.484504149496,0.331567032538,-0.531490595222,0.452858361328,-0.313555600506,0.643521512583,193
1445360733,652706104,1.66242703577,-0.673077441125,0.311835793802,-0.375150826634,0.646656667871,-0.151744396581,0.646583830048,194
1445360733,523563154,1.62818423813,-0.56608334659,0.32628385093,-0.469217171944,0.537926395506,-0.227684938675,0.662291482107,195
1445360733,373089001,1.60880841084,-0.509991752532,0.33039291495,-0.518696639705,0.469997077332,-0.29185202968,0.65182738208,196
1445360733,498011373,1.62350779829,-0.553342199798,0.327868092967,-0.477804888574,0.524749433458,-0.242347780531,0.661519518844,197
1445360734,251528091,2.11437208188,-1.35738978532,0.361435714542,-0.76476243212,0.178031806857,-0.100894343926,0.610952886505,198
1445360734,265505915,2.12030247151,-1.35823806015,0.355718686831,-0.764363328849,0.17047996689,-0.0841629814425,0.616118393619,199
1445360734,256486402,2.11737169968,-1.35788029397,0.358559891064,-0.76433641238,0.174946618647,-0.0922966960073,0.613730274013,200
1445360734,275230405,2.12333662915,-1.35855913395,0.353126861212,-0.764505794326,0.165253071021,-0.0759855549755,0.618424213946,201
1445360734,282978317,2.12654183914,-1.35901006339,0.350950851954,-0.765308383493,0.158449285459,-0.0675502990966,0.620188567441,202
1445360734,293252807,2.12998784315,-1.35958713901,0.349179427619,-0.765788792595,0.152472669015,-0.0581921146303,0.622039619424,203
1445360734,302689830,2.13325436615,-1.36032703191,0.34768810022,-0.766796409236,0.143181115339,-0.0482351617545,0.623855595602,204
1445360734,306460631,2.1365295366,-1.36132651348,0.346138982703,-0.766827950157,0.139032864565,-0.0372747239063,0.625504078633,205
1445360734,314725788,2.14029172467,-1.36271141814,0.345028886133,-0.766489655762,0.134494398006,-0.0214782863157,0.627649223477,206
1445360734,323213389,2.14471508716,-1.36489661351,0.344888304451,-0.766618952257,0.125661352955,-0.0179229391653,0.629430992775,207
1445360734,332113612,2.14276920794,-1.36568818548,0.340624262853,-0.759343031553,0.140884522272,0.00104619142227,0.635254765664,208
1445360734,339921168,2.1454995469,-1.36808786169,0.339521318646,-0.756403717476,0.140862386352,0.0137319645192,0.638609925893,209
1445360734,352234326,2.14748999497,-1.37048859526,0.338319254117,-0.753108617408,0.140688268234,0.0129516234576,0.642546867565,210
1445360734,356510148,2.14942917099,-1.37315741605,0.337450758675,-0.749634034451,0.141874172362,0.0163971898481,0.646259751009,211
1445360734,365318949,2.15098405063,-1.3759747008,0.336665831045,-0.746420743318,0.143643286209,0.0179016759476,0.649539998976,212
1445360734,373458951,2.15251311539,-1.37905073488,0.336155586175,-0.743551937131,0.146791599887,0.0238760583399,0.651929963133,213
1445360734,381444952,2.1563055938,-1.38278426814,0.336992549908,-0.742344097365,0.14235902113,0.0142614140891,0.654565323156,214
1445360734,390139842,2.15694381871,-1.38582185553,0.33631956761,-0.739259316521,0.146299287544,0.0120046837034,0.657227562546,215
1445360734,399426287,2.15737525388,-1.38894844814,0.335741175062,-0.735915850006,0.150550056778,0.00976166529928,0.660050946522,216
1445360734,407115533,2.15933002185,-1.38538188495,0.335004897006,-0.728055644278,0.151850818196,0.0064841599954,0.668456628,217
1445360734,415768867,2.15946613513,-1.38824830832,0.334525132755,-0.724643228047,0.15680951633,0.00436461483784,0.671031979693,218
1445360734,423798379,2.15980523358,-1.39104969235,0.334368198625,-0.722658889041,0.159806885557,0.000381932775722,0.672477318239,219
