1,1440710638,814000000,2.98008593446,-2.39901343479,-0.648170190067,0.206811795317,0.681272598025,0.670543123386,0.208490882719,0
1,1440710638,982000000,2.98070225757,-2.39907015454,-0.648472090789,0.207139292508,0.681339358799,0.670288968184,0.208764678003,1
1,1440710639,83000000,2.98177084713,-2.39926547413,-0.648763329376,0.207117263642,0.681563359846,0.670063482319,0.20877920222,2
1,1440710639,162000000,2.9818970177,-2.39928918696,-0.648791594643,0.207092062295,0.681590091999,0.670048024717,0.208766541372,3
1,1440710639,162000000,2.9818970177,-2.39928918696,-0.648791594643,0.207092062295,0.681590091999,0.670048024717,0.208766541372,4
1,1440710639,162000000,2.9818970177,-2.39928918696,-0.648791594643,0.207092062295,0.681590091999,0.670048024717,0.208766541372,5
1,1440710639,162000000,2.9818970177,-2.39928918696,-0.648791594643,0.207092062295,0.681590091999,0.670048024717,0.208766541372,6
1,1440710639,258000000,2.98202189829,-2.39931334317,-0.648820243298,0.207068410111,0.681612426884,0.670034867514,0.208759309653,7
1,1440710639,258000000,2.98202189829,-2.39931334317,-0.648820243298,0.207068410111,0.681612426884,0.670034867514,0.208759309653,8
1,1440710639,258000000,2.98202189829,-2.39931334317,-0.648820243298,0.207068410111,0.681612426884,0.670034867514,0.208759309653,9
1,1440710639,258000000,2.98202189829,-2.39931334317,-0.648820243298,0.207068410111,0.681612426884,0.670034867514,0.208759309653,10
1,1440710639,258000000,2.98202189829,-2.39931334317,-0.648820243298,0.207068410111,0.681612426884,0.670034867514,0.208759309653,11
1,1440710639,258000000,2.98202189829,-2.39931334317,-0.648820243298,0.207068410111,0.681612426884,0.670034867514,0.208759309653,12
1,1440710639,258000000,2.98202189829,-2.39931334317,-0.648820243298,0.207068410111,0.681612426884,0.670034867514,0.208759309653,13
1,1440710639,258000000,2.98202189829,-2.39931334317,-0.648820243298,0.207068410111,0.681612426884,0.670034867514,0.208759309653,14
1,1440710639,258000000,2.98202189829,-2.39931334317,-0.648820243298,0.207068410111,0.681612426884,0.670034867514,0.208759309653,15
1,1440710639,258000000,2.98202189829,-2.39931334317,-0.648820243298,0.207068410111,0.681612426884,0.670034867514,0.208759309653,16
1,1440710639,399000000,2.98214557621,-2.39933768116,-0.648845965253,0.207048786304,0.681627662118,0.670027329192,0.208753223835,17
1,1440710639,475000000,2.98226933008,-2.3993620961,-0.64887063892,0.20703482085,0.681641158389,0.670019964619,0.208746643465,18
1,1440710640,633000000,2.98448769336,-2.39965696184,-0.649342784653,0.206683532892,0.681741294191,0.669911099062,0.209116819936,19
1,1440710640,633000000,2.98448769336,-2.39965696184,-0.649342784653,0.206683532892,0.681741294191,0.669911099062,0.209116819936,20
1,1440710640,934000000,2.98492496854,-2.39969029428,-0.649436941757,0.206819993526,0.68168818018,0.669831608002,0.209409484509,21
1,1440710640,934000000,2.98492496854,-2.39969029428,-0.649436941757,0.206819993526,0.68168818018,0.669831608002,0.209409484509,22
1,1440710641,90000000,2.98503323581,-2.39970066941,-0.649460868244,0.2068665397,0.681661266807,0.669818449769,0.209493189476,23
1,1440710641,90000000,2.98503323581,-2.39970066941,-0.649460868244,0.2068665397,0.681661266807,0.669818449769,0.209493189476,24
1,1440710641,90000000,2.98503323581,-2.39970066941,-0.649460868244,0.2068665397,0.681661266807,0.669818449769,0.209493189476,25
1,1440710641,343000000,2.98525112029,-2.39972222216,-0.649507425093,0.206959816351,0.681619119195,0.66978430639,0.209647307824,26
1,1440710641,343000000,2.98525112029,-2.39972222216,-0.649507425093,0.206959816351,0.681619119195,0.66978430639,0.209647307824,27
1,1440710641,343000000,2.98525112029,-2.39972222216,-0.649507425093,0.206959816351,0.681619119195,0.66978430639,0.209647307824,28
1,1440710641,676000000,2.9856356037,-2.39969057719,-0.649571363603,0.207043875593,0.68160554547,0.669704757712,0.20986245844,29
1,1440710641,676000000,2.9856356037,-2.39969057719,-0.649571363603,0.207043875593,0.68160554547,0.669704757712,0.20986245844,30
1,1440710641,676000000,2.9856356037,-2.39969057719,-0.649571363603,0.207043875593,0.68160554547,0.669704757712,0.20986245844,31
1,1440710641,779000000,2.98573209931,-2.39968358474,-0.649587143724,0.207046335975,0.681605982383,0.669690765398,0.209903259336,32
1,1440710641,779000000,2.98573209931,-2.39968358474,-0.649587143724,0.207046335975,0.681605982383,0.669690765398,0.209903259336,33
1,1440710641,779000000,2.98573209931,-2.39968358474,-0.649587143724,0.207046335975,0.681605982383,0.669690765398,0.209903259336,34
1,1440710641,779000000,2.98573209931,-2.39968358474,-0.649587143724,0.207046335975,0.681605982383,0.669690765398,0.209903259336,35
1,1440710641,779000000,2.98573209931,-2.39968358474,-0.649587143724,0.207046335975,0.681605982383,0.669690765398,0.209903259336,36
1,1440710641,779000000,2.98573209931,-2.39968358474,-0.649587143724,0.207046335975,0.681605982383,0.669690765398,0.209903259336,37
1,1440710641,779000000,2.98573209931,-2.39968358474,-0.649587143724,0.207046335975,0.681605982383,0.669690765398,0.209903259336,38
1,1440710641,779000000,2.98573209931,-2.39968358474,-0.649587143724,0.207046335975,0.681605982383,0.669690765398,0.209903259336,39
1,1440710641,779000000,2.98573209931,-2.39968358474,-0.649587143724,0.207046335975,0.681605982383,0.669690765398,0.209903259336,40
1,1440710641,779000000,2.98573209931,-2.39968358474,-0.649587143724,0.207046335975,0.681605982383,0.669690765398,0.209903259336,41
1,1440710641,779000000,2.98573209931,-2.39968358474,-0.649587143724,0.207046335975,0.681605982383,0.669690765398,0.209903259336,42
1,1440710642,181000000,2.98602067523,-2.39966046762,-0.649635776185,0.207003133064,0.681593805748,0.669687981485,0.209994272117,43
1,1440710642,700000000,2.98692320924,-2.39928200063,-0.649942998436,0.205859994154,0.681659672627,0.670164985845,0.209381578149,44
1,1440710642,700000000,2.98692320924,-2.39928200063,-0.649942998436,0.205859994154,0.681659672627,0.670164985845,0.209381578149,45
1,1440710642,700000000,2.98692320924,-2.39928200063,-0.649942998436,0.205859994154,0.681659672627,0.670164985845,0.209381578149,46
1,1440710642,700000000,2.98692320924,-2.39928200063,-0.649942998436,0.205859994154,0.681659672627,0.670164985845,0.209381578149,47
1,1440710642,700000000,2.98692320924,-2.39928200063,-0.649942998436,0.205859994154,0.681659672627,0.670164985845,0.209381578149,48
1,1440710642,700000000,2.98692320924,-2.39928200063,-0.649942998436,0.205859994154,0.681659672627,0.670164985845,0.209381578149,49
1,1440710642,810000000,2.98715808586,-2.39915043607,-0.650031960146,0.205589441066,0.681606693556,0.670359973264,0.209195610057,50
1,1440710642,810000000,2.98715808586,-2.39915043607,-0.650031960146,0.205589441066,0.681606693556,0.670359973264,0.209195610057,51
1,1440710642,810000000,2.98715808586,-2.39915043607,-0.650031960146,0.205589441066,0.681606693556,0.670359973264,0.209195610057,52
1,1440710642,810000000,2.98715808586,-2.39915043607,-0.650031960146,0.205589441066,0.681606693556,0.670359973264,0.209195610057,53
1,1440710642,810000000,2.98715808586,-2.39915043607,-0.650031960146,0.205589441066,0.681606693556,0.670359973264,0.209195610057,54
1,1440710642,810000000,2.98715808586,-2.39915043607,-0.650031960146,0.205589441066,0.681606693556,0.670359973264,0.209195610057,55
1,1440710642,810000000,2.98715808586,-2.39915043607,-0.650031960146,0.205589441066,0.681606693556,0.670359973264,0.209195610057,56
1,1440710642,810000000,2.98715808586,-2.39915043607,-0.650031960146,0.205589441066,0.681606693556,0.670359973264,0.209195610057,57
1,1440710642,905000000,2.98725066031,-2.39916721739,-0.650071059513,0.205520059177,0.681562510774,0.670439058768,0.209154291519,58
1,1440710642,957000000,2.98739310774,-2.39919530783,-0.6501291084,0.205415027755,0.681509303659,0.670551865933,0.209069200247,59
1,1440710643,368000000,2.98856285238,-2.39938697062,-0.650614696115,0.204957144731,0.681410920334,0.670943725024,0.208581505232,60
1,1440710643,810000000,2.98974157941,-2.39931626605,-0.651015449101,0.205943461661,0.681731356603,0.670304206025,0.208619077287,61
1,1440710643,810000000,2.98974157941,-2.39931626605,-0.651015449101,0.205943461661,0.681731356603,0.670304206025,0.208619077287,62
1,1440710643,810000000,2.98974157941,-2.39931626605,-0.651015449101,0.205943461661,0.681731356603,0.670304206025,0.208619077287,63
1,1440710643,810000000,2.98974157941,-2.39931626605,-0.651015449101,0.205943461661,0.681731356603,0.670304206025,0.208619077287,64
1,1440710643,810000000,2.98974157941,-2.39931626605,-0.651015449101,0.205943461661,0.681731356603,0.670304206025,0.208619077287,65
1,1440710643,810000000,2.98974157941,-2.39931626605,-0.651015449101,0.205943461661,0.681731356603,0.670304206025,0.208619077287,66
1,1440710643,810000000,2.98974157941,-2.39931626605,-0.651015449101,0.205943461661,0.681731356603,0.670304206025,0.208619077287,67
1,1440710643,810000000,2.98974157941,-2.39931626605,-0.651015449101,0.205943461661,0.681731356603,0.670304206025,0.208619077287,68
1,1440710643,810000000,2.98974157941,-2.39931626605,-0.651015449101,0.205943461661,0.681731356603,0.670304206025,0.208619077287,69
1,1440710643,810000000,2.98974157941,-2.39931626605,-0.651015449101,0.205943461661,0.681731356603,0.670304206025,0.208619077287,70
1,1440710643,810000000,2.98974157941,-2.39931626605,-0.651015449101,0.205943461661,0.681731356603,0.670304206025,0.208619077287,71
1,1440710643,810000000,2.98974157941,-2.39931626605,-0.651015449101,0.205943461661,0.681731356603,0.670304206025,0.208619077287,72
1,1440710643,810000000,2.98974157941,-2.39931626605,-0.651015449101,0.205943461661,0.681731356603,0.670304206025,0.208619077287,73
1,1440710643,810000000,2.98974157941,-2.39931626605,-0.651015449101,0.205943461661,0.681731356603,0.670304206025,0.208619077287,74
1,1440710644,350000000,2.99732738629,-2.3922516667,-0.65168868509,0.208677308317,0.681788692074,0.670041606219,0.206548314661,75
1,1440710644,934000000,2.99682327616,-2.38993771393,-0.65147560104,0.208756069377,0.681878252236,0.670192388834,0.205682071593,76
1,1440710645,74000000,2.99655118815,-2.38870677239,-0.651359697001,0.209015056204,0.681882379016,0.670171855634,0.205472166935,77
1,1440710645,183000000,2.99644694441,-2.38825528579,-0.651309127115,0.209083705383,0.681897520757,0.670160488172,0.205389131702,78
1,1440710645,183000000,2.99644694441,-2.38825528579,-0.651309127115,0.209083705383,0.681897520757,0.670160488172,0.205389131702,79
1,1440710645,196000000,2.99639491521,-2.38802912656,-0.651284060668,0.209117993989,0.681900228825,0.670158668128,0.205351167642,80
1,1440710645,196000000,2.99558737725,-2.38466437361,-0.650888827584,0.20991907264,0.681899547911,0.669955318431,0.205199563369,81
1,1440710645,387000000,2.99444717126,-2.37995322154,-0.650333677316,0.210944398955,0.681908414709,0.669726619945,0.20486490435,82
1,1440710645,396000000,2.99439064944,-2.37973026554,-0.650306523575,0.210985839952,0.681924433478,0.66970438856,0.204841583446,83
1,1440710645,445000000,2.99433518602,-2.37950504781,-0.650279443281,0.211031610478,0.681939113051,0.669682964857,0.204815605,84
1,1440710645,445000000,2.99433518602,-2.37950504781,-0.650279443281,0.211031610478,0.681939113051,0.669682964857,0.204815605,85
1,1440710645,445000000,2.99433518602,-2.37950504781,-0.650279443281,0.211031610478,0.681939113051,0.669682964857,0.204815605,86
1,1440710645,445000000,2.99433518602,-2.37950504781,-0.650279443281,0.211031610478,0.681939113051,0.669682964857,0.204815605,87
1,1440710645,445000000,2.99433518602,-2.37950504781,-0.650279443281,0.211031610478,0.681939113051,0.669682964857,0.204815605,88
1,1440710645,445000000,2.99433518602,-2.37950504781,-0.650279443281,0.211031610478,0.681939113051,0.669682964857,0.204815605,89
1,1440710645,445000000,2.99433518602,-2.37950504781,-0.650279443281,0.211031610478,0.681939113051,0.669682964857,0.204815605,90
1,1440710645,445000000,2.99433518602,-2.37950504781,-0.650279443281,0.211031610478,0.681939113051,0.669682964857,0.204815605,91
1,1440710645,445000000,2.99433518602,-2.37950504781,-0.650279443281,0.211031610478,0.681939113051,0.669682964857,0.204815605,92
1,1440710645,964000000,2.99521726308,-2.37586747355,-0.650175416434,0.211344475346,0.682018931308,0.669541252324,0.204690501772,93
1,1440710646,800000000,2.99648771425,-2.37059725201,-0.650030466153,0.21171908393,0.682125196623,0.669308747875,0.204709661838,94
1,1440710646,800000000,2.99648771425,-2.37059725201,-0.650030466153,0.21171908393,0.682125196623,0.669308747875,0.204709661838,95
1,1440710646,800000000,2.99648771425,-2.37059725201,-0.650030466153,0.21171908393,0.682125196623,0.669308747875,0.204709661838,96
1,1440710646,800000000,2.99648771425,-2.37059725201,-0.650030466153,0.21171908393,0.682125196623,0.669308747875,0.204709661838,97
1,1440710646,800000000,2.99648771425,-2.37059725201,-0.650030466153,0.21171908393,0.682125196623,0.669308747875,0.204709661838,98
1,1440710646,800000000,2.99648771425,-2.37059725201,-0.650030466153,0.21171908393,0.682125196623,0.669308747875,0.204709661838,99
1,1440710646,800000000,2.99648771425,-2.37059725201,-0.650030466153,0.21171908393,0.682125196623,0.669308747875,0.204709661838,100
1,1440710646,800000000,2.99648771425,-2.37059725201,-0.650030466153,0.21171908393,0.682125196623,0.669308747875,0.204709661838,101
1,1440710646,800000000,2.99648771425,-2.37059725201,-0.650030466153,0.21171908393,0.682125196623,0.669308747875,0.204709661838,102
1,1440710646,800000000,2.99648771425,-2.37059725201,-0.650030466153,0.21171908393,0.682125196623,0.669308747875,0.204709661838,103
1,1440710646,800000000,2.99648771425,-2.37059725201,-0.650030466153,0.21171908393,0.682125196623,0.669308747875,0.204709661838,104
1,1440710646,800000000,2.99648771425,-2.37059725201,-0.650030466153,0.21171908393,0.682125196623,0.669308747875,0.204709661838,105
1,1440710646,960000000,2.99658416024,-2.37019503615,-0.650018982623,0.211736097419,0.682124001657,0.66929927891,0.204727005216,106
1,1440710646,960000000,2.99658416024,-2.37019503615,-0.650018982623,0.211736097419,0.682124001657,0.66929927891,0.204727005216,107
1,1440710646,960000000,2.99658416024,-2.37019503615,-0.650018982623,0.211736097419,0.682124001657,0.66929927891,0.204727005216,108
1,1440710646,960000000,2.99658416024,-2.37019503615,-0.650018982623,0.211736097419,0.682124001657,0.66929927891,0.204727005216,109
1,1440710646,960000000,2.99658416024,-2.37019503615,-0.650018982623,0.211736097419,0.682124001657,0.66929927891,0.204727005216,110
1,1440710647,76000000,2.99668142305,-2.36979204232,-0.650008021104,0.211760596148,0.682128304361,0.66927987647,0.204750758879,111
1,1440710647,410000000,2.99688126682,-2.36898032969,-0.649987543196,0.211782634747,0.682172426496,0.669221170218,0.204772853378,112
1,1440710647,457000000,2.99698038575,-2.36857442542,-0.649976438831,0.211771490614,0.682199357843,0.669195561243,0.204778350259,113
1,1440710647,457000000,2.99698038575,-2.36857442542,-0.649976438831,0.211771490614,0.682199357843,0.669195561243,0.204778350259,114
1,1440710647,645000000,2.99926573177,-2.36271224426,-0.649293778793,0.211371924605,0.68238709543,0.66904677084,0.205051651806,115
1,1440710647,645000000,2.99926573177,-2.36271224426,-0.649293778793,0.211371924605,0.68238709543,0.66904677084,0.205051651806,116
1,1440710647,838000000,3.00223265396,-2.35642544842,-0.648256629159,0.210564070541,0.682447598853,0.669088935524,0.20554328833,117
1,1440710648,571000000,3.00223265396,-2.35642544842,-0.648256629159,0.210564070541,0.682447598853,0.669088935524,0.20554328833,118
1,1440710649,55000000,3.00418291496,-2.35232256264,-0.647583605472,0.210326700684,0.682434926434,0.669029381274,0.206021690981,119
1,1440710649,55000000,3.00457889071,-2.35150167581,-0.647448925084,0.210326700684,0.682434926434,0.669029381274,0.206021690981,120
1,1440710649,110000000,3.00457889071,-2.35150167581,-0.647448925084,0.210304270937,0.682406358067,0.669041467048,0.206099955037,121
1,1440710649,110000000,3.00457889071,-2.35150167581,-0.647448925084,0.210304270937,0.682406358067,0.669041467048,0.206099955037,122
1,1440710649,110000000,3.00457889071,-2.35150167581,-0.647448925084,0.210304270937,0.682406358067,0.669041467048,0.206099955037,123
1,1440710649,110000000,3.00457889071,-2.35150167581,-0.647448925084,0.210304270937,0.682406358067,0.669041467048,0.206099955037,124
1,1440710649,334000000,3.00496655425,-2.3506875807,-0.647311222262,0.21022935288,0.682378376953,0.669089265058,0.206113864739,125
1,1440710649,334000000,3.00496655425,-2.3506875807,-0.647311222262,0.21022935288,0.682378376953,0.669089265058,0.206113864739,126
1,1440710649,334000000,3.00496655425,-2.3506875807,-0.647311222262,0.21022935288,0.682378376953,0.669089265058,0.206113864739,127
1,1440710649,611000000,3.00175917368,-2.34430269233,-0.645488339283,0.209230846736,0.682035268094,0.669796438761,0.205968629827,128
1,1440710649,611000000,3.00175917368,-2.34430269233,-0.645488339283,0.209230846736,0.682035268094,0.669796438761,0.205968629827,129
1,1440710649,611000000,3.00175917368,-2.34430269233,-0.645488339283,0.209230846736,0.682035268094,0.669796438761,0.205968629827,130
1,1440710649,611000000,3.00158419452,-2.34429172867,-0.645471782979,0.209229670723,0.68202898255,0.669797910532,0.205985851208,131
1,1440710649,639000000,3.00158419452,-2.34429172867,-0.645471782979,0.209229670723,0.68202898255,0.669797910532,0.205985851208,132
1,1440710649,639000000,3.00158419452,-2.34429172867,-0.645471782979,0.209229670723,0.68202898255,0.669797910532,0.205985851208,133
1,1440710649,639000000,3.00158419452,-2.34429172867,-0.645471782979,0.209229670723,0.68202898255,0.669797910532,0.205985851208,134
1,1440710649,683000000,2.99824906263,-2.34411455158,-0.64516035588,0.209258945053,0.681788488574,0.669959175628,0.206227674562,135
1,1440710649,683000000,2.99824906263,-2.34411455158,-0.64516035588,0.209258945053,0.681788488574,0.669959175628,0.206227674562,136
1,1440710649,683000000,2.99824906263,-2.34411455158,-0.64516035588,0.209258945053,0.681788488574,0.669959175628,0.206227674562,137
1,1440710649,784000000,2.99230114619,-2.34323418514,-0.644507980158,0.209245692171,0.681528672325,0.670232462656,0.206211917961,138
1,1440710649,784000000,2.99230114619,-2.34323418514,-0.644507980158,0.209245692171,0.681528672325,0.670232462656,0.206211917961,139
1,1440710649,784000000,2.99230114619,-2.34323418514,-0.644507980158,0.209245692171,0.681528672325,0.670232462656,0.206211917961,140
1,1440710649,784000000,2.99201113289,-2.34312559343,-0.644465051798,0.209245692171,0.681528672325,0.670232462656,0.206211917961,141
1,1440710649,800000000,2.99201113289,-2.34312559343,-0.644465051798,0.209260516919,0.681542769349,0.670214163322,0.206209759442,142
1,1440710650,163000000,2.99113866105,-2.34280232509,-0.644335771804,0.209281897045,0.681520027037,0.670232164018,0.2062047202,143
1,1440710650,230000000,2.98792971922,-2.34162222516,-0.643859604063,0.209312137059,0.681513179793,0.670245217859,0.206154221362,144
1,1440710651,394000000,2.97861828191,-2.33715111279,-0.641969373592,0.209415924295,0.681269877571,0.670402177491,0.206342542832,145
1,1440710651,394000000,2.97861828191,-2.33715111279,-0.641969373592,0.209415924295,0.681269877571,0.670402177491,0.206342542832,146
1,1440710651,394000000,2.97861828191,-2.33715111279,-0.641969373592,0.209415924295,0.681269877571,0.670402177491,0.206342542832,147
1,1440710651,394000000,2.97861828191,-2.33715111279,-0.641969373592,0.209415924295,0.681269877571,0.670402177491,0.206342542832,148
1,1440710651,394000000,2.97861828191,-2.33715111279,-0.641969373592,0.209415924295,0.681269877571,0.670402177491,0.206342542832,149
1,1440710651,394000000,2.97861828191,-2.33715111279,-0.641969373592,0.209415924295,0.681269877571,0.670402177491,0.206342542832,150
1,1440710651,394000000,2.97861828191,-2.33715111279,-0.641969373592,0.209415924295,0.681269877571,0.670402177491,0.206342542832,151
1,1440710651,394000000,2.97786760418,-2.3367333576,-0.641784667648,0.209415924295,0.681269877571,0.670402177491,0.206342542832,152
1,1440710651,394000000,2.97786760418,-2.3367333576,-0.641784667648,0.209415924295,0.681269877571,0.670402177491,0.206342542832,153
1,1440710651,394000000,2.97786760418,-2.3367333576,-0.641784667648,0.209415924295,0.681269877571,0.670402177491,0.206342542832,154
1,1440710651,709000000,2.97749397314,-2.3365216901,-0.641693197577,0.209354564177,0.6812908391,0.670412606808,0.206301710244,155
1,1440710651,709000000,2.97749397314,-2.3365216901,-0.641693197577,0.209354564177,0.6812908391,0.670412606808,0.206301710244,156
1,1440710651,709000000,2.97749397314,-2.3365216901,-0.641693197577,0.209354564177,0.6812908391,0.670412606808,0.206301710244,157
1,1440710651,709000000,2.97749397314,-2.3365216901,-0.641693197577,0.209354564177,0.6812908391,0.670412606808,0.206301710244,158
1,1440710652,117000000,2.97674790671,-2.3360972605,-0.641510104691,0.209353295264,0.681307566412,0.670393433642,0.206310062386,159
1,1440710652,199000000,2.97637213152,-2.33588727776,-0.641417514291,0.209351326247,0.681309516199,0.670392128605,0.206309862196,160
1,1440710652,199000000,2.97599742099,-2.33567628977,-0.641324428821,0.209351326247,0.681309516199,0.670392128605,0.206309862196,161
1,1440710652,484000000,2.96535219839,-2.32997652473,-0.638875088185,0.209567951872,0.681415812829,0.670071337894,0.206780477096,162
1,1440710652,782000000,2.95882944795,-2.32702291465,-0.637664076435,0.209340624364,0.68156527174,0.669987948274,0.206788376162,163
1,1440710652,782000000,2.95882944795,-2.32702291465,-0.637664076435,0.209340624364,0.68156527174,0.669987948274,0.206788376162,164
1,1440710652,782000000,2.95836436008,-2.32680886003,-0.637578040243,0.209346643584,0.681568794463,0.669975018775,0.206812561156,165
1,1440710652,944000000,2.95789868492,-2.32659628667,-0.637491869085,0.209357221358,0.681567013849,0.669965867952,0.206837364318,166
1,1440710652,944000000,2.95789868492,-2.32659628667,-0.637491869085,0.209357221358,0.681567013849,0.669965867952,0.206837364318,167
1,1440710652,944000000,2.95789868492,-2.32659628667,-0.637491869085,0.209357221358,0.681567013849,0.669965867952,0.206837364318,168
1,1440710652,944000000,2.95789868492,-2.32659628667,-0.637491869085,0.209357221358,0.681567013849,0.669965867952,0.206837364318,169
1,1440710652,944000000,2.95789868492,-2.32659628667,-0.637491869085,0.209357221358,0.681567013849,0.669965867952,0.206837364318,170
1,1440710652,944000000,2.95789868492,-2.32659628667,-0.637491869085,0.209357221358,0.681567013849,0.669965867952,0.206837364318,171
1,1440710652,944000000,2.95789868492,-2.32659628667,-0.637491869085,0.209357221358,0.681567013849,0.669965867952,0.206837364318,172
1,1440710652,944000000,2.95789868492,-2.32659628667,-0.637491869085,0.209357221358,0.681567013849,0.669965867952,0.206837364318,173
1,1440710653,413000000,2.94741643079,-2.32177466182,-0.635800069932,0.209429621337,0.681861457947,0.669590200715,0.207010021448,174
1,1440710653,498000000,2.94696848868,-2.32156329904,-0.635735643296,0.209433288412,0.681861948155,0.669586031621,0.207018181861,175
1,1440710653,900000000,2.94471912605,-2.32051804397,-0.635410140559,0.209481029945,0.681910222423,0.66951270751,0.207048016485,176
1,1440710654,109000000,2.94021960383,-2.31842727671,-0.634753782192,0.209566554173,0.6819445241,0.669427155237,0.207125105319,177
1,1440710654,709000000,2.93931792122,-2.31801275245,-0.634623572907,0.209836214349,0.68196755992,0.669235349077,0.207395896562,178
1,1440710654,709000000,2.93931792122,-2.31801275245,-0.634623572907,0.209836214349,0.68196755992,0.669235349077,0.207395896562,179
1,1440710654,709000000,2.93931792122,-2.31801275245,-0.634623572907,0.209836214349,0.68196755992,0.669235349077,0.207395896562,180
1,1440710654,709000000,2.93931792122,-2.31801275245,-0.634623572907,0.209836214349,0.68196755992,0.669235349077,0.207395896562,181
1,1440710654,709000000,2.93931792122,-2.31801275245,-0.634623572907,0.209836214349,0.68196755992,0.669235349077,0.207395896562,182
1,1440710654,709000000,2.93931792122,-2.31801275245,-0.634623572907,0.209836214349,0.68196755992,0.669235349077,0.207395896562,183
1,1440710654,709000000,2.93931792122,-2.31801275245,-0.634623572907,0.209836214349,0.68196755992,0.669235349077,0.207395896562,184
1,1440710654,915000000,2.93385668167,-2.31578046223,-0.633881730189,0.210211084781,0.681982898308,0.668958704082,0.207857832386,185
1,1440710654,915000000,2.93385668167,-2.31578046223,-0.633881730189,0.210211084781,0.681982898308,0.668958704082,0.207857832386,186
1,1440710654,915000000,2.93385668167,-2.31578046223,-0.633881730189,0.210211084781,0.681982898308,0.668958704082,0.207857832386,187
1,1440710654,915000000,2.93385668167,-2.31578046223,-0.633881730189,0.210211084781,0.681982898308,0.668958704082,0.207857832386,188
1,1440710654,966000000,2.93344498223,-2.31562030697,-0.633826634962,0.210219380287,0.681984221898,0.668947620041,0.207880770818,189
1,1440710654,966000000,2.93344498223,-2.31562030697,-0.633826634962,0.210219380287,0.681984221898,0.668947620041,0.207880770818,190
1,1440710655,79000000,2.93303188354,-2.31546169248,-0.633771599102,0.210219100162,0.681984310642,0.668942420562,0.207897493824,191
1,1440710654,915000000,2.93344498223,-2.31562030697,-0.633826634962,0.210219380287,0.681984221898,0.668947620041,0.207880770818,192
1,1440710655,759000000,2.92563718401,-2.31256103404,-0.632789816763,0.210287624606,0.682186947553,0.668596135935,0.208276956331,193
1,1440710655,985000000,2.92481440942,-2.31224419435,-0.632679201108,0.210291485209,0.682250017919,0.66852232471,0.208303398107,194
1,1440710655,985000000,2.92481440942,-2.31224419435,-0.632679201108,0.210291485209,0.682250017919,0.66852232471,0.208303398107,195
1,1440710655,985000000,2.92481440942,-2.31224419435,-0.632679201108,0.210291485209,0.682250017919,0.66852232471,0.208303398107,196
1,1440710655,985000000,2.92481440942,-2.31224419435,-0.632679201108,0.210291485209,0.682250017919,0.66852232471,0.208303398107,197
1,1440710655,985000000,2.92481440942,-2.31224419435,-0.632679201108,0.210291485209,0.682250017919,0.66852232471,0.208303398107,198
1,1440710655,985000000,2.92481440942,-2.31224419435,-0.632679201108,0.210291485209,0.682250017919,0.66852232471,0.208303398107,199
1,1440710655,985000000,2.92481440942,-2.31224419435,-0.632679201108,0.210291485209,0.682250017919,0.66852232471,0.208303398107,200
1,1440710655,985000000,2.92481440942,-2.31224419435,-0.632679201108,0.210291485209,0.682250017919,0.66852232471,0.208303398107,201
1,1440710655,985000000,2.92481440942,-2.31224419435,-0.632679201108,0.210291485209,0.682250017919,0.66852232471,0.208303398107,202
1,1440710655,985000000,2.92481440942,-2.31224419435,-0.632679201108,0.210291485209,0.682250017919,0.66852232471,0.208303398107,203
1,1440710655,985000000,2.92481440942,-2.31224419435,-0.632679201108,0.210291485209,0.682250017919,0.66852232471,0.208303398107,204
1,1440710655,985000000,2.92481440942,-2.31224419435,-0.632679201108,0.210291485209,0.682250017919,0.66852232471,0.208303398107,205
1,1440710655,985000000,2.92481440942,-2.31224419435,-0.632679201108,0.210291485209,0.682250017919,0.66852232471,0.208303398107,206
1,1440710656,455000000,2.92234748523,-2.31128840779,-0.632352750155,0.21028566083,0.682393924617,0.66834650841,0.208402056591,207
1,1440710656,455000000,2.92234748523,-2.31128840779,-0.632352750155,0.21028566083,0.682393924617,0.66834650841,0.208402056591,208
1,1440710656,455000000,2.92234748523,-2.31128840779,-0.632352750155,0.21028566083,0.682393924617,0.66834650841,0.208402056591,209
1,1440710656,917000000,2.91316254401,-2.30782331056,-0.63143541107,0.210431622838,0.682745474152,0.667831907165,0.208752708743,210
1,1440710657,11000000,2.91092878017,-2.30699406108,-0.631233268689,0.210485336602,0.682787174953,0.667755974541,0.208805065218,211
1,1440710657,36000000,2.90958846973,-2.30649470301,-0.631113315039,0.210530158766,0.682806257766,0.667701634452,0.208871237741,212
1,1440710657,36000000,2.90958846973,-2.30649470301,-0.631113315039,0.210530158766,0.682806257766,0.667701634452,0.208871237741,213
1,1440710657,721000000,2.89174735728,-2.29984762533,-0.629495942413,0.210513283733,0.682892527625,0.667667725319,0.208714545861,214
1,1440710657,811000000,2.88951425967,-2.29901476178,-0.62929186868,0.210425291446,0.682815096469,0.667804447344,0.20861917664,215
1,1440710657,811000000,2.88951425967,-2.29901476178,-0.62929186868,0.210425291446,0.682815096469,0.667804447344,0.20861917664,216
1,1440710657,811000000,2.88951425967,-2.29901476178,-0.62929186868,0.210425291446,0.682815096469,0.667804447344,0.20861917664,217
1,1440710657,811000000,2.88951425967,-2.29901476178,-0.62929186868,0.210425291446,0.682815096469,0.667804447344,0.20861917664,218
1,1440710657,811000000,2.88951425967,-2.29901476178,-0.62929186868,0.210425291446,0.682815096469,0.667804447344,0.20861917664,219
1,1440710657,811000000,2.88951425967,-2.29901476178,-0.62929186868,0.210425291446,0.682815096469,0.667804447344,0.20861917664,220
1,1440710657,811000000,2.88951425967,-2.29901476178,-0.62929186868,0.210425291446,0.682815096469,0.667804447344,0.20861917664,221
1,1440710657,811000000,2.88951425967,-2.29901476178,-0.62929186868,0.210425291446,0.682815096469,0.667804447344,0.20861917664,222
1,1440710657,811000000,2.88951425967,-2.29901476178,-0.62929186868,0.210425291446,0.682815096469,0.667804447344,0.20861917664,223
1,1440710657,811000000,2.88951425967,-2.29901476178,-0.62929186868,0.210425291446,0.682815096469,0.667804447344,0.20861917664,224
1,1440710657,811000000,2.88951425967,-2.29901476178,-0.62929186868,0.210425291446,0.682815096469,0.667804447344,0.20861917664,225
1,1440710657,811000000,2.88951425967,-2.29901476178,-0.62929186868,0.210425291446,0.682815096469,0.667804447344,0.20861917664,226
1,1440710658,5000000,2.88772761665,-2.29834905503,-0.629132536343,0.210405185641,0.682776744686,0.667860099905,0.208586820595,227
1,1440710658,5000000,2.88772761665,-2.29834905503,-0.629132536343,0.210405185641,0.682776744686,0.667860099905,0.208586820595,228
1,1440710658,5000000,2.88772761665,-2.29834905503,-0.629132536343,0.210405185641,0.682776744686,0.667860099905,0.208586820595,229
1,1440710658,5000000,2.88772761665,-2.29834905503,-0.629132536343,0.210405185641,0.682776744686,0.667860099905,0.208586820595,230
1,1440710658,5000000,2.88772761665,-2.29834905503,-0.629132536343,0.210405185641,0.682776744686,0.667860099905,0.208586820595,231
1,1440710658,5000000,2.88772761665,-2.29834905503,-0.629132536343,0.210405185641,0.682776744686,0.667860099905,0.208586820595,232
1,1440710658,5000000,2.88772761665,-2.29834905503,-0.629132536343,0.210405185641,0.682776744686,0.667860099905,0.208586820595,233
1,1440710658,166000000,2.8868329609,-2.29801972097,-0.629050549605,0.210382968031,0.682737005698,0.667910987266,0.208576367075,234
1,1440710658,166000000,2.8868329609,-2.29801972097,-0.629050549605,0.210382968031,0.682737005698,0.667910987266,0.208576367075,235
1,1440710658,230000000,2.88594326396,-2.29768243189,-0.628969224445,0.210373634118,0.682712754847,0.667946054517,0.208552863066,236
1,1440710658,595000000,2.87900521921,-2.29519484373,-0.628668029789,0.210080037285,0.682590374902,0.668218598258,0.208376253369,237
1,1440710658,595000000,2.87900521921,-2.29519484373,-0.628668029789,0.210080037285,0.682590374902,0.668218598258,0.208376253369,238
1,1440710658,595000000,2.87900521921,-2.29519484373,-0.628668029789,0.210080037285,0.682590374902,0.668218598258,0.208376253369,239
1,1440710658,595000000,2.87900521921,-2.29519484373,-0.628668029789,0.210080037285,0.682590374902,0.668218598258,0.208376253369,240
1,1440710658,595000000,2.87900521921,-2.29519484373,-0.628668029789,0.210080037285,0.682590374902,0.668218598258,0.208376253369,241
1,1440710658,650000000,2.87794159131,-2.29482220168,-0.628654374669,0.210060202894,0.682590756924,0.668228633098,0.20836281729,242
1,1440710658,697000000,2.87687356605,-2.2944545425,-0.62863819676,0.210056520096,0.682570527249,0.668248824994,0.208368043592,243
1,1440710659,165000000,2.8619710389,-2.28923840396,-0.628450330164,0.210214376768,0.68235134936,0.668197573888,0.209089822988,244
1,1440710659,553000000,2.85823701152,-2.28794711569,-0.628402358989,0.21010689608,0.682236647507,0.668316049863,0.209193466708,245
1,1440710659,564000000,2.84488384922,-2.28338816777,-0.628237235,0.209165577446,0.681223792844,0.669533316197,0.209544849083,246
1,1440710659,564000000,2.84488384922,-2.28338816777,-0.628237235,0.209165577446,0.681223792844,0.669533316197,0.209544849083,247
1,1440710659,715000000,2.83345076324,-2.28046791395,-0.628233365263,0.208023724179,0.679730844881,0.671336975894,0.209758846046,248
1,1440710659,715000000,2.83345076324,-2.28046791395,-0.628233365263,0.208023724179,0.679730844881,0.671336975894,0.209758846046,249
1,1440710659,715000000,2.83277302702,-2.2803327804,-0.628278673748,0.20794864393,0.6796575251,0.67144159508,0.209736011357,250
1,1440710659,747000000,2.83243334897,-2.28026738367,-0.628301066287,0.207918616676,0.67961658165,0.6714954213,0.209726130846,251
1,1440710659,772000000,2.83175068528,-2.28014108172,-0.628343404678,0.207869374573,0.679537200888,0.671597586923,0.209705023695,252
1,1440710659,772000000,2.83175068528,-2.28014108172,-0.628343404678,0.207869374573,0.679537200888,0.671597586923,0.209705023695,253
1,1440710659,891000000,2.83141014107,-2.28007445937,-0.628366202023,0.207859912952,0.679509410827,0.671628881718,0.209704226059,254
1,1440710659,891000000,2.83141014107,-2.28007445937,-0.628366202023,0.207859912952,0.679509410827,0.671628881718,0.209704226059,255
1,1440710660,59000000,2.83073180035,-2.27994309136,-0.628411759847,0.207858539665,0.679438542712,0.671693375754,0.209728641665,256
1,1440710660,509000000,2.81628519669,-2.27749950602,-0.629687632135,0.208160108702,0.678423607297,0.672909202378,0.208815668865,257
1,1440710660,509000000,2.81628519669,-2.27749950602,-0.629687632135,0.208160108702,0.678423607297,0.672909202378,0.208815668865,258
1,1440710660,509000000,2.81628519669,-2.27749950602,-0.629687632135,0.208160108702,0.678423607297,0.672909202378,0.208815668865,259
1,1440710660,509000000,2.81628519669,-2.27749950602,-0.629687632135,0.208160108702,0.678423607297,0.672909202378,0.208815668865,260
1,1440710660,509000000,2.81628519669,-2.27749950602,-0.629687632135,0.208160108702,0.678423607297,0.672909202378,0.208815668865,261
1,1440710660,509000000,2.81628519669,-2.27749950602,-0.629687632135,0.208160108702,0.678423607297,0.672909202378,0.208815668865,262
1,1440710660,509000000,2.81628519669,-2.27749950602,-0.629687632135,0.208160108702,0.678423607297,0.672909202378,0.208815668865,263
1,1440710660,509000000,2.81628519669,-2.27749950602,-0.629687632135,0.208160108702,0.678423607297,0.672909202378,0.208815668865,264
1,1440710660,509000000,2.81628519669,-2.27749950602,-0.629687632135,0.208160108702,0.678423607297,0.672909202378,0.208815668865,265
1,1440710660,509000000,2.81628519669,-2.27749950602,-0.629687632135,0.208160108702,0.678423607297,0.672909202378,0.208815668865,266
1,1440710660,509000000,2.81628519669,-2.27749950602,-0.629687632135,0.208160108702,0.678423607297,0.672909202378,0.208815668865,267
1,1440710660,509000000,2.81628519669,-2.27749950602,-0.629687632135,0.208160108702,0.678423607297,0.672909202378,0.208815668865,268
1,1440710660,509000000,2.81628519669,-2.27749950602,-0.629687632135,0.208160108702,0.678423607297,0.672909202378,0.208815668865,269
1,1440710660,509000000,2.81628519669,-2.27749950602,-0.629687632135,0.208160108702,0.678423607297,0.672909202378,0.208815668865,270
1,1440710660,509000000,2.81628519669,-2.27749950602,-0.629687632135,0.208160108702,0.678423607297,0.672909202378,0.208815668865,271
1,1440710660,509000000,2.81628519669,-2.27749950602,-0.629687632135,0.208160108702,0.678423607297,0.672909202378,0.208815668865,272
1,1440710660,980000000,2.81596485413,-2.27746977609,-0.629744474087,0.208176999155,0.678403224991,0.672933147132,0.208787884791,273
1,1440710661,6000000,2.81467536795,-2.27736048885,-0.629967676316,0.208294509684,0.678308160947,0.673014516008,0.208717266346,274
1,1440710661,123000000,2.81274491068,-2.27719124493,-0.630303609898,0.208497685645,0.678142438219,0.673137607727,0.208655959969,275
1,1440710661,260000000,2.81074615223,-2.27715654789,-0.630760294138,0.208641317923,0.677990751922,0.673302426651,0.208473458814,276
1,1440710661,260000000,2.81074615223,-2.27715654789,-0.630760294138,0.208641317923,0.677990751922,0.673302426651,0.208473458814,277
1,1440710661,260000000,2.81074615223,-2.27715654789,-0.630760294138,0.208641317923,0.677990751922,0.673302426651,0.208473458814,278
1,1440710661,260000000,2.81074615223,-2.27715654789,-0.630760294138,0.208641317923,0.677990751922,0.673302426651,0.208473458814,279
1,1440710661,260000000,2.81074615223,-2.27715654789,-0.630760294138,0.208641317923,0.677990751922,0.673302426651,0.208473458814,280
1,1440710661,260000000,2.81074615223,-2.27715654789,-0.630760294138,0.208641317923,0.677990751922,0.673302426651,0.208473458814,281
1,1440710661,260000000,2.81074615223,-2.27715654789,-0.630760294138,0.208641317923,0.677990751922,0.673302426651,0.208473458814,282
1,1440710661,260000000,2.81074615223,-2.27715654789,-0.630760294138,0.208641317923,0.677990751922,0.673302426651,0.208473458814,283
1,1440710661,260000000,2.81074615223,-2.27715654789,-0.630760294138,0.208641317923,0.677990751922,0.673302426651,0.208473458814,284
1,1440710661,260000000,2.81074615223,-2.27715654789,-0.630760294138,0.208641317923,0.677990751922,0.673302426651,0.208473458814,285
1,1440710662,68000000,2.80326514866,-2.27725585009,-0.632664723924,0.209304690848,0.677458000842,0.673793355708,0.207953642161,286
1,1440710662,68000000,2.80326514866,-2.27725585009,-0.632664723924,0.209304690848,0.677458000842,0.673793355708,0.207953642161,287
1,1440710662,533000000,2.79780954849,-2.27731905728,-0.634051902818,0.209540471913,0.677191983148,0.674085799987,0.207634637878,288
1,1440710662,603000000,2.79678471967,-2.27735724408,-0.634353134106,0.209307535051,0.677178040496,0.67425193704,0.207375462964,289
1,1440710662,603000000,2.79678471967,-2.27735724408,-0.634353134106,0.209307535051,0.677178040496,0.67425193704,0.207375462964,290
1,1440710662,603000000,2.79678471967,-2.27735724408,-0.634353134106,0.209307535051,0.677178040496,0.67425193704,0.207375462964,291
1,1440710662,603000000,2.79678471967,-2.27735724408,-0.634353134106,0.209307535051,0.677178040496,0.67425193704,0.207375462964,292
1,1440710662,603000000,2.79678471967,-2.27735724408,-0.634353134106,0.209307535051,0.677178040496,0.67425193704,0.207375462964,293
1,1440710662,616000000,2.79644265847,-2.27738364143,-0.634476259191,0.209199036195,0.677172221873,0.674326890777,0.207260197706,294
1,1440710662,616000000,2.79644265847,-2.27738364143,-0.634476259191,0.209199036195,0.677172221873,0.674326890777,0.207260197706,295
1,1440710662,616000000,2.79610137842,-2.2774081812,-0.634601582836,0.209199036195,0.677172221873,0.674326890777,0.207260197706,296
1,1440710662,653000000,2.79541589112,-2.27746779609,-0.634855342099,0.208801775948,0.677157099396,0.674569858164,0.206919277872,297
1,1440710662,653000000,2.79541589112,-2.27746779609,-0.634855342099,0.208801775948,0.677157099396,0.674569858164,0.206919277872,298
1,1440710662,653000000,2.79541589112,-2.27746779609,-0.634855342099,0.208801775948,0.677157099396,0.674569858164,0.206919277872,299
1,1440710662,653000000,2.79541589112,-2.27746779609,-0.634855342099,0.208801775948,0.677157099396,0.674569858164,0.206919277872,300
1,1440710662,653000000,2.79541589112,-2.27746779609,-0.634855342099,0.208801775948,0.677157099396,0.674569858164,0.206919277872,301
1,1440710662,653000000,2.79541589112,-2.27746779609,-0.634855342099,0.208801775948,0.677157099396,0.674569858164,0.206919277872,302
1,1440710662,653000000,2.79541589112,-2.27746779609,-0.634855342099,0.208801775948,0.677157099396,0.674569858164,0.206919277872,303
1,1440710662,653000000,2.79541589112,-2.27746779609,-0.634855342099,0.208801775948,0.677157099396,0.674569858164,0.206919277872,304
1,1440710662,653000000,2.79541589112,-2.27746779609,-0.634855342099,0.208801775948,0.677157099396,0.674569858164,0.206919277872,305
1,1440710662,653000000,2.79541589112,-2.27746779609,-0.634855342099,0.208801775948,0.677157099396,0.674569858164,0.206919277872,306
1,1440710662,653000000,2.79541589112,-2.27746779609,-0.634855342099,0.208801775948,0.677157099396,0.674569858164,0.206919277872,307
1,1440710662,897000000,2.79226094417,-2.27787708666,-0.636022384728,0.209780030683,0.674505838542,0.676780506856,0.207370099194,308
1,1440710662,897000000,2.79226094417,-2.27787708666,-0.636022384728,0.209780030683,0.674505838542,0.676780506856,0.207370099194,309
1,1440710662,897000000,2.79226094417,-2.27787708666,-0.636022384728,0.209780030683,0.674505838542,0.676780506856,0.207370099194,310
1,1440710662,897000000,2.79226094417,-2.27787708666,-0.636022384728,0.209780030683,0.674505838542,0.676780506856,0.207370099194,311
1,1440710662,897000000,2.79226094417,-2.27787708666,-0.636022384728,0.209780030683,0.674505838542,0.676780506856,0.207370099194,312
1,1440710662,897000000,2.79226094417,-2.27787708666,-0.636022384728,0.209780030683,0.674505838542,0.676780506856,0.207370099194,313
1,1440710662,897000000,2.79226094417,-2.27787708666,-0.636022384728,0.209780030683,0.674505838542,0.676780506856,0.207370099194,314
1,1440710662,897000000,2.79226094417,-2.27787708666,-0.636022384728,0.209780030683,0.674505838542,0.676780506856,0.207370099194,315
1,1440710662,953000000,2.7919204708,-2.27789903899,-0.636147370531,0.210000521259,0.67392583901,0.677231360609,0.207560662924,316
1,1440710663,129000000,2.79124012158,-2.27793079408,-0.636396542186,0.210487328188,0.6727543447,0.678111817823,0.207992881823,317
1,1440710663,129000000,2.79124012158,-2.27793079408,-0.636396542186,0.210487328188,0.6727543447,0.678111817823,0.207992881823,318
1,1440710663,227000000,2.79056666519,-2.2779539536,-0.636651434623,0.210907282503,0.671652998997,0.67895741387,0.208367937257,319
1,1440710663,250000000,2.78955897366,-2.27799803949,-0.637033145048,0.211185373377,0.670125485796,0.680337135891,0.208504083618,320
1,1440710663,333000000,2.78922787521,-2.27800884546,-0.637159201536,0.211156066465,0.669674072133,0.680821228911,0.20840395143,321
1,1440710663,485000000,2.77928058604,-2.28275663801,-0.641688278011,0.219094499857,0.649581516949,0.696901055605,0.210642758402,322
1,1440710663,623000000,2.77928058604,-2.28275663801,-0.641688278011,0.219094499857,0.649581516949,0.696901055605,0.210642758402,323
1,1440710663,737000000,2.77888969385,-2.28317052432,-0.641917330038,0.219325529423,0.647766298264,0.698407718736,0.211001880055,324
1,1440710663,890000000,2.75720628378,-2.30936111005,-0.653673604729,0.206735520768,0.537942767029,0.779353012434,0.245940817809,325
1,1440710664,183000000,2.74967955373,-2.31901778173,-0.657703696681,0.213715632812,0.515626819682,0.785218935569,0.268115337755,326
1,1440710664,460000000,2.64995483383,-2.41193726998,-0.660227412421,0.325509580797,0.599795551312,0.663869274144,0.305886247293,327
1,1440710664,460000000,2.64995483383,-2.41193726998,-0.660227412421,0.325509580797,0.599795551312,0.663869274144,0.305886247293,328
1,1440710664,460000000,2.64995483383,-2.41193726998,-0.660227412421,0.325509580797,0.599795551312,0.663869274144,0.305886247293,329
1,1440710664,460000000,2.64995483383,-2.41193726998,-0.660227412421,0.325509580797,0.599795551312,0.663869274144,0.305886247293,330
1,1440710664,460000000,2.64995483383,-2.41193726998,-0.660227412421,0.325509580797,0.599795551312,0.663869274144,0.305886247293,331
1,1440710664,460000000,2.64995483383,-2.41193726998,-0.660227412421,0.325509580797,0.599795551312,0.663869274144,0.305886247293,332
1,1440710664,580000000,2.62763103162,-2.43087670634,-0.648106268382,0.349791476554,0.619984506849,0.634245053306,0.301659322009,333
1,1440710664,937000000,2.39435041609,-2.99690972788,-0.439772836689,0.385444309718,0.610572749704,0.547193563459,0.423335334615,334
1,1440710665,137000000,2.38358708903,-3.00139780797,-0.440679652951,0.376159526581,0.609560335045,0.553350407386,0.425139430243,335
1,1440710665,137000000,2.38358708903,-3.00139780797,-0.440679652951,0.376159526581,0.609560335045,0.553350407386,0.425139430243,336
1,1440710665,137000000,2.38358708903,-3.00139780797,-0.440679652951,0.376159526581,0.609560335045,0.553350407386,0.425139430243,337
1,1440710665,137000000,2.38358708903,-3.00139780797,-0.440679652951,0.376159526581,0.609560335045,0.553350407386,0.425139430243,338
1,1440710665,424000000,2.30986611773,-3.09052490415,-0.434653686283,0.301370601526,0.574243003158,0.611963162982,0.452682914426,339
1,1440710665,424000000,2.30986611773,-3.09052490415,-0.434653686283,0.301370601526,0.574243003158,0.611963162982,0.452682914426,340
1,1440710665,435000000,2.30235555716,-3.10281441742,-0.430663792382,0.29317294015,0.560563560386,0.620297304189,0.463734165602,341
1,1440710665,435000000,2.30235555716,-3.10281441742,-0.430663792382,0.29317294015,0.560563560386,0.620297304189,0.463734165602,342
1,1440710665,435000000,2.30235555716,-3.10281441742,-0.430663792382,0.29317294015,0.560563560386,0.620297304189,0.463734165602,343
1,1440710665,435000000,2.30235555716,-3.10281441742,-0.430663792382,0.29317294015,0.560563560386,0.620297304189,0.463734165602,344
1,1440710665,586000000,2.28735374086,-3.12403519166,-0.426580758006,0.281111184921,0.537229706243,0.631919684998,0.482740361016,345
1,1440710665,586000000,2.28735374086,-3.12403519166,-0.426580758006,0.281111184921,0.537229706243,0.631919684998,0.482740361016,346
1,1440710665,796000000,2.25567544663,-3.16350894702,-0.424164286285,0.271542179452,0.462570128697,0.651671526585,0.53630023518,347
1,1440710665,845000000,2.24329457757,-3.17646299351,-0.425684982416,0.271000194309,0.42158565468,0.65919835235,0.560608564607,348
1,1440710665,845000000,2.24329457757,-3.17646299351,-0.425684982416,0.271000194309,0.42158565468,0.65919835235,0.560608564607,349
1,1440710665,845000000,2.24329457757,-3.17646299351,-0.425684982416,0.271000194309,0.42158565468,0.65919835235,0.560608564607,350
1,1440710665,845000000,2.24329457757,-3.17646299351,-0.425684982416,0.271000194309,0.42158565468,0.65919835235,0.560608564607,351
1,1440710665,845000000,2.24329457757,-3.17646299351,-0.425684982416,0.271000194309,0.42158565468,0.65919835235,0.560608564607,352
1,1440710665,962000000,2.24116410583,-3.17851262208,-0.426115879274,0.270585939688,0.414631695634,0.660301086276,0.564682460929,353
1,1440710665,962000000,2.24116410583,-3.17851262208,-0.426115879274,0.270585939688,0.414631695634,0.660301086276,0.564682460929,354
1,1440710665,962000000,2.24116410583,-3.17851262208,-0.426115879274,0.270585939688,0.414631695634,0.660301086276,0.564682460929,355
1,1440710665,962000000,2.23902152851,-3.18052181194,-0.426598831993,0.270155481856,0.407593313908,0.66124355731,0.56889424676,356
1,1440710666,120000000,2.2303303612,-3.1881188626,-0.429050565197,0.270271762832,0.376762528751,0.662848434764,0.587907410802,357
1,1440710666,770000000,2.21361006093,-3.19163128371,-0.425621927361,0.273400488783,0.357305912913,0.661393826852,0.600119040801,358
1,1440710666,770000000,2.21361006093,-3.19163128371,-0.425621927361,0.273400488783,0.357305912913,0.661393826852,0.600119040801,359
1,1440710666,932000000,2.19673804454,-3.19463372323,-0.422768932447,0.278267798647,0.334572881108,0.658000459547,0.614543256979,360
1,1440710667,18000000,2.16268351948,-3.198963172,-0.418957799374,0.289273923224,0.280641073269,0.648414632109,0.645848008593,361
1,1440710667,61000000,2.15408363558,-3.19964685001,-0.418374791697,0.290774885308,0.267498376638,0.646495398114,0.652639475352,362
1,1440710667,61000000,2.15408363558,-3.19964685001,-0.418374791697,0.290774885308,0.267498376638,0.646495398114,0.652639475352,363
1,1440710667,61000000,2.15408363558,-3.19964685001,-0.418374791697,0.290774885308,0.267498376638,0.646495398114,0.652639475352,364
1,1440710667,61000000,2.15408363558,-3.19964685001,-0.418374791697,0.290774885308,0.267498376638,0.646495398114,0.652639475352,365
1,1440710667,476000000,1.93185718233,-3.23507054883,-0.395443515163,0.274101744257,0.208924284769,0.6388925435,0.687775541066,366
1,1440710667,867000000,1.90654379266,-3.23887014864,-0.39061607147,0.290655434675,0.261352792575,0.614873795198,0.68494113038,367
1,1440710667,867000000,1.89399566095,-3.24064926665,-0.387803098063,0.297617091445,0.269058616291,0.609944049989,0.683373824318,368
1,1440710667,921000000,1.89399566095,-3.24064926665,-0.387803098063,0.297617091445,0.269058616291,0.609944049989,0.683373824318,369
1,1440710667,921000000,1.89399566095,-3.24064926665,-0.387803098063,0.297617091445,0.269058616291,0.609944049989,0.683373824318,370
1,1440710667,921000000,1.89399566095,-3.24064926665,-0.387803098063,0.297617091445,0.269058616291,0.609944049989,0.683373824318,371
1,1440710667,921000000,1.89399566095,-3.24064926665,-0.387803098063,0.297617091445,0.269058616291,0.609944049989,0.683373824318,372
1,1440710667,921000000,1.89399566095,-3.24064926665,-0.387803098063,0.297617091445,0.269058616291,0.609944049989,0.683373824318,373
1,1440710668,39000000,1.88154032797,-3.24235165074,-0.384693000894,0.305827093012,0.276545135528,0.604613500065,0.681494748868,374
1,1440710668,39000000,1.88154032797,-3.24235165074,-0.384693000894,0.305827093012,0.276545135528,0.604613500065,0.681494748868,375
1,1440710668,39000000,1.88154032797,-3.24235165074,-0.384693000894,0.305827093012,0.276545135528,0.604613500065,0.681494748868,376
1,1440710668,39000000,1.88154032797,-3.24235165074,-0.384693000894,0.305827093012,0.276545135528,0.604613500065,0.681494748868,377
1,1440710668,39000000,1.88154032797,-3.24235165074,-0.384693000894,0.305827093012,0.276545135528,0.604613500065,0.681494748868,378
1,1440710668,39000000,1.85694580952,-3.24553032319,-0.377519814998,0.326289403785,0.290375003272,0.592298191023,0.677052756706,379
1,1440710668,370000000,1.69516811022,-3.26192786303,-0.279892445764,0.508696961575,0.3992884076,0.465041012503,0.604593272813,380
1,1440710668,630000000,1.6783381859,-3.26397677626,-0.261202754358,0.528483844665,0.415962055762,0.44919226222,0.588138338876,381
1,1440710668,82000000,1.85694580952,-3.24553032319,-0.377519814998,0.326289403785,0.290375003272,0.592298191023,0.677052756706,382
1,1440710668,672000000,1.67043726924,-3.26507328754,-0.251413438275,0.538424413954,0.423187289496,0.44097279625,0.580133313502,383
1,1440710669,210000000,1.35193747607,-3.44791524682,0.237020850168,0.748119824919,0.520060633157,0.0716287472287,0.405860798765,384
1,1440710669,210000000,1.35193747607,-3.44791524682,0.237020850168,0.748119824919,0.520060633157,0.0716287472287,0.405860798765,385
1,1440710669,338000000,1.34700729974,-3.44784553366,0.244281188953,0.751890868264,0.520472074154,0.0645613461973,0.399500656851,386
1,1440710669,338000000,1.34700729974,-3.44784553366,0.244281188953,0.751890868264,0.520472074154,0.0645613461973,0.399500656851,387
1,1440710669,722000000,1.31930633182,-3.44755815087,0.289234185364,0.765030433362,0.522870528808,0.0492865097094,0.372700531386,388
1,1440710669,722000000,1.31930633182,-3.44755815087,0.289234185364,0.765030433362,0.522870528808,0.0492865097094,0.372700531386,389
1,1440710669,722000000,1.31930633182,-3.44755815087,0.289234185364,0.765030433362,0.522870528808,0.0492865097094,0.372700531386,390
1,1440710669,722000000,1.31930633182,-3.44755815087,0.289234185364,0.765030433362,0.522870528808,0.0492865097094,0.372700531386,391
1,1440710669,722000000,1.31930633182,-3.44755815087,0.289234185364,0.765030433362,0.522870528808,0.0492865097094,0.372700531386,392
1,1440710669,722000000,1.31930633182,-3.44755815087,0.289234185364,0.765030433362,0.522870528808,0.0492865097094,0.372700531386,393
1,1440710669,722000000,1.31930633182,-3.44755815087,0.289234185364,0.765030433362,0.522870528808,0.0492865097094,0.372700531386,394
1,1440710669,722000000,1.31482829075,-3.44758490315,0.296800880549,0.765238564703,0.523631132966,0.0509427850322,0.37097871682,395
1,1440710669,890000000,1.31035272065,-3.44766181498,0.30436258571,0.764793985634,0.524407912758,0.0531234121734,0.370492110109,396
1,1440710670,521000000,1.6654435289,-3.73940057427,0.402970068222,0.656814370077,0.731618929172,0.000264062149166,0.182561102124,397
1,1440710670,791000000,1.65106175658,-3.74894797404,0.426956616875,0.652365786349,0.730187886164,0.00140363516668,0.20308264699,398
1,1440710670,791000000,1.6436442999,-3.75362277733,0.438649082272,0.648078865637,0.72963829988,0.00660065050421,0.218124200112,399
1,1440710671,130000000,1.60155710094,-3.78542971223,0.518710753635,0.617672270607,0.738367907394,0.0966871807685,0.25287425438,400
1,1440710671,130000000,1.60155710094,-3.78542971223,0.518710753635,0.617672270607,0.738367907394,0.0966871807685,0.25287425438,401
1,1440710671,130000000,1.60155710094,-3.78542971223,0.518710753635,0.617672270607,0.738367907394,0.0966871807685,0.25287425438,402
1,1440710671,130000000,1.60155710094,-3.78542971223,0.518710753635,0.617672270607,0.738367907394,0.0966871807685,0.25287425438,403
1,1440710671,161000000,1.5791645914,-3.80702573839,0.558303477315,0.59926767565,0.745961510387,0.140998479738,0.254045481467,404
1,1440710671,161000000,1.5791645914,-3.80702573839,0.558303477315,0.59926767565,0.745961510387,0.140998479738,0.254045481467,405
1,1440710671,161000000,1.5791645914,-3.80702573839,0.558303477315,0.59926767565,0.745961510387,0.140998479738,0.254045481467,406
1,1440710671,175000000,1.57403975751,-3.81230269328,0.566865794056,0.595912986404,0.746328429745,0.145128064411,0.258494550251,407
1,1440710671,653000000,1.45866770138,-4.02941227041,-0.417332529172,0.227383728216,0.407110862008,0.652117596732,0.59774578728,408
1,1440710671,653000000,1.45866770138,-4.02941227041,-0.417332529172,0.227383728216,0.407110862008,0.652117596732,0.59774578728,409
1,1440710671,653000000,1.45866770138,-4.02941227041,-0.417332529172,0.227383728216,0.407110862008,0.652117596732,0.59774578728,410
1,1440710671,653000000,1.45736904081,-4.0337306553,-0.417131489276,0.227383728216,0.407110862008,0.652117596732,0.59774578728,411
1,1440710671,770000000,1.45736904081,-4.0337306553,-0.417131489276,0.226589621224,0.405227498697,0.652501052875,0.598907500245,412
1,1440710671,770000000,1.45736904081,-4.0337306553,-0.417131489276,0.226589621224,0.405227498697,0.652501052875,0.598907500245,413
1,1440710671,770000000,1.45736904081,-4.0337306553,-0.417131489276,0.226589621224,0.405227498697,0.652501052875,0.598907500245,414
1,1440710671,770000000,1.45736904081,-4.0337306553,-0.417131489276,0.226589621224,0.405227498697,0.652501052875,0.598907500245,415
1,1440710671,770000000,1.45736904081,-4.0337306553,-0.417131489276,0.226589621224,0.405227498697,0.652501052875,0.598907500245,416
1,1440710671,770000000,1.45736904081,-4.0337306553,-0.417131489276,0.226589621224,0.405227498697,0.652501052875,0.598907500245,417
1,1440710671,770000000,1.45736904081,-4.0337306553,-0.417131489276,0.226589621224,0.405227498697,0.652501052875,0.598907500245,418
1,1440710672,83000000,1.45225194328,-4.05117190681,-0.41634945368,0.223262002576,0.397653681053,0.654346896516,0.603204581523,419
1,1440710672,276000000,1.4433417216,-4.08165183441,-0.415331257457,0.210457431584,0.388189072048,0.661129397396,0.606568078399,420
1,1440710672,276000000,1.4433417216,-4.08165183441,-0.415331257457,0.210457431584,0.388189072048,0.661129397396,0.606568078399,421
1,1440710672,276000000,1.4433417216,-4.08165183441,-0.415331257457,0.210457431584,0.388189072048,0.661129397396,0.606568078399,422
1,1440710672,276000000,1.4433417216,-4.08165183441,-0.415331257457,0.210457431584,0.388189072048,0.661129397396,0.606568078399,423
1,1440710672,276000000,1.4433417216,-4.08165183441,-0.415331257457,0.210457431584,0.388189072048,0.661129397396,0.606568078399,424
1,1440710672,276000000,1.4433417216,-4.08165183441,-0.415331257457,0.210457431584,0.388189072048,0.661129397396,0.606568078399,425
1,1440710672,276000000,1.4433417216,-4.08165183441,-0.415331257457,0.210457431584,0.388189072048,0.661129397396,0.606568078399,426
1,1440710672,276000000,1.4433417216,-4.08165183441,-0.415331257457,0.210457431584,0.388189072048,0.661129397396,0.606568078399,427
1,1440710672,276000000,1.4433417216,-4.08165183441,-0.415331257457,0.210457431584,0.388189072048,0.661129397396,0.606568078399,428
1,1440710672,276000000,1.4433417216,-4.08165183441,-0.415331257457,0.210457431584,0.388189072048,0.661129397396,0.606568078399,429
1,1440710672,562000000,1.43965318152,-4.09472230376,-0.415006530548,0.202397240381,0.384758312503,0.66526944614,0.606970314002,430
1,1440710672,463000000,1.44087202986,-4.09036296984,-0.415103664832,0.205432715871,0.38578559805,0.663733205279,0.606980315823,431
1,1440710672,683000000,1.43845149262,-4.09908026765,-0.414912830023,0.199566682385,0.383306039338,0.666611465566,0.607353911212,432
1,1440710672,994000000,1.42148463179,-4.16084752693,-0.415079568498,0.157127377804,0.342317874825,0.687176561947,0.62122285247,433
1,1440710673,254000000,1.3952273419,-4.21293516467,-0.424364890187,0.133084658513,0.301076341869,0.693600613383,0.640749326297,434
1,1440710673,333000000,1.35855590033,-4.28327004819,-0.444700292998,0.124603115249,0.224636303661,0.697005630872,0.669474230483,435
1,1440710673,333000000,1.35855590033,-4.28327004819,-0.444700292998,0.124603115249,0.224636303661,0.697005630872,0.669474230483,436
1,1440710673,397000000,1.35063191227,-4.29766771907,-0.450802451348,0.128393031394,0.201357173688,0.6987273772,0.674351963328,437
1,1440710673,397000000,1.35063191227,-4.29766771907,-0.450802451348,0.128393031394,0.201357173688,0.6987273772,0.674351963328,438
1,1440710673,397000000,1.35063191227,-4.29766771907,-0.450802451348,0.128393031394,0.201357173688,0.6987273772,0.674351963328,439
1,1440710673,397000000,1.35063191227,-4.29766771907,-0.450802451348,0.128393031394,0.201357173688,0.6987273772,0.674351963328,440
1,1440710673,427000000,1.34800337537,-4.30238473494,-0.45301235009,0.128619071786,0.193507770007,0.698995832876,0.676325885163,441
1,1440710673,427000000,1.34537445721,-4.30704518423,-0.455300273698,0.130017735051,0.185435583399,0.699793101932,0.677494389254,442
1,1440710673,427000000,1.34537445721,-4.30704518423,-0.455300273698,0.130017735051,0.185435583399,0.699793101932,0.677494389254,443
1,1440710673,458000000,1.34537445721,-4.30704518423,-0.455300273698,0.130017735051,0.185435583399,0.699793101932,0.677494389254,444
1,1440710673,458000000,1.34537445721,-4.30704518423,-0.455300273698,0.130017735051,0.185435583399,0.699793101932,0.677494389254,445
1,1440710673,458000000,1.34537445721,-4.30704518423,-0.455300273698,0.130017735051,0.185435583399,0.699793101932,0.677494389254,446
1,1440710673,458000000,1.34537445721,-4.30704518423,-0.455300273698,0.130017735051,0.185435583399,0.699793101932,0.677494389254,447
1,1440710673,458000000,1.34537445721,-4.30704518423,-0.455300273698,0.130017735051,0.185435583399,0.699793101932,0.677494389254,448
1,1440710673,565000000,1.34274556057,-4.31163943472,-0.457676279304,0.129875237168,0.177543749049,0.700022017467,0.679396655132,449
1,1440710673,593000000,1.33236971982,-4.32933717468,-0.468060364098,0.131874899334,0.14405589755,0.700233544802,0.686680341964,450
1,1440710673,593000000,1.33236971982,-4.32933717468,-0.468060364098,0.131874899334,0.14405589755,0.700233544802,0.686680341964,451
1,1440710673,746000000,0.440688371589,-1.92393951605,-0.131119166771,0.0895048329967,0.00303633459931,0.701069560234,0.707446914797,452
1,1440710674,919000000,0.332241909558,-1.95447900975,0.0591680758387,0.816325605031,0.424656616545,-0.0273847001486,0.390550051586,453
1,1440710674,919000000,0.332241909558,-1.95447900975,0.0591680758387,0.816325605031,0.424656616545,-0.0273847001486,0.390550051586,454
1,1440710674,919000000,0.332241909558,-1.95447900975,0.0591680758387,0.816325605031,0.424656616545,-0.0273847001486,0.390550051586,455
1,1440710674,919000000,0.332241909558,-1.95447900975,0.0591680758387,0.816325605031,0.424656616545,-0.0273847001486,0.390550051586,456
1,1440710674,919000000,0.332241909558,-1.95447900975,0.0591680758387,0.816325605031,0.424656616545,-0.0273847001486,0.390550051586,457
1,1440710674,919000000,0.327357365368,-1.95523231312,0.0685368366342,0.813026592343,0.424350879962,-0.0253263506071,0.39783497431,458
1,1440710674,942000000,0.327357365368,-1.95523231312,0.0685368366342,0.813026592343,0.424350879962,-0.0253263506071,0.39783497431,459
1,1440710674,942000000,0.327357365368,-1.95523231312,0.0685368366342,0.813026592343,0.424350879962,-0.0253263506071,0.39783497431,460
1,1440710674,942000000,0.308257008851,-1.95749531284,0.107339073363,0.808653296414,0.424110493278,-0.0247555983433,0.406936476666,461
1,1440710674,942000000,0.308257008851,-1.95749531284,0.107339073363,0.808653296414,0.424110493278,-0.0247555983433,0.406936476666,462
1,1440710674,975000000,0.308257008851,-1.95749531284,0.107339073363,0.808653296414,0.424110493278,-0.0247555983433,0.406936476666,463
1,1440710674,975000000,0.308257008851,-1.95749531284,0.107339073363,0.808653296414,0.424110493278,-0.0247555983433,0.406936476666,464
1,1440710674,975000000,0.30334818342,-1.95799298256,0.11699959512,0.809995317013,0.424192519296,-0.0249328696882,0.404161657013,465
1,1440710675,63000000,0.30334818342,-1.95799298256,0.11699959512,0.809995317013,0.424192519296,-0.0249328696882,0.404161657013,466
1,1440710675,63000000,0.287785773876,-1.95925245707,0.145408350904,0.809995317013,0.424192519296,-0.0249328696882,0.404161657013,467
1,1440710675,868000000,0.243579715564,-2.19886873212,-0.477417967268,0.576028981169,0.300146774471,0.140264997729,0.74728057451,468
1,1440710675,963000000,0.200234614589,-2.23707076075,-0.451345832881,0.564858015137,0.292616947142,0.142562864569,0.758278691924,469
1,1440710676,268000000,0.136416183059,-2.29808280672,-0.4237091227,0.532556487725,0.277823455636,0.155249604459,0.784280099962,470
1,1440710676,268000000,0.136416183059,-2.29808280672,-0.4237091227,0.532556487725,0.277823455636,0.155249604459,0.784280099962,471
1,1440710676,268000000,0.136416183059,-2.29808280672,-0.4237091227,0.532556487725,0.277823455636,0.155249604459,0.784280099962,472
1,1440710676,268000000,0.136416183059,-2.29808280672,-0.4237091227,0.532556487725,0.277823455636,0.155249604459,0.784280099962,473
1,1440710676,476000000,-0.130908193636,-2.51096154645,-0.312557538312,0.438942338999,0.102477772989,0.094234484378,0.887664233273,474
1,1440710676,268000000,0.136416183059,-2.29808280672,-0.4237091227,0.532556487725,0.277823455636,0.155249604459,0.784280099962,475
1,1440710676,586000000,-0.305485571962,-1.7239497222,-0.398928339544,0.24910891205,-0.236546607932,-0.050119806759,0.93780512751,476
1,1440710676,543000000,-0.296498331325,-1.73642924143,-0.404222368436,0.262600363794,-0.234957693747,-0.036962562111,0.935130846506,477
1,1440710676,373000000,0.13138907541,-2.30266452349,-0.421615221597,0.531036906615,0.275795268366,0.154577690675,0.786156798167,478
1,1440710676,511000000,-0.154910442326,-2.52052744406,-0.308614496578,0.422318308608,0.0508285400566,0.0635417630536,0.902787987336,479
1,1440710676,614000000,-0.352066966696,-1.64339912456,-0.372412900664,0.179443367052,-0.242370312603,-0.0982075808339,0.948373334008,480
1,1440710676,573000000,-0.296498331325,-1.73642924143,-0.404222368436,0.262600363794,-0.234957693747,-0.036962562111,0.935130846506,481
1,1440710676,652000000,-0.359029646206,-1.62927253955,-0.368772462366,0.174945113675,-0.238106307839,-0.101752102728,0.949918998104,482
1,1440710676,652000000,-0.359029646206,-1.62927253955,-0.368772462366,0.174945113675,-0.238106307839,-0.101752102728,0.949918998104,483
1,1440710676,692000000,-0.365822643414,-1.61515483787,-0.365182215238,0.173162069639,-0.234881855999,-0.104941938251,0.950701110211,484
1,1440710676,749000000,-0.383153592474,-1.59119568198,-0.350373296286,0.174415332134,-0.230891258739,-0.109665331985,0.950916417734,485
1,1440710676,749000000,-0.383153592474,-1.59119568198,-0.350373296286,0.174415332134,-0.230891258739,-0.109665331985,0.950916417734,486
1,1440710676,773000000,-0.390087647627,-1.58272998724,-0.343822768143,0.175934631131,-0.230291705348,-0.11136216236,0.950584664725,487
1,1440710676,793000000,-0.466265822644,-1.49245873527,-0.269079055867,0.242621657277,-0.233445765245,-0.120249381467,0.933904648434,488
