1,1445365178,571000000,1.88675648334,-1.14292152643,-0.864760290001,-0.113752766133,-0.00966370246551,0.150982101227,0.981922260752,0
1,1445365181,708000000,1.97571605013,-1.16284056614,-1.00223005216,-0.121234281556,-0.0248567417914,0.159254560162,0.979450037741,266
1,1445365183,215000000,2.286225239,-3.17571300339,-0.274250011292,-0.104075502819,-0.00221525758739,0.153646183275,0.98262720943,391
1,1445365184,880000000,2.97212798738,-5.10483866334,-0.0565774888907,-0.10362201899,-0.00189039782371,0.151744635451,0.982971245352,551
1,1445365185,334000000,2.95449591113,-5.16021175927,-0.261853064788,-0.103642382359,-0.0014685189833,0.155867515738,0.982324497083,590
1,1445365185,995000000,2.43280483924,-3.4301463576,-0.452947177109,-0.102673927291,0.00218236854434,0.161022467453,0.981593126961,645
1,1445365186,591000000,2.22220537975,-2.75712977416,-0.755784243564,-0.103460106659,0.00647064306117,0.157484565705,0.982065552126,701
1,1445365187,14000000,2.16660103687,-2.39501542988,-0.638234180219,-0.103534475341,0.00491866129366,0.157911817793,0.981998104371,731
1,1445365187,294000000,2.10521682193,-2.38453765094,-0.675472974499,-0.100643153934,0.00117931793796,0.15143156614,0.983330079654,748
1,1445365188,187000000,2.10896281545,-2.26411924247,-0.668900914433,-0.100207617729,0.00254545770875,0.150364550653,0.983535691219,808
1,1445365189,586000000,2.25986333493,-1.99096326409,-0.650481661174,-0.0976034366629,0.000536229254883,0.151614435036,0.983608837241,929
1,1445365190,405000000,2.28458195511,-1.08032945535,-0.93037761748,-0.103794635383,-0.00377164347598,0.157403822915,0.982057271702,1000
1,1445365191,70000000,2.51952018322,-1.26275496047,-0.997033478048,-0.107087998597,-0.00518962652329,0.156388187844,0.981859441588,1053
1,1445365192,689000000,2.29860950411,-0.960270417093,-0.890591491154,-0.106511718471,-0.00669536065506,0.157781131203,0.981690144908,1199
1,1445365193,789000000,2.44113265607,-0.942738408458,-0.858202704915,-0.105499693483,-0.0094612268017,0.161096108031,0.981238168764,1299
1,1445365194,995000000,2.46565854485,-0.9759934214,-0.816642994352,-0.105136328747,-0.00912604761973,0.160504438642,0.981377293812,1406
1,1445365195,371000000,2.4948535256,-0.923415210938,-0.74651309532,-0.103717337464,-0.013656540267,0.162918207854,0.981077912486,1443
1,1445365197,84000000,2.56079117994,-0.833536515612,-0.711246192454,-0.103419067674,-0.0176790995394,0.163479358893,0.980951805695,1587
1,1445365198,478000000,2.44392677952,-1.20128252784,-0.640763754411,-0.11363966394,-0.0127555269511,0.165428999365,0.979569583787,1717
1,1445365199,520000000,2.22317987848,-0.835820074849,-0.796854617973,-0.107815963358,-0.0156153292508,0.16131045007,0.98087247807,1803
1,1445365201,96000000,1.65298788011,-0.85722106302,-0.656159852435,-0.108479240343,-0.0125125381878,0.150563020926,0.982550999965,1938
1,1445365201,886000000,1.99638676404,-0.697851514548,-0.275970882789,-0.104830577523,-0.00790066531338,0.144184272145,0.983950722938,2007
1,1445365204,910000000,2.3708237819,-0.716287985903,-0.760442601678,-0.0960245860732,-0.00273890280695,0.136882300819,0.985918360212,2279
