1,1445362330,946000000,2.74687179164,-0.591083139151,-0.518045131332,-0.031365405144,0.11817725265,-0.978507034896,0.166055204601,1
1,1445362331,952000000,2.73223525431,-0.637283025896,-0.500889226783,-0.0336887662515,0.116170464387,-0.979005266358,0.164067603981,87
1,1445362333,937000000,2.89118141787,-0.841971574327,-0.783968759314,-0.0278438419942,0.119023142363,-0.977659210573,0.170999064406,261
1,1445362334,838000000,3.1406131465,-0.498093084645,-0.786218677724,-0.0202398691882,0.121270007115,-0.979270918941,0.160973290908,324
1,1445362336,237000000,3.04691766423,-0.794473884026,-0.888253964936,-0.0195264350846,0.120034965531,-0.979388843581,0.161269397132,450
1,1445362338,950000000,2.79705004675,-0.578676868686,-0.940761670616,-0.0159815094752,0.123333594684,-0.977749366077,0.168936653552,699
1,1445362340,439000000,2.88091414761,-0.6070086939,-0.922041248495,-0.0187852426897,0.121988446131,-0.97715885924,0.172992767121,823
1,1445362342,322000000,2.94067733124,-0.308599168101,-0.778243124876,-0.0176797657803,0.118065110348,-0.976902838052,0.177225564204,979
1,1445362343,948000000,3.11528372653,-0.515207553116,-0.481550106637,-0.0143094340526,0.111092115418,-0.976142174423,0.186011390249,1125
1,1445362345,433000000,3.17042005724,-0.336196232416,-0.544192150557,-0.01768380419,0.11061120807,-0.975953215593,0.186996697007,1259
1,1445362347,252000000,3.2037208938,-0.284902705653,-0.588182217136,-0.0172226249464,0.107499098556,-0.975510816407,0.19111769168,1426
1,1445362350,153000000,3.21872591066,-0.308867929634,-0.602346597093,-0.0196347003829,0.109241824147,-0.975036806535,0.192312059685,1666
1,1445362351,141000000,3.20607994825,-0.365736514792,-0.861233986823,-0.0218542828523,0.102257539684,-0.973649355656,0.202664052384,1758
