0,1445361650,847000000,0.0,0.0,0.0,-0.0797399667325,-0.0797399667325,0.702596283584,0.702596283584,1
1,1445361657,916000000,2.97084546429,0.0916349541518,-0.543405665469,-0.0496996737968,-0.0634174968927,0.68677176455,0.722393734005,1
1,1445361658,998000000,3.69562775864,-1.23468125059,-0.896983882723,-0.0584504879644,-0.0571875554581,0.686889554759,0.722146704985,98
1,1445361660,20000000,3.50024272578,-1.0342586672,-0.569712932043,-0.0678102606967,-0.0624706955569,0.689107459588,0.718769844861,188
1,1445361661,930000000,3.69681766605,-0.926509804321,-0.889473752644,-0.0692351448034,-0.0627453394537,0.690115484868,0.717642065828,319
1,1445361663,175000000,3.8570909755,-1.13044696239,-0.879154205211,-0.0743738662363,-0.0636797846585,0.695711173544,0.711617436585,420
1,1445361664,604000000,3.66539314602,-1.01908910594,-0.889430819052,-0.0709484074651,-0.0643744450718,0.697427514304,0.710223286433,539
1,1445361665,689000000,3.71514290219,-1.12709783587,-0.802398833789,-0.071803375001,-0.063546101925,0.69785650791,0.709790435718,632
1,1445361667,296000000,3.59563372956,-1.4451336616,-0.740781160757,-0.0713970444309,-0.0645795291662,0.696954599296,0.71062383367,776
1,1445361668,486000000,3.79092504097,-0.857015473686,-0.770413093555,-0.0724602530443,-0.082738057035,0.695138899043,0.710412441251,891
1,1445361671,311000000,3.87920092199,-1.16161572716,0.0225117582924,-0.0749158954701,-0.0727465687938,0.700652601901,0.705819719748,1136
1,1445361672,711000000,3.9267664672,-1.08144872811,-0.197229353054,-0.0715436238375,-0.0767128938047,0.700670088066,0.705732293084,1253
1,1445361673,676000000,4.09443433764,-0.911366147211,-0.238802854113,-0.064608608856,-0.0741292567755,0.708935417682,0.698384675167,1327
