1,1445363790,371000000,1.7540379932,-1.39159719327,-0.831000877715,-0.108151751133,-0.0272841760677,0.64409126483,0.756772895281,0
1,1445363791,166000000,1.71769744139,-1.4530833847,-0.792470174988,-0.114313543458,-0.0273027969562,0.643174236576,0.756646464649,79
1,1445363792,880000000,1.68732964256,-1.54118535646,-0.678613802414,-0.104309604572,-0.0362411981232,0.645740843809,0.755529512719,230
1,1445363796,758000000,2.47171253359,-1.99918198772,-0.699763497098,-0.0949692156213,-0.0334790494433,0.638227113706,0.763234009111,565
1,1445363797,858000000,2.98843875928,-1.60320200635,-0.334513548217,-0.0770859115312,-0.0383677518388,0.629320743295,0.772360718784,667
1,1445363798,268000000,3.1054471921,-1.66085458121,-0.289216382255,-0.0625862034601,-0.0538210879979,0.635451467948,0.767715891138,706
1,1445363799,166000000,3.11756370474,-1.68782395133,-0.280460525389,-0.0591641706898,-0.0602433211307,0.634063327767,0.768657296555,781
1,1445363799,865000000,3.07064328348,-1.56823125028,-0.49308685381,-0.0650224049826,-0.061597153372,0.646902227195,0.75729478144,845
1,1445363801,184000000,3.13698977991,-1.57275659054,-0.429461405355,-0.0651358888645,-0.0618695159786,0.64707257452,0.757117271153,960
1,1445363801,865000000,3.278660919,-1.67182018914,-0.410561129678,-0.0662636704854,-0.0618870450735,0.646494017857,0.757512115086,1022
1,1445363803,660000000,3.5256367725,-1.80140929605,-0.609026773511,-0.0664691775186,-0.0619794295901,0.64557571082,0.758269345514,1181
1,1445363804,580000000,3.71191755522,-1.14947259476,-0.615511929908,-0.066721595874,-0.0627110528462,0.645249165108,0.758464941459,1248
1,1445363805,171000000,3.77386965201,-1.12372488223,-0.615362652923,-0.0662813537611,-0.0626429644086,0.644598930278,0.759061828995,1301
1,1445363806,184000000,3.63207197478,-1.15779624666,-0.713208102229,-0.0665913451572,-0.0628697779325,0.644455155019,0.759138022327,1393
1,1445363806,869000000,3.68965236319,-1.19480842631,-0.75387835059,-0.0673376241966,-0.0624056618391,0.644839591669,0.758783947349,1455
1,1445363807,971000000,3.62510766996,-1.09657276141,-0.770257921014,-0.0673957454306,-0.0623117899613,0.64475539694,0.758858044991,1557
1,1445363808,565000000,3.57324891653,-1.04483112072,-0.70543333792,-0.0680176706712,-0.0621967701962,0.643746036688,0.75966847934,1610
1,1445363809,897000000,3.61694771865,-1.08995234039,-0.649797294504,-0.0682934732989,-0.0617796811348,0.644283996142,0.75922157821,1718
1,1445363810,358000000,3.55437270274,-1.09207090955,-0.62741430739,-0.068189226396,-0.0615380078536,0.644030979018,0.759465207273,1764
1,1445363812,582000000,3.56609431035,-1.08346416109,-0.61354547068,-0.0692436691041,-0.0621057254013,0.642091365856,0.760964434816,1954
1,1445363813,844000000,3.43846014037,-1.6375405587,-0.585272282546,-0.0692405569444,-0.0611187117186,0.642246934744,0.760913348,2066
1,1445363815,968000000,3.49753194997,-1.62539026283,-0.615221629906,-0.069246823711,-0.0613951621059,0.642207739432,0.760923603845,2264
1,1445363817,766000000,3.64309596138,-1.74880231784,-0.642290167305,-0.0695548220653,-0.0609534536745,0.642522877336,0.760664942871,2428
1,1445363821,105000000,3.56085928125,-1.737966722,-0.524293610303,-0.069304640501,-0.0595164476397,0.64189411738,0.761332122886,2712
1,1445363821,762000000,3.26374393161,-1.64123398258,-0.596314764205,-0.0970288063831,-0.0609853204799,0.643122481793,0.757139138355,2771
