1,1445361575,740000000,3.49109057763,-1.04683142658,-0.413558510765,-0.0780611289068,-0.0721075159651,0.692253278814,0.713787338265,0
1,1445361577,44000000,3.58568041763,-1.20405658865,-0.382690427478,-0.0861027528617,-0.0635827511843,0.6927303331,0.713209811559,117
1,1445361578,340000000,3.61668836751,-1.07471976487,-0.454857715647,-0.087497217373,-0.0629212386715,0.692401633041,0.713417923267,231
1,1445361580,131000000,3.57750131015,-0.946635628269,-0.478823794868,-0.0874147199409,-0.0600471807094,0.69108916903,0.714946685618,376
1,1445361581,122000000,3.57795246189,-1.03087008393,-0.431536761911,-0.0885626056754,-0.0560678452066,0.692662382787,0.713604852199,463
1,1445361582,359000000,4.06603731403,-0.285802795464,-0.610336454926,-0.0890476315743,-0.0622243185131,0.686765368118,0.718715508842,578
1,1445361582,956000000,3.93374870337,-0.221647710685,-0.550209434237,-0.0895297572174,-0.0715577305214,0.685376822287,0.719112317546,627
1,1445361583,945000000,4.03462705389,-0.13787553743,-0.363967881804,-0.0922194970913,-0.0737879118484,0.683885054343,0.719966763725,715
1,1445361585,266000000,4.0923939483,-0.0519942086938,-0.415678305236,-0.0913700536164,-0.0674309076349,0.686973924454,0.717754423963,826
1,1445361586,441000000,4.0189951917,-0.0673679228083,-0.450973093828,-0.0925641792215,-0.0708233652613,0.686674770856,0.717560926143,928
1,1445361590,154000000,3.98225730508,-0.0564892148232,-0.589556632727,-0.0853858188539,-0.0747407215044,0.685041587634,0.719611777071,1263
1,1445361591,748000000,3.63589176984,-0.199859373757,-0.572177043528,-0.0779780398298,-0.0744639818071,0.683152211794,0.72227252214,1409
