0,1445363470,308000000,0.0,0.0,0.0,-0.0797399667325,-0.0797399667325,0.702596283584,0.702596283584,0
1,1445363477,916000000,3.00939318258,-1.21843413008,-0.719300515559,-0.0614342644265,0.106904995975,-0.88651374678,0.445971445006,2
1,1445363479,620000000,2.96635142122,-1.15357604584,-0.773637685594,-0.0628120784204,0.106069966292,-0.887170602679,0.444670807224,158
1,1445363483,433000000,3.02878226079,-1.17800100658,-0.78594183838,-0.0617599470212,0.1058239255,-0.886440321541,0.446330104386,489
1,1445363484,458000000,3.01089585879,-1.07527794435,-0.772772952502,-0.061313417355,0.10722054054,-0.886410569634,0.446117386547,581
1,1445363484,900000000,2.95477171923,-0.942166256356,-0.892239350499,-0.0613476658923,0.107176343227,-0.886081394869,0.446776741796,620
1,1445363485,840000000,2.89901212167,-0.858281254027,-0.84716356813,-0.0607638853106,0.107859923389,-0.885668969799,0.447509176558,704
1,1445363486,623000000,2.87045655508,-0.869434759931,-0.886401446941,-0.0610116383644,0.109200912358,-0.886165648834,0.446164973469,778
1,1445363487,728000000,2.97872548513,-0.781000573715,-0.862425744556,-0.0644494171215,0.107440014139,-0.882781353502,0.452769254593,874
1,1445363488,507000000,3.0797872943,-0.761420416647,-0.814207868239,-0.0642164229271,0.105146282531,-0.881891352414,0.455069393427,942
1,1445363489,420000000,3.50664241239,-0.799232597333,-0.6930720059,-0.0619149236994,0.105987399544,-0.884763846949,0.449584417539,1025
1,1445363490,123000000,3.49337231047,-0.654895718524,-0.711453312855,-0.0708526147991,0.109084254575,-0.880115464289,0.456593147013,1088
1,1445363493,220000000,3.41570550493,-0.676923350762,-0.783019291557,-0.0707535764622,0.108622115322,-0.887425392974,0.442347532361,1360
1,1445363494,228000000,3.41387319495,-0.622893176671,-0.794847637664,-0.0632310428916,0.112015009912,-0.885825847149,0.445832974658,1440
1,1445363494,819000000,3.38611526419,-0.631056895508,-0.766798380445,-0.0628234765967,0.112634826177,-0.886951760844,0.443489775143,1491
1,1445363496,313000000,3.25579870734,-0.481577444018,-0.750052849231,-0.0581330942154,0.110161656466,-0.883474085999,0.451617639347,1617
1,1445363496,620000000,3.10871723416,-1.08435500568,-0.715809658275,-0.0564641481358,0.107372530727,-0.887591448183,0.444369621749,1646
1,1445363498,517000000,3.03092968472,-1.31966719254,-0.689408394651,-0.0561226778397,0.108277665036,-0.89070767991,0.437910974099,1812
1,1445363499,999000000,3.50272601863,-0.790484291045,-0.629500448373,-0.0540232936957,0.104830814166,-0.889019792138,0.442420380777,1950
1,1445363501,121000000,3.42412261384,-0.856424956607,-0.729087920575,-0.0526273825231,0.10513972368,-0.888336738881,0.443884934941,2026
1,1445363502,445000000,3.00555969375,-0.577605504591,-0.669914283183,-0.0574956169513,0.106123535092,-0.889309289612,0.441090735269,2145
1,1445363505,811000000,3.52296174078,-0.48617933984,-0.655160635293,-0.0632583738813,0.107829451368,-0.890940865788,0.43657251542,2430
1,1445363507,820000000,3.54974963797,-0.501446534149,-0.654553143144,-0.0651791245524,0.110008963139,-0.890512703116,0.436619783498,2606
