0,1445364547,536000000,0.0,0.0,0.0,-0.0797399667325,-0.0797399667325,0.702596283584,0.702596283584,0
1,1445364555,148000000,3.49777487092,-0.769836742104,-0.831800318812,-0.0847812863439,0.115560698124,-0.883172304437,0.446614530899,1
1,1445364556,475000000,4.83963091824,-2.05048271713,-1.24048472778,-0.0713806964603,0.116989907573,-0.877835879494,0.458936080922,122
1,1445364557,568000000,4.88925148896,-2.06404332282,-1.31735361424,-0.069582536389,0.117214102339,-0.876546851404,0.461611029046,214
1,1445364558,759000000,4.88925148896,-2.06404332282,-1.31735361424,-0.069582536389,0.117214102339,-0.876546851404,0.461611029046,317
1,1445364559,670000000,9.32898917683,-4.64119205237,-1.08127645749,-0.0655021079426,0.117890099828,-0.876099428553,0.462883559339,401
1,1445364560,176000000,9.3854741315,-4.47825207445,-1.11012433364,-0.0635621496739,0.119779825058,-0.874790393841,0.465139133467,438
1,1445364560,962000000,9.7469940126,-3.99336272534,-1.18651602432,-0.0639651398366,0.118787356977,-0.873051533838,0.468592620483,512
1,1445364561,385000000,9.59456015288,-4.21641522106,-0.986917354636,-0.0567643578902,0.120650329091,-0.872427363314,0.470203999882,551
1,1445364562,773000000,14.4013067354,-9.32075863366,-0.605511797921,-0.0579964564145,0.121023448748,-0.872797371103,0.469270161946,670
1,1445364563,772000000,16.1268006366,-9.63739391064,-0.666977281943,-0.0617471473515,0.127939712349,-0.872697179873,0.467138472018,763
1,1445364566,592000000,21.1748608462,-13.5959247021,-0.661040539904,-0.0643040252194,0.124071086926,-0.872897120802,0.46746333998,1021
1,1445364566,975000000,22.8691132359,-14.5591791797,-0.707353060584,-0.0664190515824,0.125637780765,-0.872615307444,0.467275275235,1046
1,1445364567,875000000,25.147574369,-15.7201307059,-0.576520069435,-0.0679513106338,0.126303657214,-0.87036728919,0.47105284997,1124
1,1445364568,275000000,25.147574369,-15.7201307059,-0.576520069435,-0.0679513106338,0.126303657214,-0.87036728919,0.47105284997,1157
1,1445364568,343000000,25.147574369,-15.7201307059,-0.576520069435,-0.0679513106338,0.126303657214,-0.87036728919,0.47105284997,1165
1,1445364568,519000000,23.100953039,-14.1374481575,-0.729870974444,-0.0671933890712,0.125085380827,-0.868409284568,0.47508316161,1180
