0.0133038444061,0.032253940305,0.098184636941,0.125921616415,-0.168252983215,-0.670027938774,0.711967163162,0
0.0133987161249,0.0321769868631,0.0980787288211,0.125500656954,-0.16750846618,-0.671243033728,0.711071929227,1
0.0133920365221,0.0320901047124,0.0982110826278,0.126953459467,-0.166577955463,-0.672288348529,0.71004435095,2
0.0134355845148,0.0320447314991,0.0981838904157,0.126661607238,-0.166080029057,-0.672885480169,0.70964737143,3
0.0133659453909,0.0321008277831,0.0982518776521,0.126572333357,-0.166343865106,-0.672559187363,0.709910770776,4
0.0134716611597,0.032010122983,0.09823625213,0.126612157407,-0.165808461286,-0.673058807387,0.70955532382,5
0.0132733565501,0.0323016634574,0.0983098861291,0.125814719728,-0.167005714564,-0.670085513936,0.712225492113,6
0.0134894501274,0.0319951211682,0.0981868731305,0.126660897834,-0.16605368661,-0.673569744259,0.709004224065,7
0.0132821322988,0.032287639523,0.098234831089,0.126479530229,-0.167687154173,-0.670017371849,0.712011705085,8
0.0135056703767,0.0320308453124,0.0981344645523,0.127205629276,-0.166621905384,-0.672971976734,0.709340952616,9
0.0133223489191,0.0322998975844,0.0981746164385,0.127044588107,-0.168085052983,-0.669733443165,0.712084407007,10
0.0133265892924,0.0322879614304,0.0981799162839,0.127290452748,-0.167819245538,-0.669690772994,0.712143321273,11
0.0132811682676,0.032252779327,0.098183462774,0.128003774847,-0.167220573482,-0.67038636498,0.711501535541,12
0.0134021715821,0.0320646419175,0.098163006955,0.128457485874,-0.166547062403,-0.672450750651,0.709627182595,13
0.0133065929441,0.0322139251566,0.0982987078231,0.128135263751,-0.16763024707,-0.67139812586,0.710426640156,14
0.0132805545689,0.0321260169561,0.0982876984059,0.128478299455,-0.167071466277,-0.671745293536,0.710168087383,15
0.0132496460894,0.0321036878529,0.098331408248,0.128341106786,-0.167013907357,-0.671937831111,0.710024271543,16
0.0133761324753,0.0322476758825,0.0981281211278,0.124739935383,-0.167816621982,-0.670822551655,0.711529784407,17
0.0134161413411,0.0321761977105,0.0981355839331,0.124560082739,-0.167335049744,-0.67142985917,0.711101758632,18
0.0134777715435,0.0321416484497,0.09799696688,0.124145466011,-0.167200027147,-0.671058925473,0.711556022203,19
0.013456855133,0.0321460502271,0.09810763727,0.124356018978,-0.166985580424,-0.671266465068,0.711373832348,20
0.013496760237,0.0319786940163,0.0981320193187,0.126424195131,-0.165884584192,-0.673582452307,0.709073978902,21
0.0134911236328,0.0319971661548,0.0981202606643,0.126334937343,-0.166146678874,-0.673336654533,0.709261950458,22
0.0134841395879,0.0320180160176,0.0981259186919,0.127257123677,-0.166139873909,-0.673454566293,0.708986681053,23
0.0133075322487,0.0323026224414,0.0982118129866,0.126680800473,-0.167485814287,-0.670053607424,0.711989213389,24
0.0133038938559,0.0322935456987,0.0982083771999,0.127444944427,-0.167546372339,-0.670162436721,0.711736122214,25
0.0132879434088,0.0322930859505,0.0982113510211,0.127641070691,-0.167416699323,-0.670089758544,0.711799916659,26
0.0134161164225,0.0320019238631,0.0981594072207,0.128820260969,-0.166524017829,-0.673184543494,0.708870695015,27
0.0132705912405,0.0322171328305,0.0982742779073,0.128292979963,-0.168094706785,-0.671355704234,0.71032851501,28
0.0133575615912,0.0320662190054,0.0981832713818,0.128418797607,-0.166825260703,-0.672525195188,0.709498278117,29
0.0132818949791,0.032145408614,0.0982894857553,0.128319535703,-0.167506448546,-0.671640903107,0.710193060883,30
0.0132663226255,0.0321686172833,0.0983084908277,0.127893139197,-0.167619203726,-0.671654095546,0.710230894446,31
0.0134125838327,0.0321980056462,0.0980956626509,0.125213811546,-0.167453452344,-0.671265488253,0.711114257329,32
0.0133310071992,0.032328823876,0.0982568171586,0.124769322839,-0.168644042554,-0.669727019815,0.712360528047,33
0.0133334579993,0.0324085253222,0.0982767701889,0.124444752683,-0.169152092515,-0.668895673417,0.713077591298,34
0.0133466006352,0.0322266117751,0.0983532716813,0.126583547708,-0.167683849324,-0.671112848129,0.710961515978,35
0.0133622016888,0.0321788444569,0.0983337992785,0.126810841032,-0.167312684843,-0.671190720255,0.710934942967,36
0.01339828177,0.0321522657572,0.0983473477276,0.127277721027,-0.166677454779,-0.671803155647,0.710422077262,37
0.0133903464751,0.0321956922028,0.0983630561999,0.127442111143,-0.16713908779,-0.671340169662,0.710721753036,38
0.0133440645028,0.0321818765359,0.0983539804482,0.127658700374,-0.167378335436,-0.671785116983,0.710205960018,39
0.013348914447,0.0321350556462,0.0983218627261,0.128390685788,-0.167442423823,-0.671873119837,0.709975617432,40
0.0134051525769,0.0323401973098,0.0981678787634,0.126809090259,-0.168424869519,-0.67143317333,0.710443531681,41
0.013330694042,0.0321726930674,0.0982567872034,0.128333510869,-0.167940481349,-0.671511906696,0.710210013924,42
0.0133314039162,0.0323926609298,0.0981513250865,0.126025604582,-0.168188663743,-0.67011077816,0.711885991836,43
0.0133293203226,0.0322446671248,0.0982995224501,0.127986973378,-0.168315028373,-0.671144900053,0.710530723475,44
0.0133355339583,0.0322267659704,0.0982993814286,0.127775485213,-0.168064881187,-0.671302491564,0.71047912419,45
0.0133611258694,0.0321570628609,0.0981860317582,0.127070905001,-0.167310931878,-0.672055873138,0.710071081341,46
0.0133180235943,0.0322670060744,0.0981936233846,0.125894940935,-0.168562769422,-0.670585005008,0.711373887397,47
0.0132228100938,0.0326574646352,0.098062140656,0.122958799731,-0.169646590719,-0.667622661094,0.714409651544,48
0.0132640262451,0.0323036510663,0.0982145051206,0.125555210525,-0.167263094818,-0.670209292034,0.712094411643,49
0.0133554633226,0.0321857039902,0.0983270134066,0.126985704108,-0.167004150911,-0.67126361813,0.710907447918,50
0.0133761000468,0.0321397319361,0.0983229356091,0.127118786753,-0.16685234547,-0.671868636648,0.710347551523,51
0.0133726283856,0.0321364586414,0.0983463988556,0.127726176448,-0.166720020456,-0.67168931452,0.710439246796,52
0.0133381054557,0.032134258062,0.0983608813343,0.127977996291,-0.16719233383,-0.671969608223,0.710017747382,53
0.0133291023676,0.0321405794246,0.0983869497046,0.12815414765,-0.167073337938,-0.671944659538,0.710037596687,54
0.0132801744435,0.0321260912729,0.0983432547004,0.128502293317,-0.167258131932,-0.671714997096,0.710148463767,55
0.0133271127253,0.0321314541929,0.0982933330847,0.128642125957,-0.167362114456,-0.671885458037,0.709937361569,56
0.0132929846998,0.0321852851273,0.0982739215923,0.128403104492,-0.167573261453,-0.671391320794,0.710398155378,57
0.013291389545,0.0321571319432,0.0982543879357,0.127954511954,-0.167998998938,-0.671288903728,0.710475324665,58
0.0133280494082,0.0324792914072,0.0981359748986,0.123941160306,-0.170799683282,-0.667615141421,0.713972044214,59
0.0133686480974,0.0325251473098,0.0981490521077,0.123954207307,-0.170598023382,-0.667849397355,0.713798887196,60
0.0133856650041,0.0322969644001,0.098110716972,0.125150129562,-0.168691174442,-0.670083053094,0.711947634796,61
0.0134406660724,0.0323883690644,0.0981541599218,0.124473351001,-0.169316941837,-0.66869675152,0.713220030989,62
0.0133836210994,0.0322713515533,0.0981361828744,0.125264302827,-0.16822823014,-0.670060684502,0.712058140959,63
0.0133650738886,0.0322640394437,0.0981971168632,0.12525211716,-0.168227386835,-0.669675187632,0.712423046044,64
0.013379312496,0.0321069150561,0.0983518553018,0.127399867921,-0.166529228344,-0.671889634655,0.710353157664,65
0.0133418590111,0.0320738999601,0.098376323125,0.128205157762,-0.166352367819,-0.672445839378,0.709723129359,66
0.0132982221793,0.0320869492581,0.0984243582918,0.128191741288,-0.166397366545,-0.672501848171,0.709661932246,67
0.0132925860518,0.032053739467,0.0984061830645,0.128301912648,-0.166327455068,-0.672362395531,0.709790536692,68
0.0132622540953,0.0320900169071,0.0983914471619,0.128453075704,-0.166729780907,-0.67210413745,0.709913386212,69
0.0133101923348,0.0321002697166,0.098375976718,0.128432740141,-0.166821858685,-0.672097012319,0.709902179709,70
0.013260831929,0.0322036037241,0.0983471448809,0.128037122537,-0.167532238283,-0.67166778574,0.710212524522,71
0.0133337608459,0.0322181462509,0.0983242140804,0.127826536287,-0.167808273729,-0.671398381482,0.710439985666,72
0.0133108792079,0.0322163749046,0.0982600447589,0.127709738675,-0.167971496761,-0.671259344045,0.710553792443,73
0.0133383377541,0.0324808936929,0.0981094481935,0.124120348417,-0.170635104189,-0.667795952543,0.713811155765,74
0.0133533166722,0.0324807077801,0.098011307665,0.124163230347,-0.170364134414,-0.668121777423,0.713563483138,75
0.0133881712474,0.0324701078205,0.0981069799705,0.124057846449,-0.170390346226,-0.66777795255,0.713897322264,76
0.0133831286358,0.0322924748179,0.0980969044797,0.125538816789,-0.168842508859,-0.669607034455,0.712291114707,77
0.0133011496934,0.0323990622259,0.0980521673577,0.124779000318,-0.168183871822,-0.668661279299,0.713467924931,78
0.0133417070352,0.0322472058775,0.0982242075582,0.125800667072,-0.168283168319,-0.670171312994,0.711846457225,79
0.0133256094807,0.0320445681418,0.0983580320923,0.128286358004,-0.166619880301,-0.6724501147,0.709641648354,80
0.0133101582439,0.0320719755693,0.0984225569212,0.128468183123,-0.166578394798,-0.672449731338,0.709618857652,81
0.0133139974012,0.0320793658426,0.0984372563051,0.128052345777,-0.166733672119,-0.672295105111,0.709804037017,82
0.013296699671,0.0320958249579,0.0984616153176,0.12818101803,-0.166581838276,-0.672534665258,0.709589488225,83
0.0133053245293,0.0321305912822,0.0984475504109,0.128142925296,-0.166762216069,-0.672292398703,0.709783547735,84
0.0134209296176,0.0320814855522,0.098295080932,0.127639599034,-0.16642770259,-0.672769795136,0.709500356111,85
0.0134224588015,0.0321135042064,0.0981323025881,0.127286757489,-0.166658865032,-0.67265850119,0.709614997622,86
0.0134273177479,0.0321119148064,0.0981775374693,0.127487132789,-0.166708151405,-0.672695666987,0.709532214099,87
0.013487697063,0.0323340079684,0.098021474005,0.124199929676,-0.168993912158,-0.669882861835,0.712230571193,88
0.0135411071141,0.0323581033106,0.0979868274042,0.124056033286,-0.168987647587,-0.669822232067,0.712314153304,89
0.0134994508204,0.0323469875836,0.0979531474661,0.123980203057,-0.168438794884,-0.670148448111,0.71215050314,90
0.01350129039,0.0323970998204,0.0979660734656,0.123438497665,-0.168908953333,-0.669683601386,0.712570401303,91
0.0135448807514,0.03209756816,0.0979294751264,0.125411460188,-0.166837187598,-0.672129426246,0.710407877815,92
0.0133047785802,0.0323016141234,0.0982126893988,0.126583487169,-0.167522152781,-0.670019077846,0.71203046594,93
0.0135020542339,0.032044989758,0.098201599002,0.127031698321,-0.166027535807,-0.673055974599,0.709431786737,94
0.0134074427328,0.0322989071893,0.0982029322765,0.125982270986,-0.16727772749,-0.672030869089,0.710296515742,95
0.0134450508383,0.0320122855441,0.0982641518542,0.127550651192,-0.165920927966,-0.673324894923,0.709108357672,96
0.0133833350078,0.0320589872905,0.0983186507188,0.127825872009,-0.165924384078,-0.673000371279,0.709366016575,97
0.0133740706409,0.0320187966379,0.0982890363603,0.127960782118,-0.165736281644,-0.673287412648,0.709113237189,98
0.0133328391402,0.032061421374,0.0982468361144,0.127930697677,-0.166053335757,-0.672842233042,0.709466951811,99
0.0132660620732,0.0321541078223,0.0983713442925,0.128103900129,-0.166988022449,-0.672023750786,0.70999187989,100
0.0132988197747,0.0321540353272,0.098339331832,0.128000694323,-0.167107088863,-0.671826140513,0.710169472751,101
0.013450766275,0.0321151206663,0.0979856737379,0.125779368598,-0.167105727574,-0.671844973075,0.71054877271,102
0.0135277506398,0.0321727400713,0.0979551577338,0.125281658804,-0.167302055784,-0.671448952042,0.71096471987,103
0.0134943191038,0.0321268879306,0.0979256658632,0.125505087203,-0.166839208234,-0.67202786541,0.710486945549,104
0.013531570131,0.0322829534595,0.0979331592256,0.123551206024,-0.168884975188,-0.670022900074,0.712237515174,105
0.0134989147719,0.0321795749446,0.0979408176219,0.12551764117,-0.166959490971,-0.672027945306,0.710456396169,106
0.0135271567882,0.0319762847295,0.09812809079,0.127522176968,-0.166191409893,-0.673503413522,0.708880569372,107
0.0135220844834,0.0319787082882,0.0981929584791,0.127707929063,-0.166426195867,-0.67336505838,0.70892348271,108
0.0134325966157,0.0319724262698,0.0982225323574,0.128315872379,-0.166300424761,-0.673484500595,0.70872973204,109
0.0134191660287,0.0319131117377,0.098221191774,0.128620874718,-0.165791462494,-0.673825269407,0.708469736728,110
0.0132682373985,0.0322358806504,0.0983194212286,0.127072819921,-0.16685211131,-0.670412411419,0.711730335172,111
0.0134317312277,0.0319897762462,0.0982736577601,0.128067002682,-0.165881161978,-0.673519604164,0.708839633297,112
0.0133263087612,0.0320855168621,0.0984206310277,0.128372899056,-0.166486324364,-0.672434642974,0.709672004179,113
0.0132450718485,0.0323138859165,0.0982902715782,0.126759730342,-0.166952859332,-0.670434363951,0.711741861321,114
0.0132580952086,0.0322938200483,0.0982489767599,0.126825294464,-0.166857987096,-0.670342009326,0.711839411216,115
0.0133348080726,0.032286680554,0.0981671162662,0.125379958739,-0.168473080321,-0.669783160361,0.712240974144,116
0.0132726196292,0.0324217344109,0.0980766492668,0.124323927727,-0.168123811387,-0.668510125984,0.713703129107,117
0.0133974087205,0.0323572194382,0.0981031249312,0.124908662902,-0.168618047295,-0.669135671334,0.71289777206,118
0.0133452750589,0.0323468569782,0.0981107232159,0.124966311003,-0.16880397581,-0.669633130861,0.7123763815,119
0.0133805302159,0.0322706683848,0.0981123993831,0.125802396161,-0.16820210617,-0.67027931547,0.711763617961,120
0.013358867868,0.0321319238781,0.0982636399107,0.128078905477,-0.167363109986,-0.671850693623,0.710071847678,121
0.0133459865159,0.0321610442574,0.0983100466758,0.128037371392,-0.167725161165,-0.671516695469,0.710309812368,122
0.0133168008963,0.032164546013,0.0982397462339,0.128101371767,-0.167660477344,-0.67156465879,0.710268197199,123
0.0132982929275,0.0321350882938,0.0983286437976,0.128390783733,-0.167534921738,-0.671717962527,0.710100581234,124
0.0133002777774,0.0321047349429,0.0983409331749,0.128616384725,-0.167510524196,-0.671924318597,0.709870241623,125
0.0133499141193,0.0320908523466,0.0983862656986,0.128703020278,-0.167374963691,-0.672033755088,0.709782914787,126
0.01333153316,0.0321047388307,0.0984115475549,0.128666726636,-0.167262708009,-0.672065219046,0.709786165908,127
0.0132891681714,0.0322867951409,0.0982694329635,0.12640127898,-0.167120417924,-0.670248307055,0.711941493014,128
0.0132854638054,0.0322458197392,0.0982531259617,0.126810848005,-0.166457421565,-0.670696442924,0.711601866976,129
0.0132459912842,0.0322706153525,0.0982477656237,0.126106224091,-0.166993275142,-0.670241154501,0.712030379349,130
0.0132765001882,0.0324054751595,0.098236840108,0.124150108785,-0.16891155714,-0.668954357354,0.713130916543,131
0.0133928119028,0.0322880096124,0.097958292346,0.123817926546,-0.167716063469,-0.670550830416,0.711970523932,132
0.0134676057646,0.0322100611366,0.0980105771593,0.124396383865,-0.167093024825,-0.671465609723,0.711153566886,133
0.0134710504325,0.0322123663315,0.0980231505903,0.124563678928,-0.167087559506,-0.671424462962,0.711164416915,134
0.0134974075471,0.0321896988625,0.0980523290239,0.124872170168,-0.167793894656,-0.670974743186,0.71136843059,135
0.0134225052632,0.0320133277905,0.0982121587628,0.127959830749,-0.166567268583,-0.673050823943,0.70914329662,136
0.0133971475518,0.0319528099589,0.0981981290833,0.128561109117,-0.166468943518,-0.673268013838,0.708851404463,137
0.0134574369935,0.0319760159714,0.0982325266616,0.128209849261,-0.166765963122,-0.673368284091,0.708749957373,138
0.0134571654256,0.0318251689855,0.0981756849733,0.128837176165,-0.166020277652,-0.674032345464,0.708179812417,139
0.0133001522494,0.0321485800539,0.0982729226405,0.127891460653,-0.166960158308,-0.670800279937,0.711192705437,140
0.0134698525462,0.0318969955465,0.098193372004,0.128362020481,-0.165914986671,-0.673951038783,0.708368129026,141
0.0133195650488,0.032072790801,0.0983401197904,0.128152497118,-0.167494555228,-0.672266273026,0.709634109667,142
0.013290868524,0.0322856044213,0.0981889701481,0.126813884541,-0.167216106799,-0.670502042395,0.711606649392,143
0.0133800894518,0.0321986037158,0.0982784800613,0.127754089938,-0.167628427737,-0.671241110717,0.710644055771,144
0.0134201370454,0.0323929901106,0.0981258639582,0.124591057871,-0.168910616797,-0.66866320725,0.713327265077,145
0.0133801987956,0.0324767388948,0.0981292052668,0.124334689666,-0.169502407575,-0.668355831129,0.71351965759,146
0.0132785061105,0.0325429979835,0.0980829958266,0.123892032068,-0.168638177015,-0.667801845369,0.71431969381,147
0.0133392323529,0.0323850872055,0.0981966031296,0.124788623197,-0.168652443811,-0.669481101601,0.712586280612,148
0.0133705734144,0.0323622906697,0.0982238997973,0.12484732829,-0.168563701285,-0.669518116535,0.712562218237,149
0.0132731273114,0.0323118052838,0.0982186607987,0.12564436957,-0.168356121993,-0.669728247314,0.712273671655,150
0.0133588231251,0.0320664064693,0.098224799958,0.127232892286,-0.166948883338,-0.672230104848,0.709962356473,151
0.0132560087495,0.03215518249,0.0983378864514,0.12812205895,-0.167224793806,-0.671684531919,0.710253825001,152
0.0132564939845,0.0321826614943,0.0983571963246,0.128334838675,-0.167803266238,-0.671358489435,0.710387226579,153
0.0132477553571,0.0321442890769,0.0983549702603,0.1281590968,-0.167784283119,-0.671626659707,0.71016991644,154
0.0134309004054,0.0320425437369,0.0982159415521,0.128054622733,-0.166384191018,-0.673038689225,0.70918068035,155
0.0133691509879,0.0321232541615,0.098340373747,0.128388745902,-0.167463555465,-0.671539020234,0.710287006652,156
0.0133918350337,0.0321805314671,0.098332886984,0.128290994689,-0.167895845045,-0.671355665161,0.710375940439,157
0.0133914163601,0.0321547276784,0.0983086334008,0.128122500438,-0.1676358262,-0.671456612451,0.710372347612,158
0.0134125164177,0.0321778253481,0.0982916230799,0.127608366242,-0.167884281454,-0.671038099492,0.710801548912,159
0.0132876099256,0.0322955577288,0.0981862502071,0.126375156605,-0.167399258278,-0.66996679547,0.712145561727,160
0.0132909094,0.032457551947,0.0980908358808,0.124115352503,-0.168501754148,-0.668411945757,0.713742256625,161
0.0134135498624,0.0321348137252,0.0980303863247,0.124835712966,-0.167258510207,-0.671723564677,0.710793984351,162
0.0134090609788,0.0321901634534,0.0980710612053,0.124504958503,-0.167638150773,-0.67083923181,0.711597281317,163
0.0134265685526,0.0321775404755,0.0980267103635,0.124702528427,-0.167486384498,-0.671188269618,0.711269215655,164
0.0133764080629,0.0321618783974,0.0981021697776,0.125168325546,-0.167503624432,-0.671331667567,0.711047971803,165
0.013193053393,0.0323312621343,0.0982582047122,0.126030819423,-0.167689896804,-0.669757787767,0.712334778592,166
0.0133812210686,0.0320721280358,0.0982028291534,0.12701608845,-0.166820504511,-0.672732244661,0.709555607082,167
0.0133771946684,0.0320587457979,0.0981759071267,0.12741986541,-0.166570371795,-0.672941783662,0.709343249028,168
0.0134172518717,0.0320582720461,0.0981665275564,0.12758089676,-0.16698811834,-0.672859370804,0.709294262092,169
0.0134523426678,0.032072909593,0.0981630088107,0.127445562248,-0.16695837049,-0.672754484577,0.709425073329,170
0.0133086550625,0.0322913098728,0.0982016282468,0.12684707926,-0.167856025406,-0.669904402361,0.71201282637,171
0.0133015032165,0.0322941248954,0.0982022625567,0.127210800725,-0.167699092973,-0.669846386741,0.712039496492,172
0.0134959852871,0.031983628079,0.09811219883,0.127258822502,-0.166743978537,-0.672920171736,0.709351873324,173
0.0132868022352,0.0323153750968,0.0982226115479,0.126600609303,-0.167863374216,-0.669938924116,0.712022479473,174
0.0132775684275,0.0323039124955,0.0982237892482,0.126467584504,-0.16741237126,-0.669945152867,0.71214643169,175
0.013364453513,0.0320582683421,0.0981868410348,0.126979284154,-0.166523490143,-0.672893251246,0.709479288671,176
0.0132246223281,0.0324866010686,0.0981446511666,0.123503102614,-0.168797330504,-0.667805648713,0.714345896892,177
0.0132161126966,0.0324896825329,0.0981625290889,0.123887144217,-0.168305585155,-0.667939686129,0.714270103811,178
0.013257670189,0.0323804205012,0.0982380009989,0.124513614358,-0.168639842092,-0.669449294501,0.712667247452,179
0.0132760922412,0.032550872619,0.0982206065233,0.123523881023,-0.168927611411,-0.667817873509,0.714300077517,180
0.0132711511167,0.0324812957011,0.0981766568894,0.124111819977,-0.168584310247,-0.668208794124,0.713913575958,181
0.0132874717234,0.0324464990433,0.0981619671348,0.124359902986,-0.1685244716,-0.668374218207,0.713729655708,182
0.0133008261799,0.0323087102444,0.0982385977215,0.126524014806,-0.167282506011,-0.670208880507,0.711918740693,183
0.0133076372748,0.0322689221143,0.0982232615867,0.127180178282,-0.167227554173,-0.67023955112,0.71178584665,184
0.0133014690873,0.0322492826912,0.0982110287201,0.12763462968,-0.167206191839,-0.670495622252,0.711468278463,185
0.0133129674304,0.0322678155142,0.0982030601872,0.127627183616,-0.167307525918,-0.67043719413,0.711500852073,186
0.0133327299197,0.0321346391814,0.0982854428043,0.128463419642,-0.167903455074,-0.671617640714,0.710095292387,187
0.0132838333869,0.0322917296455,0.0981887650181,0.127661799387,-0.16758126039,-0.670128816954,0.711720700016,188
0.0133161879236,0.0322044612835,0.0983185859428,0.128274999356,-0.167820644363,-0.671533335993,0.710228649461,189
0.0132677604294,0.0324265031193,0.0982869216319,0.126854120473,-0.168792619122,-0.670386762701,0.711335836469,190
0.0133492775514,0.0320336724113,0.0981960463839,0.127875551266,-0.166141229171,-0.67303753342,0.709271044077,191
0.0133900886107,0.0321640186349,0.0981113005965,0.125097728787,-0.167366034676,-0.671412631799,0.711016347597,192
0.0132217454006,0.0321880513477,0.0983781401769,0.127245405093,-0.167026178393,-0.671692496666,0.710450598238,193
0.0132829038269,0.032347084341,0.0983023690656,0.124734600375,-0.168594281444,-0.66953274065,0.71256098471,194
0.0133106225411,0.0323552872179,0.0983216999295,0.124024260372,-0.168966276872,-0.66924692977,0.712865293805,195
0.0133112898527,0.0323341653853,0.0982750176507,0.124664675838,-0.16869712214,-0.669415729014,0.712658811303,196
0.0133755882376,0.0324167576669,0.0982362342598,0.124789657694,-0.169196741858,-0.668412538317,0.713459657233,197
0.0133955108684,0.0324200973605,0.0982139491769,0.125068881518,-0.169053253377,-0.668609016999,0.713260649963,198
0.0133849036126,0.032219605708,0.0982921697878,0.127979514218,-0.167796675275,-0.670887878262,0.710897302364,199
0.0133882838539,0.0321974292167,0.0982485007299,0.12842002171,-0.168082406371,-0.670884183313,0.710753835919,200
0.0133622075063,0.0320891475286,0.0982549083719,0.128705611899,-0.167936155535,-0.671727916055,0.709939377639,201
0.0134322880641,0.0319790910607,0.0981469183392,0.129795786865,-0.164795779843,-0.674337747077,0.708000005315,202
0.0133624593449,0.0320033842782,0.0981718092194,0.129816065702,-0.165346473086,-0.674113904204,0.708081052622,203
0.0134134726934,0.0320495349709,0.0981607946902,0.128358554555,-0.167172153858,-0.672801018055,0.709165948527,204
0.0133685475303,0.0320678340338,0.0981888412373,0.128160749509,-0.16686490322,-0.673010307538,0.709075491261,205
0.0133833196897,0.0319799955098,0.0981697330781,0.127945586693,-0.166610537127,-0.673412622645,0.708792138378,206
0.0133800418987,0.0322290865648,0.098130645581,0.124930617548,-0.167585517671,-0.671108368714,0.711281233063,207
0.0134092252333,0.0321415673475,0.0981091802157,0.124562522165,-0.167337526827,-0.671590452302,0.710949080149,208
0.0134449438355,0.0321306667083,0.0979814983431,0.124230614251,-0.16689586154,-0.671524047742,0.711173663171,209
0.013429481443,0.0322234677045,0.09813694668,0.123592870045,-0.167223264213,-0.671245604868,0.711470674255,210
0.0134052618317,0.0322342413962,0.0981048601584,0.123629342699,-0.167388962591,-0.671155949439,0.711509952397,211
0.0133874878599,0.0320684535747,0.0981586411814,0.126567430288,-0.165512091482,-0.673546492759,0.709169623754,212
0.0134508104974,0.031990593075,0.0981319858231,0.126785951686,-0.165606171522,-0.674060884553,0.708619673961,213
0.0133077255241,0.0322788246999,0.098230232723,0.12706659136,-0.166848499698,-0.670475283682,0.711673066429,214
0.0135208373361,0.0319386424935,0.0981432959001,0.128337807498,-0.166409257419,-0.673778186397,0.708421006004,215
0.0134101079981,0.0319042623101,0.0981555821346,0.129736930829,-0.165335021212,-0.674251250036,0.707967450781,216
0.0132625609681,0.0320899835154,0.0982470027351,0.122559800675,-0.168286949168,-0.670683314284,0.711928711276,217
0.0133810192874,0.0319685509122,0.0981787166795,0.129539771108,-0.165524409512,-0.673844903703,0.708346075948,218
0.0132771604128,0.0321675418078,0.0982974884002,0.12831818405,-0.168405827056,-0.671423835614,0.71018585879,219
0.0133624818918,0.0320719221557,0.0981950789615,0.127481729881,-0.167553952163,-0.67216127217,0.709840338285,220
0.0133582936381,0.0320910320484,0.0981990396146,0.127001555054,-0.167176707737,-0.672230459345,0.709949831279,221
0.0133684962464,0.0321567040534,0.0981007257004,0.1250294845,-0.167147287997,-0.671706773293,0.710801957533,222
0.0133753900423,0.0321862012672,0.0980967671508,0.123661952869,-0.167367963888,-0.671329441961,0.711345532377,223
0.0133469884504,0.0322208179264,0.0981271406291,0.1231215566,-0.167366386447,-0.671015578136,0.711735673468,224
0.0133814753648,0.0323696553516,0.0981739248125,0.122034156964,-0.168102353833,-0.669774951244,0.71291709045,225
0.0134232543949,0.0322849585586,0.098140368809,0.12267334033,-0.167700152799,-0.670768278744,0.711967574089,226
0.0134953144863,0.0319477907214,0.0981650210638,0.126497912877,-0.165347519545,-0.673998230078,0.708791126969,227
0.0134707823428,0.0319936018824,0.098199293051,0.127498973032,-0.165807802242,-0.673729071923,0.708760130253,228
0.0134814483939,0.031979868018,0.0981884079095,0.128402228315,-0.166131072078,-0.673401093728,0.708833056242,229
0.0134413281681,0.0319721776999,0.0981928243498,0.128883821179,-0.166607484903,-0.673363867196,0.708669181612,230
0.0133838657444,0.0319709827158,0.0982191588412,0.129795722695,-0.165061846289,-0.674246468552,0.708024969132,231
0.0133809466197,0.0319639426074,0.0982014310383,0.12976131595,-0.165143952615,-0.674186931377,0.708068822473,232
0.0134246983345,0.031977317342,0.0981582113357,0.128914428666,-0.167168745478,-0.673170099734,0.708715526457,233
0.0134441272845,0.032059417643,0.0981836201093,0.128210717007,-0.167330138696,-0.672747810159,0.709205908503,234
0.0134207206717,0.0320523658403,0.0981781853949,0.127867331805,-0.166877519157,-0.672920065975,0.709211127849,235
0.0134392402475,0.0320314408672,0.0981613139259,0.127191728969,-0.166442405402,-0.673156932491,0.709210077484,236
0.0134035745712,0.0322164699408,0.0980646489098,0.124247310236,-0.167450600273,-0.671104780559,0.71143606591,237
0.0132024709405,0.0325349147021,0.0981553247236,0.12303864152,-0.168569100307,-0.667675574165,0.714601482491,238
0.0133985016116,0.0322417684983,0.0980825389186,0.123541956498,-0.167344868356,-0.671003797276,0.711678989476,239
0.0132624909652,0.0325230484542,0.0982150328258,0.122416480591,-0.168877431812,-0.667431537325,0.714863456394,240
0.0134662283745,0.0322025917693,0.0981328804715,0.12350317795,-0.167448470526,-0.670687274088,0.711959658359,241
0.0132713106654,0.0322666936463,0.0982624018173,0.126159809446,-0.167063928269,-0.670278201423,0.711969436878,242
0.0132563028775,0.0322433674102,0.0982664142555,0.127036338674,-0.166674843199,-0.670490452219,0.711704867754,243
0.0134339563767,0.0320563745079,0.0982048289643,0.127645056965,-0.166803008184,-0.672906060352,0.70928198189,244
0.0132624157337,0.0321264560894,0.0983014533045,0.128430805813,-0.168028356137,-0.671656757366,0.710034646997,245
0.0132858622819,0.032170017223,0.0983133727815,0.128241046051,-0.168354907119,-0.671361122687,0.710271147028,246
0.0132971122997,0.0321397360593,0.0982873180754,0.128621552035,-0.167914365903,-0.671553677788,0.710124580566,247
0.0132595584299,0.0323577964253,0.0982021299869,0.126903776657,-0.168371098423,-0.669565527119,0.712199838233,248
0.0132578129621,0.0323447443914,0.0981933795244,0.126931148301,-0.168220919043,-0.6697978429,0.712011977171,249
0.0132454596974,0.0323746515023,0.0982131991035,0.12624068432,-0.168518691661,-0.66924512032,0.712583826024,250
0.0133249790684,0.0324662258451,0.0980976567602,0.124493940565,-0.168580345783,-0.668456701358,0.71361583796,251
0.0133042699948,0.0324736629498,0.0981557492222,0.12352211652,-0.168773465225,-0.667952924556,0.714210539508,252
0.0132780520051,0.0323935953687,0.098154924724,0.124340717392,-0.167971194626,-0.66858635294,0.713664733917,253
0.0132363659549,0.0325393159226,0.0981821544987,0.123508699682,-0.168699630285,-0.667457027979,0.714693746752,254
0.0132365560742,0.0324932301625,0.0982126537371,0.123849853202,-0.16852674438,-0.667740286167,0.714410848546,255
0.013224788802,0.0322971673946,0.0983054539618,0.126028285132,-0.166905341764,-0.670261934793,0.712045235224,256
0.013388305903,0.0320638813557,0.0982682801017,0.127036099836,-0.166271875297,-0.67283204879,0.709586165976,257
0.0133006935251,0.0321170768087,0.0983987027802,0.12782319116,-0.167180960314,-0.672077471054,0.709946217126,258
0.0133749981376,0.0320560429324,0.0982310654904,0.127590515876,-0.16689988718,-0.672649928251,0.709511918111,259
0.0133050223802,0.032129030903,0.0983660209897,0.128247437227,-0.167371212817,-0.6719551955,0.709940622309,260
0.013364531226,0.0321180207922,0.0983081464452,0.128057566546,-0.167662512286,-0.671933991072,0.709926230862,261
0.0132918269905,0.0321799470005,0.0982639631822,0.128085988164,-0.167961543302,-0.671488796768,0.71027156456,262
0.0133165774829,0.0321644670217,0.0982316294431,0.128172947424,-0.167842941442,-0.671675866617,0.710107015006,263
0.0133881047258,0.0324775311832,0.0981167683031,0.123869856998,-0.170877466914,-0.667797774888,0.71379498575,264
0.013374198286,0.0322238587323,0.0980852329057,0.126182145692,-0.168087797896,-0.67071011996,0.711317434969,265
0.0133541878208,0.0322331238405,0.0981015288914,0.125902637842,-0.168220755457,-0.670603180537,0.711436348152,266
0.0134962235567,0.0321303649699,0.0979836035565,0.125084522454,-0.166592553339,-0.672173815627,0.710480925149,267
0.0134365857049,0.0321762017706,0.0979248199926,0.124541466335,-0.167316340366,-0.671470925494,0.711070644609,268
0.0134323224312,0.0321666127767,0.0980727656652,0.124665955235,-0.167127277805,-0.671294685542,0.711259669728,269
0.0132302087711,0.0323015231015,0.0982940000731,0.126439066378,-0.166782245559,-0.670251120102,0.712011433238,270
0.0131820786931,0.032229612362,0.0983150383137,0.12723417678,-0.16638811881,-0.670685602913,0.711552724838,271
0.0133154193222,0.0320893003307,0.098311108544,0.127435081591,-0.16630798258,-0.672486043841,0.709834118473,272
0.0132050978901,0.0322794724577,0.098305711633,0.127125233838,-0.166954057301,-0.67038640922,0.711721560728,273
0.0133363860439,0.0320397734478,0.0982801159143,0.128255719273,-0.16650536462,-0.672856698196,0.70928858564,274
0.0133427413896,0.0320140690223,0.0982295073703,0.12851671491,-0.166549125381,-0.672913303059,0.709177361024,275
0.0134300345104,0.0320479658183,0.0982116048339,0.127936714134,-0.166648756385,-0.672981751027,0.709193874731,276
0.0134707990266,0.0320378286055,0.0981344359846,0.127538954253,-0.16714479386,-0.672760261911,0.709358909881,277
0.0133116958996,0.0323632363492,0.0981875035203,0.126265640169,-0.16822670679,-0.669393237644,0.712509267751,278
0.0133781239413,0.0324080837315,0.0982654024204,0.126465540352,-0.168621813542,-0.669585299532,0.712199886094,279
0.013408757672,0.0324148239786,0.0980964239313,0.125297236293,-0.168219131471,-0.669446196072,0.712632245236,280
0.0133775398228,0.0324203650925,0.0980941034932,0.125077637045,-0.167989943363,-0.669481436467,0.712691777605,281
0.0133384454222,0.0325456901954,0.0981291134219,0.124316711735,-0.169243297037,-0.668168550215,0.713759658495,282
0.0133150233583,0.0325239488234,0.0981224831996,0.123320782369,-0.169087438811,-0.667840012571,0.714276655282,283
0.0133265973532,0.0323863968223,0.0982499249614,0.12429262176,-0.169198023213,-0.669001669188,0.712993786607,284
0.0133410387642,0.0321038476974,0.098361658896,0.127429726818,-0.16697245283,-0.67224056004,0.7099116101,285
0.0132935958154,0.0321168425746,0.0984342400887,0.127850618507,-0.166969417899,-0.672145195099,0.709926946622,286
0.0132554975736,0.032075050576,0.0983936457191,0.128283009592,-0.167173898058,-0.672200095409,0.709748821056,287
0.013320697874,0.0321090844161,0.0983137370142,0.127571706582,-0.166611068691,-0.672497035884,0.709728080463,288
0.0132450203282,0.032119776629,0.0983972395394,0.128158498451,-0.167337344132,-0.671946070385,0.709973303039,289
0.0132924089369,0.0321159685742,0.0983691408167,0.128250671132,-0.167399893054,-0.672022243664,0.709869808613,290
0.0133747305853,0.0321058326778,0.0982058673959,0.127573370993,-0.167022403731,-0.672013500336,0.710089013456,291
0.0132934756633,0.0321832619856,0.0983055887982,0.127675881227,-0.1679844198,-0.671314477197,0.710504733808,292
0.0133202241462,0.0323244009126,0.0982340537704,0.127007790509,-0.168336201197,-0.67030697472,0.711491745672,293
0.0133052742039,0.0323230941068,0.098204415755,0.126878434116,-0.168226749822,-0.670235026627,0.711608482722,294
0.0133384905021,0.0324107071379,0.098054531101,0.125248893394,-0.168635112637,-0.669294289401,0.712685111157,295
0.0133984108599,0.0323907787915,0.0980815556449,0.124848658803,-0.169338167227,-0.668818043177,0.713035639106,296
0.0133456701526,0.0323316710406,0.0981576395856,0.124936682164,-0.168816372017,-0.66977336094,0.712246799195,297
0.0132931167762,0.0322794608586,0.0982028494234,0.125642466888,-0.168771297306,-0.669874723626,0.71203797256,298
0.0134226292239,0.0320381859559,0.0981907215028,0.127263896047,-0.166833673302,-0.673014184003,0.709240674486,299
0.0134249672577,0.0320302734521,0.0982041305627,0.127371326201,-0.166821141145,-0.672999073229,0.70923867602,300
0.0133942033626,0.0320653309796,0.0982211501004,0.12725569708,-0.16692788017,-0.672785034336,0.709437360136,301
0.013421054844,0.0320198763188,0.0982640045529,0.127421057197,-0.166519833438,-0.673135624426,0.709170959912,302
0.0133513398168,0.0319941132171,0.098239460711,0.12758174186,-0.166367808296,-0.6730882722,0.709222693752,303
0.0134213501851,0.0320108374186,0.0982257591754,0.127235489913,-0.165950949957,-0.673248800599,0.709230191692,304
0.0132445395094,0.0322905036104,0.0982594486908,0.126447668081,-0.167038057068,-0.670294395916,0.711909191914,305
0.0134050594704,0.0320814769795,0.0981559473007,0.126893919775,-0.166436855194,-0.672666119555,0.709730229003,306
0.0134157075275,0.0320792766073,0.0981045481594,0.126791802091,-0.166440471917,-0.672647682931,0.709765104015,307
0.0134483617271,0.0321412844857,0.0979150990838,0.125093337679,-0.167414203596,-0.671300300629,0.711111839079,308
0.0134257432651,0.0322116890668,0.0979483421315,0.125076530164,-0.167665226189,-0.671062547295,0.711280037079,309
0.0134300058681,0.0321011268825,0.0981146151839,0.127143317131,-0.167060748848,-0.672181408017,0.709998195646,310
0.0133804271103,0.0321082322231,0.0981615972864,0.127231350157,-0.167278584791,-0.67236621405,0.709756107978,311
0.0132477599565,0.0321873027949,0.0982798652387,0.12775264073,-0.168368338215,-0.671094878752,0.710607507128,312
0.0132608781236,0.0321333164654,0.0982771719466,0.127916123702,-0.167858592469,-0.671750587607,0.710078943697,313
0.0132490441447,0.0320365256711,0.0982724612591,0.128510675129,-0.16708297359,-0.672291127616,0.709642815818,314
0.0132205405056,0.0320916639555,0.0983102821096,0.128167627596,-0.167490247512,-0.671641416718,0.710223826392,315
0.0132145488266,0.0320697280933,0.098323154825,0.128145610125,-0.167558718492,-0.672013646554,0.709859448982,316
0.0132948171304,0.0320840254886,0.0983365665147,0.127788661545,-0.167381390047,-0.672214896872,0.709775077521,317
0.0132466961828,0.0321276354033,0.0983319104072,0.12781021396,-0.166759263008,-0.67247754578,0.709668829687,318
0.0133003913364,0.0322389241541,0.0983002585991,0.127470407609,-0.16748345639,-0.671118446158,0.710845002969,319
0.0132124106506,0.0322992001705,0.0981942317126,0.126816254883,-0.166281037842,-0.671048140188,0.711310514123,320
0.0133490055646,0.032473486321,0.0981850500685,0.124439730602,-0.169133193246,-0.668522797322,0.713432537701,321
0.0133264843174,0.0323580518017,0.0981309408338,0.125352365655,-0.168495485479,-0.669445743177,0.712557683799,322
0.0134770033271,0.0321691966714,0.0979803763958,0.124859930746,-0.167206093837,-0.671267368027,0.711232901727,323
0.0134195676513,0.0321344921952,0.0980035648307,0.12571484359,-0.16735778393,-0.671401266198,0.710920171332,324
0.0133314292311,0.0321212319599,0.0981914127248,0.127791138352,-0.16726486062,-0.672033542241,0.709973808998,325
0.0133487135059,0.0321323513733,0.0982444950449,0.128136580059,-0.167225081317,-0.672163789266,0.709797597509,326
0.0133145910202,0.0321167964855,0.0981790118431,0.12809006989,-0.167220258819,-0.671950272676,0.710009260564,327
0.0132870548964,0.0320975424674,0.0981750662819,0.128110685012,-0.167287002119,-0.671967271906,0.709973729651,328
0.0133746926608,0.0320886904155,0.0982350851978,0.127662332087,-0.167411919651,-0.672320591528,0.709690496155,329
0.0134021055624,0.0319871375899,0.0981893314921,0.128025346727,-0.166351999253,-0.673348823247,0.708899065574,330
0.0134824789617,0.032037026782,0.0981840363541,0.127043532157,-0.166700574736,-0.673053810344,0.70927387355,331
0.0132517367112,0.0323090670617,0.0982030939096,0.126617876934,-0.166828187149,-0.670438905956,0.711792064155,332
0.0132551392267,0.0323572460316,0.0982055947734,0.126105896979,-0.16698381782,-0.670159347815,0.712109651577,333
0.013340342304,0.0322598057875,0.0982684800987,0.12742574428,-0.166954806184,-0.671268341243,0.710835836485,334
0.0133456746623,0.0322770820012,0.0982727376357,0.127156588507,-0.167380081527,-0.670574681552,0.71143847715,335
0.0133715380693,0.032501964052,0.0981522804795,0.124178804241,-0.168787187179,-0.66842890309,0.713647890444,336
0.0133771083017,0.0324414625576,0.0981389890158,0.12474760613,-0.168907077963,-0.668675094756,0.713289598572,337
0.0133477338423,0.0321970340723,0.0983042891952,0.12736213799,-0.167924257243,-0.671100117851,0.710777715926,338
0.0132699203905,0.0321433446039,0.0983022466405,0.128035443024,-0.167509156484,-0.671491489027,0.710384957602,339
0.0132835337594,0.0322174128628,0.0983111477574,0.127656249287,-0.167879076221,-0.671410265694,0.710442645754,340
0.0132621309739,0.0322254874247,0.0982224160698,0.127319218944,-0.167966806188,-0.670975496642,0.710892995755,341
0.0132979237184,0.0322499933449,0.0982592559012,0.127589177423,-0.167653739363,-0.671192328695,0.710713784433,342
0.0132575748651,0.032183518843,0.0982492299526,0.127816915483,-0.167423644909,-0.671648594832,0.710295941352,343
0.0133394578459,0.0321747220784,0.0982797191318,0.127326524048,-0.167612917635,-0.671642100649,0.710345517865,344
0.0133819857218,0.0321461819426,0.0982509289108,0.127132830056,-0.16710312316,-0.671893700935,0.710262377151,345
0.0133380590358,0.0323009425156,0.0982215667226,0.125491243044,-0.168591746112,-0.669986373521,0.712002128057,346
0.0133123887413,0.0321379198293,0.0983222235766,0.127549796933,-0.166813099808,-0.67209177598,0.710068365508,347
0.0129825340628,0.0320863474033,0.0984235771764,0.12632980428,-0.16777086123,-0.66997570286,0.712057775921,348
0.012981365791,0.0321996384151,0.0983694632648,0.126600104683,-0.167602938831,-0.669585150548,0.712416587788,349
0.0129737637526,0.032168944646,0.0983493150283,0.126701713306,-0.167464756062,-0.669772840203,0.712254570956,350
0.0132761887056,0.0323535098483,0.0981835170092,0.126570046287,-0.166586616961,-0.670267342109,0.712018688332,351
0.0133224247344,0.0322976674208,0.0982261823562,0.126411671762,-0.167049409751,-0.670297992634,0.711909534292,352
0.0133120574265,0.0321938058971,0.0983275677009,0.127363058216,-0.167682198383,-0.671095220027,0.710839318977,353
0.0133175987316,0.0321732513714,0.0983104403232,0.127932687126,-0.167375820579,-0.671620132321,0.710313283074,354
0.013313371276,0.0322315994479,0.0982843434897,0.127710275733,-0.167907241555,-0.671248391406,0.710579229038,355
0.013303270115,0.0322197161848,0.0982776342894,0.127754466272,-0.167887561515,-0.671273250616,0.710552451297,356
0.0132647654949,0.0321491492414,0.0982793198028,0.127556042056,-0.167736967164,-0.671445466771,0.710460942722,357
0.013308359124,0.03224639629,0.0983476323704,0.127285353013,-0.16815773272,-0.671090245745,0.710745592951,358
0.0134274760758,0.0322552579633,0.0981186500667,0.124858991812,-0.168381987041,-0.670364011587,0.711807439251,359
0.0134018264607,0.0322786171527,0.0981680196256,0.125172873483,-0.168730852883,-0.669723042297,0.712272909527,360
0.0133617344522,0.0320866833062,0.0982579968109,0.127741810751,-0.166716980817,-0.672028595989,0.710116218845,361
0.0133140609474,0.0322709728319,0.098138991348,0.125145548493,-0.168019028063,-0.669750085233,0.712420536784,362
0.0132786874622,0.0321527307086,0.0982575867699,0.127542289685,-0.166979747002,-0.671618275134,0.710478445092,363
0.013334288867,0.032110628082,0.0982778969629,0.127688646482,-0.167190796986,-0.671880086686,0.710154909916,364
0.0133121532979,0.032091498355,0.0983357188515,0.127933320851,-0.167263059081,-0.671922065447,0.710054133464,365
0.0132923233149,0.0321527604091,0.0984008432294,0.127930231034,-0.167305939711,-0.671698503105,0.710256080194,366
0.0133885124604,0.031992174832,0.098235303943,0.128334714542,-0.166009215358,-0.673328220213,0.708943050833,367
0.013279635918,0.032138345522,0.0983508041893,0.128390206113,-0.167560080266,-0.671806411223,0.710011070558,368
0.0133085876408,0.0320839944191,0.0982883963412,0.12860091631,-0.167152431435,-0.672086760935,0.709803673395,369
0.0132972221158,0.0321111711942,0.098262339957,0.128330358179,-0.167338988005,-0.671685331209,0.710188565172,370
0.0132987361947,0.0322120927065,0.0982759692544,0.127479672787,-0.167808708615,-0.671173973655,0.710714195319,371
0.0133094345622,0.0322541782923,0.09814184064,0.126590771381,-0.167727879191,-0.67062250504,0.711412391569,372
0.0133662802777,0.0323139722883,0.0981314127406,0.125735283993,-0.168056279768,-0.670375070081,0.711719741614,373
0.0132424220502,0.0325012728355,0.0980765139089,0.124894967677,-0.168020148079,-0.668897206979,0.713265030254,374
0.013360698,0.0324397680843,0.0981333989136,0.124855720221,-0.168496102034,-0.668928729359,0.713130049686,375
0.0131652655767,0.0323733743704,0.0982146549314,0.123763121821,-0.167496861266,-0.668380612456,0.714069217958,376
0.0130031169085,0.0323011792873,0.0982379491374,0.125189224486,-0.167243174849,-0.66951638425,0.712814975825,377
0.0130799434128,0.032189798737,0.0983801529959,0.125861070371,-0.1670856617,-0.669732554168,0.712530475493,378
0.013300531265,0.0323259085443,0.0982750457175,0.127256934526,-0.168233662223,-0.671204477129,0.710624835896,379
0.0133360755811,0.032296990817,0.0982008128663,0.127004637785,-0.167189480147,-0.671578548112,0.710562983433,380
0.0132147002957,0.0323911490471,0.0984179115086,0.127320812735,-0.168312309724,-0.67116893746,0.710628337761,381
0.0132365536234,0.0321504289199,0.0983973157869,0.128565219891,-0.167301395929,-0.671986904169,0.70986958505,382
0.0132826240149,0.0321111319286,0.0983263742567,0.128442951146,-0.166779764632,-0.672438143888,0.709587106037,383
0.0132440489228,0.0321656829546,0.0982223088501,0.127821721833,-0.167348359788,-0.67173677315,0.710229428777,384
0.0132728029968,0.0322026085558,0.0982855192294,0.127439154692,-0.167616232118,-0.67142034108,0.710534155524,385
0.0132677703505,0.0323106283095,0.0981474159482,0.125478000539,-0.168023312581,-0.670205370291,0.711932721149,386
0.0132154374726,0.0323501027991,0.0981286322902,0.125578665986,-0.168092250476,-0.670134645068,0.711965274054,387
0.0132349366883,0.0324189384534,0.0980712059627,0.124903094401,-0.168657083449,-0.669665551828,0.712391783997,388
0.013291553461,0.032391637182,0.0981047888463,0.125106233989,-0.16845654923,-0.669921324936,0.712163070957,389
0.0135119954344,0.0322298704872,0.0978985366847,0.124288702659,-0.167444959963,-0.671549335821,0.711010543757,390
0.0134904763862,0.0321429433128,0.0979100013755,0.12497599233,-0.166590264269,-0.672615752271,0.71008220298,391
0.0134496514661,0.0319322447749,0.0980739798654,0.12753671415,-0.164931189687,-0.674584912152,0.70814354866,392
0.0132497731615,0.0322556551703,0.0982429353405,0.127088422776,-0.16663848325,-0.670856552794,0.711359005193,393
0.0132602225586,0.0322213903002,0.098316981901,0.127418978341,-0.166458855496,-0.67092959272,0.71127303829,394
0.0132936225935,0.0319669472698,0.0983119177128,0.128870266873,-0.165873661702,-0.673302179815,0.708902360926,395
0.0132309413467,0.0320532932347,0.0983596350027,0.12859106827,-0.166629757543,-0.672394052422,0.709637301253,396
0.0132285935946,0.0321353531059,0.0984003937513,0.128466224661,-0.166906182707,-0.671993496926,0.709974292059,397
0.0132569158477,0.0321669888943,0.0983721777412,0.128163365347,-0.16715243174,-0.671802980054,0.710151372833,398
0.0132867820607,0.0321573760006,0.0983225373226,0.127745525207,-0.167205543582,-0.671657064288,0.71035214857,399
0.0132645940941,0.0322207109844,0.0983086714817,0.12717820678,-0.167593641708,-0.671262410855,0.710735429504,400
0.0132699834678,0.0323230715182,0.098139601963,0.125000240719,-0.168820864,-0.669607937971,0.712390107389,401
0.0133906438243,0.0324452600749,0.0980464454942,0.124105635166,-0.169469106273,-0.668280739349,0.713637769989,402
0.0133381052176,0.0325376313531,0.0980334376603,0.123962879883,-0.169330574259,-0.668102738372,0.713862095935,403
0.0133371573259,0.0325610519383,0.0980252424299,0.123868918637,-0.169396579976,-0.667859799727,0.714090034657,404
0.0133509891079,0.0325376504827,0.0980638297779,0.124163131582,-0.169456683316,-0.668028868764,0.713866499938,405
0.0133726242247,0.0325237414861,0.0981227687171,0.124475276523,-0.169536933683,-0.667928349929,0.71388714305,406
0.0134611433287,0.0321868537955,0.0982708169961,0.127457492841,-0.16771681733,-0.670790354947,0.711101931099,407
0.0133325454529,0.0321455572854,0.0983685499321,0.127859437006,-0.167795891595,-0.671585202739,0.710260387882,408
0.0133134439471,0.0320870249846,0.0984211154229,0.128479260755,-0.167288716645,-0.67208116574,0.709798895108,409
0.0132394104604,0.0320863368691,0.0984234090132,0.128722135595,-0.167165655519,-0.672133490669,0.709734334905,410
0.0132360822458,0.0320647069515,0.0984372715127,0.128512656556,-0.167267420988,-0.672177647295,0.709706500927,411
0.0132819829991,0.0321300499243,0.0983670933925,0.127997147563,-0.167010061514,-0.671910890583,0.71011275491,412
0.0133263652605,0.0321544859653,0.0983066878431,0.127611827607,-0.167310994564,-0.671776709319,0.710238203259,413
0.0133177072572,0.0321720477146,0.0982661265434,0.127064180798,-0.167406951807,-0.671767449961,0.710322532106,414
0.0133771361328,0.0323192815275,0.0980715230942,0.124642235508,-0.168222615549,-0.670069037113,0.712160761519,415
0.0133555340526,0.0324016728219,0.0980730501577,0.12497640078,-0.168847834602,-0.66910610497,0.712859262611,416
0.0133418946887,0.0323289668101,0.0980151845484,0.125244683527,-0.168392766669,-0.669675494342,0.712384992584,417
0.0133267274166,0.032419935938,0.098033046182,0.124915849937,-0.168565895825,-0.669268155643,0.712784473064,418
0.0133028128657,0.0324317593316,0.0980543014272,0.124745105984,-0.16852873508,-0.66900961742,0.713065814483,419
0.013473747376,0.0322025336829,0.0979480370068,0.124469714321,-0.167022190991,-0.671481288726,0.711142571377,420
0.0135047399544,0.0320975097291,0.0980236881101,0.12493685968,-0.166942387363,-0.671938424003,0.710647433503,421
0.0134281605814,0.0320402678631,0.0982084521201,0.127064493128,-0.166314611358,-0.672880487497,0.709525132875,422
0.0132314049203,0.0322365389618,0.0982938582026,0.126545371459,-0.166827381262,-0.67042425325,0.711818947821,423
0.0134795483523,0.0321185737828,0.0983513322299,0.127132633729,-0.166542149568,-0.672588256866,0.709736600849,424
0.0134408804245,0.032049984978,0.0983235349665,0.127698759129,-0.166165787716,-0.672900447503,0.709427195461,425
0.0134454420965,0.0320670392647,0.0983342309481,0.127803984285,-0.166094881241,-0.672963180009,0.709365343373,426
0.0134995458827,0.0321276529912,0.0982982019399,0.1272720237,-0.166566474948,-0.672683997014,0.709615164415,427
0.0132811521766,0.0323684993705,0.0982524088463,0.126731202101,-0.167911169435,-0.669668107066,0.712242702997,428
0.0132983511987,0.0323317702881,0.0981768933131,0.126728789389,-0.167747033159,-0.670060296459,0.711912878038,429
0.0132916807586,0.0323969242474,0.0979883281897,0.125212163177,-0.168234234996,-0.669106959245,0.712962154296,430
0.0133914109612,0.0323477550442,0.0980185240533,0.125619521208,-0.16844380767,-0.669509859531,0.712462607819,431
0.0133696639919,0.0323193817698,0.0980093118254,0.125736588573,-0.168185823981,-0.670033632394,0.712010372373,432
0.0133645169335,0.0323599347894,0.0980738188537,0.125468320973,-0.168647559648,-0.669504278108,0.712446294574,433
0.0133417382192,0.032370299848,0.0981658898103,0.125601108015,-0.16851763859,-0.669616449283,0.712348214007,434
0.0133920685267,0.0322442653254,0.0981077836957,0.125249680031,-0.167539341538,-0.670981557131,0.711355633055,435
0.0132512921504,0.032150694971,0.0983981164602,0.127996316085,-0.16711115591,-0.672032587675,0.709973947227,436
0.0132418742392,0.0321482673497,0.0984568981115,0.127872524268,-0.167417119565,-0.671680342374,0.710257448593,437
0.0132491975923,0.0320651929571,0.098450509152,0.128134561938,-0.166974159821,-0.672200660249,0.709822115991,438
0.0132528014859,0.0320600711593,0.0984342744106,0.128242987679,-0.167033244207,-0.672335025579,0.709661359256,439
0.013270573735,0.0320417373668,0.0984116838253,0.128132199177,-0.167115359501,-0.67239733712,0.709602999702,440
0.0132852796194,0.0320955679635,0.098401092941,0.128343772521,-0.167019533582,-0.672070321834,0.709897058711,441
0.0133565618208,0.0321248714081,0.0983213485496,0.127995986716,-0.167473347924,-0.672048211693,0.709873866458,442
0.0133344648841,0.0322951033902,0.0981417508296,0.126538526195,-0.167561299344,-0.670188666892,0.711869625087,443
0.0134085804097,0.0326273650795,0.098071363352,0.123938387662,-0.170514577284,-0.666663401954,0.714929341609,444
0.0132592302421,0.0326921713179,0.098015668406,0.123239162695,-0.170310449062,-0.666451234528,0.715296590034,445
0.0133684286993,0.0326933731641,0.0980637912001,0.123405617095,-0.170909861251,-0.666381939523,0.715189473968,446
0.0134244732064,0.0324153232706,0.098039112294,0.125086852517,-0.16901752806,-0.668903797601,0.712989525934,447
0.0133454806913,0.0322979431822,0.0981159959871,0.125541244233,-0.168710552141,-0.669925375775,0.712022567398,448
0.0133685503616,0.0321292251199,0.0982404934975,0.127313656473,-0.166736278386,-0.672363410567,0.709871601402,449
0.0132458166086,0.0322166712186,0.0983675032331,0.12725733777,-0.167651099073,-0.67143961456,0.710540303546,450
0.0132341723333,0.0322052237997,0.0984116973601,0.127724666112,-0.1672713555,-0.671782433113,0.710221842706,451
0.0132428568626,0.032202021124,0.0984303659427,0.127614097458,-0.16707368586,-0.671912799233,0.710164921585,452
0.0131882359384,0.0320943184454,0.0984344479497,0.128128325058,-0.166872501953,-0.672210909188,0.709837441939,453
0.0132277568259,0.032391343445,0.0983985524241,0.12687958886,-0.168396849425,-0.670899565431,0.710941519493,454
0.013252263985,0.0321189411975,0.098385594736,0.128271654111,-0.167476449024,-0.67195830202,0.709908488554,455
0.0133569014132,0.0321405855225,0.0983409627998,0.127556337814,-0.167778827365,-0.671744733643,0.710168049545,456
0.0133650640575,0.0321017253597,0.098257320327,0.128283280845,-0.167576527032,-0.671844120825,0.709990834277,457
0.0135172072831,0.0323165724081,0.0978959428701,0.123505229952,-0.168752121725,-0.670197336795,0.71211284874,458
0.0135285342998,0.032366074511,0.0978757342819,0.123580987832,-0.168617311375,-0.670287703331,0.712046583107,459
0.0135269050895,0.0321932284617,0.0978305724335,0.125078590881,-0.166905755229,-0.672270755902,0.710316722127,460
0.0135432583836,0.0322371794237,0.0979124613546,0.124757220824,-0.167264166849,-0.671976200536,0.710567604281,461
0.0135092883082,0.0322113591578,0.0979297647118,0.124971287679,-0.167009983815,-0.672297818259,0.71028549621,462
0.0135654522738,0.0321756951941,0.098039215499,0.124711884012,-0.167298444776,-0.671967982519,0.71057526472,463
0.0133231224472,0.0323222754852,0.0981983042262,0.125334626039,-0.168753286095,-0.669773084258,0.71219209175,464
0.0132768406543,0.0321593760401,0.0983680592796,0.127391490704,-0.167522946378,-0.671579479413,0.710414296988,465
0.0132573449132,0.0321830989427,0.0983913326377,0.127983934216,-0.167316249302,-0.671843085302,0.710107213056,466
0.0133074902609,0.0320608985816,0.0983329276237,0.127876512807,-0.166173974613,-0.67282325191,0.709466475122,467
0.0133372675396,0.03203593772,0.0983722389176,0.128108731396,-0.165758745489,-0.673277647386,0.709090544828,468
0.0132447432923,0.0320667984266,0.0984699262986,0.128885784153,-0.166782932567,-0.672484484013,0.709462139095,469
0.0132460720309,0.0321062075301,0.0984242111108,0.128577921425,-0.16732469645,-0.672182456029,0.709676623461,470
0.0133217170067,0.0321672481702,0.0983424786844,0.127992905418,-0.167610386506,-0.67142534778,0.710431261176,471
0.013344371738,0.0322007012368,0.098276570981,0.127854626309,-0.167934020207,-0.671370496908,0.71043156973,472
0.0133966122271,0.0324738329524,0.0981048905407,0.123828659338,-0.170672097343,-0.667654438204,0.713985328604,473
0.0132771178938,0.0326593213537,0.0980094385477,0.122896668616,-0.170228447804,-0.666506372998,0.715323660418,474
0.0133298573518,0.032559394304,0.0981123967431,0.12397651918,-0.170152496002,-0.667943327214,0.713813464728,475
0.0133187813266,0.0324108268097,0.0980879110242,0.125208629812,-0.168577742039,-0.669873754447,0.712161145397,476
0.0133514966404,0.0323204881164,0.0981079744988,0.12557688483,-0.168293976301,-0.670325710199,0.711738031711,477
0.0132905836762,0.0322038114595,0.098143192645,0.126278232536,-0.167762453371,-0.670872977962,0.711223603846,478
0.0134462377919,0.0321215998383,0.0980432899286,0.125718102371,-0.167359938569,-0.672083919602,0.710273760399,479
0.0134263090637,0.0320628074861,0.0982137024641,0.127023100365,-0.166660221437,-0.672972702544,0.709363971593,480
0.0134214862305,0.0321112770655,0.0982394742308,0.127073016848,-0.166510023966,-0.672950926136,0.709410960812,481
0.0132701685038,0.0322001486519,0.098393165081,0.127832101417,-0.167524493005,-0.671629374689,0.710287604527,482
0.0132761856399,0.0321067231114,0.0983879032843,0.128196623754,-0.167175787472,-0.672012068527,0.70994201277,483
0.0132522326535,0.0321247013489,0.0983766477028,0.128402555325,-0.167276231225,-0.672334145832,0.709576100641,484
0.0132475641739,0.0322548387721,0.0982430991361,0.126742915524,-0.166755633869,-0.670560138557,0.711672602055,485
0.0132501330111,0.0322489319448,0.0982179602512,0.127327711986,-0.166785557218,-0.670732610588,0.711398620155,486
0.0132652687932,0.032272099927,0.0982017981948,0.126646598072,-0.167416474228,-0.670233750519,0.711842035159,487
0.0132597955386,0.0323092718532,0.0982088647889,0.126871281938,-0.167153179236,-0.670268139915,0.711831520168,488
0.0132595851692,0.0323151496701,0.0982177164973,0.126552861786,-0.167510145342,-0.669944476565,0.712108926149,489
0.0132564662721,0.0324411168016,0.0980787139302,0.124802687311,-0.168319213789,-0.668825310855,0.713278090978,490
0.013286651989,0.0323144575376,0.0981613835433,0.12541344208,-0.168576498772,-0.669896042328,0.712104434111,491
0.0132656180867,0.0322887560227,0.0981585940593,0.125828795783,-0.168337416938,-0.670232153178,0.711771374148,492
0.013307525652,0.0322379530205,0.0981571735407,0.125880885539,-0.16830651766,-0.670041436695,0.711949009326,493
0.0132341381359,0.0323373106999,0.0982340323677,0.126400414567,-0.168078161405,-0.669708355346,0.71222425235,494
0.0132397177596,0.032455922187,0.0981446914926,0.124333435037,-0.168670271728,-0.668424231857,0.713652984744,495
0.0132754002058,0.0322938261224,0.098213732857,0.126198697533,-0.167706095174,-0.670020812863,0.712053835544,496
0.0133045814312,0.0323226833167,0.0982443002638,0.125677868261,-0.167601286491,-0.669891113684,0.712292621051,497
0.013335667401,0.0323200800984,0.0982014470964,0.125690439452,-0.167588971184,-0.669793467223,0.712385121569,498
0.0133543784925,0.032322653947,0.0981825176632,0.125709078371,-0.167732682582,-0.669701569039,0.712434406269,499
0.0133423636618,0.0323142580931,0.0981880705997,0.126065296479,-0.167403993837,-0.669722063874,0.712429506008,500
0.0133408775261,0.0323279749653,0.0981844175714,0.126123712413,-0.16779359593,-0.669534232865,0.712504055676,501
0.0133210150208,0.03233076841,0.0982048116313,0.126125483574,-0.167952146013,-0.669405504492,0.712587334717,502
0.0132793841929,0.0323556968359,0.098224086902,0.125905715366,-0.167901778757,-0.669219556109,0.712812688755,503
0.0133273492354,0.0322187963919,0.0982278100704,0.126446629475,-0.167996504132,-0.671102547711,0.710921792429,504
0.0133234268622,0.0322509878386,0.0982459515482,0.125980316784,-0.168516310509,-0.670687064497,0.711273558057,505
0.0132990202326,0.0322291270752,0.0981919252342,0.125931020434,-0.168425243892,-0.670686275217,0.711304601101,506
0.0132317182145,0.032231204029,0.0982468165943,0.126254305394,-0.16855675097,-0.670299985717,0.711580214186,507
0.0132145842765,0.0321815511318,0.0982642916739,0.126730411508,-0.167927291002,-0.670735575859,0.711233868016,508
0.0132214037049,0.0321958770356,0.0983448234897,0.126730246552,-0.168069005273,-0.670891493542,0.711053343968,509
0.0132791521607,0.0323410848811,0.0982881776208,0.125259920974,-0.168837159842,-0.669435936813,0.712502275195,510
0.0133085574283,0.0321770709423,0.0983688024762,0.127074554644,-0.168074777927,-0.671036154411,0.710853997709,511
0.0132952775827,0.0323165011623,0.0982303940174,0.125963125733,-0.168012046313,-0.66967666958,0.712347107434,512
0.0133655618638,0.0322617550763,0.0983001487294,0.127106612051,-0.167901494199,-0.670525944964,0.711370476298,513
0.0133664710864,0.032256847961,0.098287509724,0.12742283758,-0.167811383066,-0.670498584214,0.711360955313,514
0.0133751228856,0.0322652526781,0.0982864441112,0.127553387245,-0.167816183716,-0.670711181151,0.711135973892,515
0.0133738625258,0.0322972029039,0.098269818046,0.127225981352,-0.16799246418,-0.67026688899,0.711571766705,516
0.01340600459,0.0322132322723,0.0982677610672,0.127356390592,-0.168448719521,-0.670620476671,0.71110727386,517
0.0134671827054,0.0320045241922,0.0981319094702,0.126963971783,-0.166549338828,-0.673094281171,0.709285243228,518
0.0133805914795,0.0321533811898,0.0981823182952,0.126252321027,-0.167583876101,-0.671755409038,0.710436954511,519
0.0133517590343,0.0322024679383,0.098224180158,0.125979421395,-0.167652975187,-0.671344911365,0.710857000584,520
0.0133143878514,0.0322162374816,0.0982406260362,0.126285933029,-0.167715928957,-0.67090507368,0.711202933349,521
0.0133128693595,0.0323394701739,0.0981221723188,0.124305437226,-0.168789798601,-0.669384758493,0.712728705231,522
0.0133136705062,0.0321589326336,0.0982178219341,0.126492821799,-0.167545984985,-0.671459468705,0.710682834206,523
0.0132832449615,0.0322289013048,0.0982421967094,0.126784481964,-0.167554905192,-0.671089452674,0.710978196141,524
0.0133535109739,0.0320988793177,0.0981754684837,0.127182645094,-0.166896209301,-0.672080267762,0.710125583114,525
0.0133960240991,0.0320879772076,0.0981718969538,0.127387281052,-0.166797321257,-0.672256671397,0.709945140141,526
0.0134487635049,0.0319851030153,0.0981421816618,0.127949599295,-0.165811214998,-0.67343719587,0.708955488193,527
0.0135192782638,0.0319536522007,0.0980963718992,0.12759537945,-0.165740670148,-0.673798723279,0.708692267426,528
0.0135314472129,0.0319715326575,0.0980993032517,0.1271618361,-0.165662298978,-0.673827985255,0.708760690518,529
0.013504275967,0.0319286325162,0.0980925600974,0.127608359078,-0.165530903226,-0.673892280052,0.708649999405,530
0.0135029058213,0.0320101655833,0.0981472955092,0.126946214506,-0.165790330466,-0.673499906647,0.709081166506,531
0.0135600384909,0.0319429160085,0.0981508592734,0.12740869966,-0.165537233061,-0.674003390602,0.70857877274,532
0.0133094343774,0.032357780066,0.0982922418383,0.125873600924,-0.167344953758,-0.669879898412,0.712328874008,533
0.0132993871324,0.0323552586972,0.09831407397,0.126274980948,-0.167050811482,-0.669891846372,0.71231563912,534
0.0133000719286,0.0323387399256,0.0981956369793,0.125214464356,-0.168487274416,-0.669687458374,0.712356711467,535
0.0133057620282,0.0323175342096,0.0981593524641,0.125345078795,-0.168358854132,-0.669842886632,0.712217954481,536
0.013294950776,0.0323268059746,0.0981824936457,0.126015842928,-0.16780726708,-0.670256428219,0.71184060637,537
0.01331237467,0.0322211089942,0.0983108966594,0.127521873093,-0.167618842446,-0.671145480792,0.710778333345,538
0.0133160704357,0.0322184105453,0.0983274127107,0.128084182927,-0.167298690666,-0.671503860692,0.710414073102,539
0.0134000070986,0.0321550552476,0.09821944574,0.127735565521,-0.166818990286,-0.672011182838,0.710109864685,540
0.0134030796076,0.032101242248,0.0981797235656,0.127709666706,-0.166802089964,-0.672395038594,0.709755039354,541
0.013347504083,0.032139979973,0.098179041175,0.127775459141,-0.166992388411,-0.67221106007,0.709872710402,542
0.0132507344068,0.0322920160036,0.0982171500853,0.127145917031,-0.16712782761,-0.670377582524,0.71168539529,543
0.013262810572,0.0322593645313,0.0982309117636,0.127043631055,-0.166894982789,-0.670685974892,0.711467710871,544
0.0132818696433,0.0322561703329,0.0982421239234,0.12678195417,-0.166784815022,-0.670439829825,0.711772151857,545
0.0132694960602,0.032337974043,0.0982927350793,0.126483001507,-0.166856700293,-0.670228178555,0.712007781255,546
0.0132876153066,0.0323074824662,0.0982776205936,0.126110779556,-0.167038420346,-0.669949587432,0.712293329821,547
0.0132379277403,0.0323087388703,0.0983081681696,0.12631798935,-0.167188428882,-0.669905109485,0.712263251263,548
0.0134137234389,0.032038146108,0.0982104022446,0.127055936811,-0.166426671932,-0.672952353736,0.709432224664,549
0.013296287156,0.0321665162267,0.0983442803621,0.127187110547,-0.167570224443,-0.671284291399,0.710718691826,550
0.0133853728837,0.0324238995987,0.0982427981382,0.12437178535,-0.169025810639,-0.668965572756,0.713054694125,551
0.0133093596118,0.0323691576012,0.0982114465115,0.125573223926,-0.168753013324,-0.669583270637,0.712328596653,552
0.0132841715549,0.0322851716543,0.0983269653272,0.126923062363,-0.16799057703,-0.670821927126,0.711103117949,553
0.0133304685963,0.0323095900239,0.0981165907748,0.125552227799,-0.168878450982,-0.669581116418,0.712304594556,554
0.0134317424589,0.0322406020227,0.0979978910388,0.125317919548,-0.167658197546,-0.670835421176,0.711453431738,555
0.0134420456839,0.0322171052766,0.098002199881,0.125744276241,-0.167279061867,-0.671185115978,0.711137562321,556
0.0133785856862,0.0321603964558,0.0981928812214,0.127346084221,-0.166971729446,-0.671898522329,0.710250513615,557
0.0134259065556,0.0321481979443,0.0981031745145,0.127518141354,-0.16655108372,-0.67218122108,0.710050889841,558
0.0134195872862,0.0320584737937,0.0982464558711,0.128069018239,-0.165846946091,-0.672741974906,0.709585338236,559
0.0134033995416,0.03205767829,0.0982392046947,0.127772981736,-0.16611764114,-0.672492329713,0.709811989838,560
0.0133365797895,0.032104760171,0.0982846458336,0.127915560258,-0.166233831306,-0.672340488723,0.709902944069,561
0.0133670189015,0.0320662340083,0.0982731258301,0.127698100908,-0.166058315198,-0.672647292939,0.709692504032,562
0.0133488693038,0.0320617818004,0.0982715699739,0.127714741837,-0.166021377683,-0.672601087449,0.709741941858,563
0.0133942987583,0.032101728046,0.0982893884296,0.127292649831,-0.166545060698,-0.672391340818,0.709893801106,564
0.0132601507279,0.0323178170836,0.0982540266203,0.126218401429,-0.167302464593,-0.670196755058,0.711979711783,565
0.0132231119913,0.0324318467421,0.0981000706751,0.124902987871,-0.168416996397,-0.668683214793,0.713370673072,566
0.0132353006026,0.032438585256,0.0980579160244,0.124585069873,-0.168664976002,-0.668485868662,0.71355261168,567
0.0132430505717,0.0325091652168,0.0980399326142,0.12453385868,-0.168446081166,-0.668601301987,0.713505104932,568
0.0133042633387,0.0324874557856,0.098024182848,0.124303615768,-0.169090929147,-0.66821761223,0.713752121883,569
0.0133296142423,0.0324941788949,0.0980214529237,0.124140814825,-0.168985764849,-0.667957024308,0.714049216127,570
0.0133186783786,0.0324148672328,0.0980212396078,0.124623173572,-0.168511593971,-0.668407639106,0.713655473804,571
0.0133079034372,0.0322924143477,0.098222496757,0.126648160081,-0.167572173023,-0.669911125773,0.712108765528,572
0.0132940893526,0.0322620334013,0.098234842961,0.126676848765,-0.167347380264,-0.670224461205,0.711861645201,573
0.0134251084133,0.032010640601,0.0982127212223,0.12757726605,-0.166295888275,-0.672840590292,0.709475340506,574
0.0133916846868,0.0320407192071,0.0982474736168,0.127398265994,-0.166275121514,-0.672788161406,0.709562087248,575
0.0133358315965,0.0323221679107,0.0982286568255,0.126103119605,-0.167324500373,-0.671696401734,0.710580367515,576
0.013327173135,0.0320064715751,0.0983139639855,0.128102848918,-0.165295722548,-0.673241979827,0.709233544614,577
0.0133437379905,0.0320749648542,0.0983227859362,0.127428334376,-0.165972424073,-0.67236897703,0.710024740959,578
0.0133333600783,0.0320926784481,0.0982843814979,0.127396443914,-0.16610944399,-0.672704086395,0.709680921854,579
0.0133561034825,0.0325063800284,0.098111206431,0.123775971067,-0.168919159293,-0.669311234761,0.712859241108,580
0.013346588147,0.0320657404663,0.0982181562852,0.127763007916,-0.16635062002,-0.672733714827,0.70953043202,581
0.0133629652632,0.0323094504674,0.0981777266393,0.125554923915,-0.16809393852,-0.670012675362,0.712083846024,582
0.0133724843407,0.0323219223487,0.0981675338889,0.125492240399,-0.168198520252,-0.670073204855,0.712013241113,583
0.0134038876012,0.0325006411329,0.0981778612114,0.123898620697,-0.170374525916,-0.667831629555,0.71387853818,584
0.0133902075318,0.0325215751427,0.0981617928736,0.124149721468,-0.170622401305,-0.667752502528,0.713849730826,585
