1,1445362383,14000000,1.38745696753,-1.75749627675,-0.67496425716,-0.028145789155,-0.112813111565,0.901338640905,0.417216575442,0
1,1445362388,452000000,3.38141859161,-1.19002279735,-0.834308524006,-0.0300378713471,-0.110371054073,0.894224195154,0.432757490414,489
1,1445362389,350000000,3.34906677141,-1.30554680575,-0.814637824971,-0.0300161658036,-0.109994586079,0.889972769679,0.44152994242,574
1,1445362390,395000000,3.19507411276,-1.20015189754,-0.692614983525,-0.0299362466325,-0.112000820295,0.8906862567,0.43958802249,668
1,1445362391,686000000,3.1857944323,-1.16597216867,-0.709925465164,-0.0302697211276,-0.11168374395,0.891341087865,0.438316723846,780
1,1445362394,424000000,3.12031777423,-1.01634284394,-0.689617914756,-0.0402518634897,-0.113395715441,0.89074988516,0.438275987583,1021
1,1445362395,648000000,3.29331801595,-0.666564494197,-0.820313566573,-0.0489535991685,-0.110149164878,0.887710182851,0.444343715908,1134
1,1445362396,146000000,3.31866643899,-0.629216409038,-0.787935968462,-0.0503583568835,-0.0972468698962,0.890416392325,0.441775656264,1178
1,1445362397,369000000,3.81768435497,-0.917449516381,-0.854399981421,-0.0447977155982,-0.0941484017087,0.887993381929,0.447880560846,1279
1,1445362397,929000000,3.486698183,-0.686023353354,-0.822883398404,-0.043627139602,-0.0957359693949,0.890081947365,0.443492304138,1328
1,1445362399,75000000,3.39278630711,-0.388442800853,-0.829198260519,-0.0436035635288,-0.0954802860786,0.890355709342,0.442999949278,1423
1,1445362399,625000000,3.32926364827,-0.472576670191,-0.893381274077,-0.0432662110432,-0.0954638024588,0.890498248497,0.442750004885,1475
1,1445362400,876000000,3.36021877242,-0.451179382688,-0.864043052265,-0.043397895356,-0.095005465153,0.890521326925,0.442789284606,1581
1,1445362401,328000000,3.38971342691,-0.412095160556,-0.687678690625,-0.0482748107527,-0.0958946362986,0.89292052346,0.437226143042,1626
1,1445362402,740000000,3.59581884056,-0.00499736470763,-0.492423446065,-0.0503596960382,-0.0899284150965,0.895179850283,0.433624050096,1741
1,1445362403,126000000,3.56009644717,-0.329273680905,-0.565615359889,-0.0487713381478,-0.0865319113413,0.896787572315,0.431167757417,1775
1,1445362405,430000000,3.53567760907,-0.484957085525,-0.431683401456,-0.0522084413622,-0.0855371554746,0.895626442894,0.433371605523,1982
1,1445362406,821000000,3.27924823055,-0.733244328058,-0.554623012475,-0.0510212302126,-0.0878356577416,0.893401566483,0.437624693433,2103
1,1445362411,335000000,3.36302079187,-0.211480228275,-0.626093674768,-0.0646292419599,-0.0966482376917,0.901432650977,0.41701481387,2501
1,1445362415,230000000,3.18975399573,-0.083890581596,-0.40174195082,-0.0517141310104,-0.0948462767178,0.899898448447,0.422507532393,2818
