1,1445362513,526000000,2.78628940689,0.580372342465,-0.0786274640692,-0.0521804353101,-0.107221547749,0.889175980605,0.441754249991,0
1,1445362515,553000000,2.79552368069,0.54404345185,-0.11636962628,-0.0533819056206,-0.108137311023,0.888301946032,0.443143708961,180
1,1445362517,553000000,2.70997664584,0.566073254373,-0.142727653826,-0.0530449277115,-0.105053634252,0.890119191141,0.44027013882,358
1,1445362521,166000000,2.62771540376,0.503597462375,-0.241756710482,-0.0476491443656,-0.102904847785,0.892491801064,0.436575922809,668
1,1445362522,364000000,2.77578292197,0.367857017087,-0.327138999778,-0.0447407004789,-0.0988147180494,0.894633153417,0.433434472585,773
1,1445362523,834000000,2.90231813778,0.247375050649,-0.324601355739,-0.0453971482031,-0.100247181134,0.894491509651,0.433329598311,895
1,1445362525,646000000,2.70770185597,0.341382639924,-0.359113875288,-0.042183071269,-0.0992667865448,0.894435854052,0.433994466062,1056
1,1445362527,144000000,2.70770185597,0.341382639924,-0.359113875288,-0.042183071269,-0.0992667865448,0.894435854052,0.433994466062,1183
1,1445362528,156000000,2.82644612551,0.208573365316,-0.328692583481,-0.0433717982496,-0.0986622567692,0.894352603091,0.43418667362,1272
1,1445362529,938000000,2.82644612551,0.208573365316,-0.328692583481,-0.0433717982496,-0.0986622567692,0.894352603091,0.43418667362,1430
1,1445362530,958000000,2.82008688559,0.251303799971,-0.433163551591,-0.045393633434,-0.0994455151402,0.893861633691,0.434811898844,1521
1,1445362531,631000000,2.87215799266,0.14892048373,-0.525361020739,-0.0463686318327,-0.0989773779624,0.893602202153,0.435348748638,1582
1,1445362532,651000000,2.96856550973,0.257145828391,-0.53519926571,-0.0468375107861,-0.0983857538445,0.89464632524,0.433283329656,1629
1,1445362533,224000000,3.1924802882,0.167174034524,-0.57549177,-0.046412396511,-0.0971800594304,0.894824536136,0.433233164736,1681
1,1445362534,928000000,3.1924802882,0.167174034524,-0.57549177,-0.046412396511,-0.0971800594304,0.894824536136,0.433233164736,1837
1,1445362536,320000000,2.88383394348,0.133302583509,-0.306562291171,-0.0592250801331,-0.0922553952779,0.889998267576,0.442588313941,1961
1,1445362536,831000000,3.02258065022,0.1843432396,-0.117057224774,-0.0631209036784,-0.0987681043189,0.892573007716,0.435401009398,2006
1,1445362538,119000000,3.42692321987,0.728914071829,-0.135912097301,-0.0646910794848,-0.0989840401662,0.895661453096,0.428728102024,2117
1,1445362538,535000000,3.30643205257,1.16571253512,-0.182175096846,-0.0630059922665,-0.099633155863,0.902494409815,0.414255138102,2157
1,1445362542,433000000,3.24835359662,0.978353349288,-0.178809541532,-0.0640891364364,-0.100156573642,0.901297221254,0.416562795156,2494
1,1445362543,442000000,3.20966653256,0.920574411382,-0.203759470124,-0.0611988187151,-0.10002517168,0.901317625479,0.416984661133,2579
1,1445362544,230000000,2.98139792573,0.886324515519,-0.212510829945,-0.0553788143576,-0.0991451845034,0.901978873606,0.416578361031,2655
1,1445362545,945000000,3.30538350936,0.77407196763,0.0326599795566,-0.0492557455662,-0.106580555376,0.899449464504,0.420957382103,2813
1,1445362549,847000000,3.26138953813,0.605598848963,-0.0400037486093,-0.0484035393312,-0.106586331369,0.899179863489,0.421630198682,3149
1,1445362550,431000000,3.13208174544,0.919551361204,-0.294819834621,-0.0478093069914,-0.105108603979,0.900028217133,0.420256659554,3201
1,1445362551,869000000,3.17389083509,0.895649581154,-0.30853732844,-0.0467500431244,-0.103938221414,0.90090330835,0.418789336781,3322
