1,1445362455,48000000,4.01469990642,-0.857539332202,-0.304951714988,-0.0422697804947,0.0999715356374,-0.894337423985,0.434027107194,0
1,1445362456,152000000,4.1227105999,-0.639637807911,-0.322446909491,-0.0557550159204,0.115452572044,-0.900502623928,0.415520283628,98
1,1445362460,866000000,4.12553177142,-0.707411488646,-0.311037149398,-0.0472013540745,0.106704851099,-0.90038780058,0.419151423107,502
1,1445362461,758000000,4.21554333178,-1.05727792761,-0.356455371996,-0.0498954985585,0.115192156753,-0.903825592166,0.409072738267,579
1,1445362462,129000000,4.3315461624,-0.958987052316,-0.47673812737,-0.0579386790083,0.118959575426,-0.908520764391,0.396335400336,609
1,1445362463,955000000,5.04762381834,-1.18941536916,-0.536119938896,-0.0503692083025,0.114306156262,-0.909552790618,0.396372005287,769
1,1445362465,159000000,3.90471226469,-1.05399951288,-0.636087636318,-0.0536903399892,0.117942718967,-0.910189312549,0.393398370301,872
1,1445362467,464000000,4.10348695399,-0.944658191368,-0.786334019707,-0.0581356465347,0.116039191367,-0.91679215633,0.37768676805,1028
1,1445362468,282000000,3.86330584469,-0.796806184184,-1.03365277653,-0.0631396773495,0.113684205879,-0.915575744497,0.380539536142,1098
1,1445362469,860000000,3.4257296201,-0.837187960414,-0.732738217602,-0.0580222041879,0.109879225785,-0.907834153365,0.400496104283,1243
1,1445362470,438000000,3.30241410063,-0.827117156158,-0.761937515911,-0.060391451422,0.108813753994,-0.908526508153,0.398863414617,1292
1,1445362472,245000000,3.22829496166,-0.738548977858,-0.671289600532,-0.0548151251167,0.107326061873,-0.907376222759,0.402672086037,1451
1,1445362473,465000000,3.20169207146,-0.806394768338,-0.702427474988,-0.0548629756779,0.108815280678,-0.90532548185,0.40686000111,1550
1,1445362474,50000000,3.49706358233,-0.52191797922,-0.608209969365,-0.0520897620568,0.106980961424,-0.899929505614,0.419486132676,1599
1,1445362475,335000000,3.12254618643,-1.05451045341,-0.647169012732,-0.0509157426393,0.10585451291,-0.903932331896,0.411228341193,1714
1,1445362475,750000000,3.15994942476,-1.28188742699,-0.640309420957,-0.0455411561207,0.105688361153,-0.903858562425,0.412062704631,1750
1,1445362476,942000000,3.15901206315,-1.29014340894,-0.615503629493,-0.045214461819,0.104141933248,-0.904502034961,0.411079285458,1850
1,1445362477,845000000,3.19803299351,-1.28787603581,-0.573317621068,-0.0338053796619,0.100714496681,-0.901001700571,0.420606374218,1926
1,1445362479,748000000,3.21863746929,-1.18075920564,-0.633629531116,-0.0306539030533,0.103066201777,-0.896686720138,0.429407291748,2089
1,1445362481,463000000,3.24330940523,-0.321393837922,-0.631437439162,-0.0292308427171,0.108660588221,-0.898966755337,0.423316911073,2238
1,1445362483,873000000,3.43484057798,-0.455037479886,-0.409890545645,-0.038568093715,0.103067254248,-0.899672908926,0.422466922011,2435
1,1445362485,453000000,3.40934800332,-0.565887365869,-0.406906178371,-0.0362270813306,0.103032189276,-0.89931052544,0.423453120644,2574
1,1445362489,283000000,2.8734289327,-0.921321253215,-0.588059761607,-0.0420052713034,0.0935258263675,-0.904540891952,0.413877097424,2919
1,1445362490,44000000,2.88195416954,-0.891250262962,-0.626810841726,-0.0484906454046,0.0943830389393,-0.902361668699,0.417712722014,2990
