1,1445365079,978000000,2.90361059619,-1.43949732141,-0.861383813463,-0.0420255260867,0.114382451216,-0.96085752636,0.248803786244,0
1,1445365081,630000000,2.86373628272,-1.47903190086,-0.771022257335,-0.0420559388006,0.117423416211,-0.960187791884,0.249964884843,143
1,1445365082,905000000,2.95391487815,-1.45074557449,-0.729408148917,-0.0416346548612,0.119849078467,-0.96142161775,0.244072175448,259
1,1445365084,500000000,2.81747589326,-1.00519857976,-0.816154662365,-0.040137944787,0.125043107697,-0.961380979673,0.241867274611,399
1,1445365085,101000000,2.63912863252,-0.984354448029,-0.857085340664,-0.0411325782174,0.121032397983,-0.961223521974,0.244353453939,446
1,1445365085,700000000,2.61887099487,-1.01529473936,-0.833944724227,-0.038759902914,0.119422186447,-0.962522270295,0.240389039884,501
1,1445365086,610000000,2.600921011,-1.13642108769,-0.838826640999,-0.0408625588394,0.119820932187,-0.964307235028,0.232561286478,577
1,1445365087,289000000,2.78163888699,-1.0080008168,-0.736082558159,-0.0389427641334,0.113165765872,-0.960774774644,0.250177542886,642
1,1445365088,888000000,2.74980839543,-1.06356670301,-0.719241231444,-0.0361768825018,0.113018265252,-0.961331332075,0.248515944885,786
1,1445365090,225000000,2.86408645151,-1.19133706436,-0.884542777538,-0.0397903169586,0.113601830002,-0.959965409596,0.252938267716,894
1,1445365091,710000000,3.0534142866,-1.4119183631,-0.97253975758,-0.0398195667215,0.113080499493,-0.960679167714,0.250445082723,997
1,1445365092,524000000,3.10624596497,-1.55333884847,-0.844180527911,-0.0358734977056,0.111863315381,-0.961750454896,0.247458589145,1069
1,1445365094,491000000,3.07847252884,-1.56182181118,-0.809613487301,-0.0330726780781,0.1078992686,-0.962315428527,0.247412533675,1244
1,1445365097,5000000,2.90261835259,-1.66829899135,-0.635024469722,-0.034735164819,0.106009354578,-0.962833127047,0.245983443604,1465
1,1445365097,683000000,3.27474906954,-1.89817510817,-0.813339068312,-0.040576263532,0.108949082,-0.960609930974,0.252412806495,1526
1,1445365098,678000000,3.42519360186,-1.86451159401,-0.663359285208,-0.0437298556923,0.112280527759,-0.96031006975,0.251565802017,1609
1,1445365099,610000000,3.11609519131,-1.48980948833,-0.69650764167,-0.0432739777497,0.1123367072,-0.960184588781,0.252097962174,1693
1,1445365101,411000000,3.10341440363,-1.49260781311,-0.644721420556,-0.0434681871918,0.113583305063,-0.960243668441,0.251279618617,1857
1,1445365103,836000000,3.12132667116,-1.42120206756,-0.561874349134,-0.0445140223698,0.113300328581,-0.960312844341,0.250959714596,2057
