1,1445362031,756000000,2.35771834612,-1.13191060181,-0.418598016482,-0.00839042864289,-0.109498130127,0.989764788935,0.0911340923604,0
1,1445362033,874000000,2.68305210345,-1.06629278009,-0.488692854041,-0.00542632889563,-0.111531999065,0.988762788256,0.099394751874,185
1,1445362037,79000000,2.75201103228,-0.991412323092,-0.497670596988,-0.00609372277165,-0.114287681433,0.989266743128,0.090843290105,468
1,1445362038,279000000,2.69984049153,-0.943046482467,-0.675926862357,-0.00515034889997,-0.108906727091,0.98944993437,0.0954024427145,573
1,1445362039,279000000,2.86658082411,-0.862952857561,-0.611314632611,-0.00456841254788,-0.107903297765,0.988960230994,0.101457722482,665
1,1445362040,74000000,2.88921581373,-0.877015194055,-0.594456073507,-0.00874405278831,-0.108515613719,0.988875294658,0.101358545444,738
1,1445362043,73000000,2.96852793369,-0.874325654274,-0.711555291437,-0.00908221181733,-0.110116114638,0.988927328485,0.0990691359693,1003
1,1445362044,675000000,3.19228046019,-0.68596658785,-0.774500965503,-0.00672169623318,-0.109542181632,0.988871038198,0.100446000703,1152
1,1445362045,976000000,3.12653885748,-0.551288774474,-0.73662750191,-0.00371284304857,-0.110497340976,0.989053987248,0.0977177708641,1269
1,1445362047,371000000,2.92138005222,-0.21474833315,-0.752465184172,0.00199742592789,-0.110632440291,0.989593121391,0.0919887359485,1391
1,1445362048,303000000,2.90540052978,-0.103809880969,-0.75491467663,0.00176408606277,-0.114030467178,0.989142558866,0.0926873173402,1479
1,1445362048,981000000,2.91768748033,-0.0783711425058,-0.761148823871,0.000609242450343,-0.116746184847,0.989088387671,0.0898560989635,1542
1,1445362050,668000000,2.87278500009,-0.245342147569,-0.810220099119,-0.000244169094319,-0.117418500137,0.98889850795,0.0910635886668,1672
1,1445362052,511000000,2.81924354186,-0.39732159906,-0.539993174751,-0.00280733678006,-0.114281090105,0.989438021042,0.0891311046817,1821
1,1445362054,174000000,2.90522173687,-0.402199138727,-0.535289511656,-0.00201656948427,-0.114914162281,0.989574768347,0.0867896687786,1973
1,1445362055,965000000,3.04605583907,-0.400141044274,-0.433590823686,0.000809778717127,-0.11264225283,0.989639270938,0.0890234831564,2128
1,1445362057,873000000,3.06591600854,-0.347407625055,-0.646841387568,0.00151385382694,-0.11295607795,0.989654010494,0.0884509593691,2297
1,1445362060,90000000,3.33683424042,-0.861066013455,-0.76611736147,0.00278821503686,-0.112749287919,0.990188112125,0.0825065242081,2490
1,1445362061,313000000,3.14388909918,-1.11000786853,-0.825943421897,0.00429702983064,-0.11135982788,0.990348914996,0.0823987307899,2592
