1,1445365130,887000000,1.3605512716,0.43350221092,-1.03810648708,-0.089830506363,-0.0214392954485,0.440295254865,0.893090659049,1
1,1445365132,260000000,1.35496274787,0.406649604764,-0.99862766613,-0.0907473657393,-0.022272246318,0.440730776152,0.892762703974,126
1,1445365133,349000000,1.69923540091,0.747538927929,-1.0827660806,-0.0952223376517,-0.0180928458246,0.438921327825,0.893282387223,221
1,1445365135,284000000,1.81313731272,0.725908186599,-1.07823290182,-0.0957998065574,-0.0179212156678,0.439375027434,0.893001014758,399
1,1445365136,974000000,1.82038514397,0.800505241034,-1.0680165644,-0.0956684040916,-0.0135060189279,0.437141990682,0.894187913077,555
1,1445365138,164000000,1.63682187895,0.868490890149,-1.19524522343,-0.0943969543543,-0.0153951880334,0.432399419474,0.896595195856,658
1,1445365138,783000000,2.4262806233,0.242620060703,-1.06461327734,-0.0974681991197,-0.015832651653,0.413868821707,0.904965124036,713
1,1445365139,461000000,2.39947113098,0.680210484237,-0.892219247098,-0.0920756087049,-0.0100081507011,0.409671641331,0.907519181886,773
1,1445365140,291000000,5.58895224686,2.59404602134,-1.43015086373,-0.0934029811345,-0.0108317039621,0.424108215779,0.900716813773,849
1,1445365141,177000000,5.61293450605,2.60942443155,-1.49822777584,-0.0967217885948,-0.0111145483782,0.417319027531,0.903529851021,919
1,1445365142,196000000,6.22937908578,2.43945441238,-0.78073906829,-0.0981319969983,-0.013406333916,0.414403360384,0.904687922036,1023
1,1445365142,966000000,4.91109112957,2.07605248984,-0.623729236529,-0.0895341059025,-0.032107842388,0.397808706184,0.912524500285,1079
1,1445365144,662000000,3.53128983109,1.30493983664,-0.68862507926,-0.0921363887725,-0.0226455713962,0.411929495118,0.906262740607,1236
1,1445365147,570000000,4.10705451785,1.31307439987,-0.714152178196,-0.0943198494967,-0.0204252214584,0.395843792983,0.913232866183,1489
1,1445365148,655000000,4.01666621304,1.09989714528,-0.762185633067,-0.0941350795857,-0.020795462515,0.396467954169,0.912972779905,1587
1,1445365149,803000000,3.60060369427,2.26746697376,-0.482521299895,-0.096692757249,-0.0243006638883,0.400597799239,0.910813587775,1693
1,1445365152,66000000,3.42896675372,1.81543403478,-0.508868534729,-0.10026427507,-0.0319030544359,0.410013586018,0.905990137663,1889
1,1445365152,966000000,3.41477535697,0.922528711983,-0.302909872645,-0.0925073250975,-0.035141317241,0.416771390961,0.903608925533,1971
1,1445365153,664000000,3.37368730829,0.788270598027,-0.894667774372,-0.0919757948566,-0.032144190236,0.420748197229,0.901930240497,2037
1,1445365155,586000000,4.43525021966,2.06944877307,-0.74007824141,-0.098781438557,-0.0271328813469,0.416498459862,0.903346592997,2207
1,1445365157,275000000,3.9878725374,2.36220351572,-0.695247512157,-0.0994380312719,-0.0286157346702,0.418634556576,0.902240724921,2352
1,1445365160,574000000,3.72695491162,2.22496889908,-0.502991456249,-0.0994102027827,-0.0309997820875,0.417991186861,0.902463291663,2659
1,1445365161,907000000,3.92411720261,2.56598218694,-0.584887124305,-0.0989912210716,-0.0301923819275,0.418336923952,0.902376515809,2778
