0,1445362856,548000000,0.0,0.0,0.0,-0.0797399667325,-0.0797399667325,0.702596283584,0.702596283584,0
1,1445362865,409000000,2.92106729619,-1.47515831567,-0.923720402072,-0.0671799726683,0.106780793302,-0.917205256073,0.377914317917,1
1,1445362866,307000000,3.01027672809,-1.21274665585,-0.891651838208,-0.0663981387645,0.108561504115,-0.917872341081,0.375920274088,84
1,1445362866,921000000,3.02831703479,-1.08382895778,-0.797574895981,-0.0661057187896,0.108746263696,-0.917710384041,0.376313612695,140
1,1445362867,512000000,3.02831703479,-1.08382895778,-0.797574895981,-0.0661057187896,0.108746263696,-0.917710384041,0.376313612695,183
1,1445362868,414000000,3.01306895915,-1.14385045944,-0.832662063086,-0.066669304199,0.108512949755,-0.91757473259,0.376612206022,245
1,1445362869,917000000,3.01306895915,-1.14385045944,-0.832662063086,-0.066669304199,0.108512949755,-0.91757473259,0.376612206022,379
1,1445362870,815000000,3.32505421411,-1.10118804428,-0.743249676421,-0.0620188418743,0.111644973389,-0.920503641014,0.369272406293,449
1,1445362871,521000000,3.35818795837,-1.06040791076,-0.611112360036,-0.0584281099971,0.108883341952,-0.923300736657,0.363656876046,519
1,1445362872,19000000,3.3197855205,-1.14561691299,-0.722894836732,-0.062157702432,0.112204388897,-0.923291558284,0.362048744704,558
1,1445362875,14000000,3.4848379817,-1.36547555245,-0.681779948212,-0.0541271329974,0.11391035543,-0.922396167385,0.365075327561,817
1,1445362875,907000000,3.31484907379,-1.28457094618,-0.737739659645,-0.0525005052567,0.107633734165,-0.921800724726,0.368703268378,897
1,1445362877,518000000,3.14280523461,-1.22049729242,-0.771584813278,-0.0491666140737,0.113886503389,-0.922914307738,0.364474538177,1025
1,1445362879,828000000,2.7475623887,-0.900575671984,-0.779412767027,-0.0497402997362,0.110986850039,-0.925680972266,0.358221383065,1218
1,1445362881,316000000,2.83693337392,-0.821010005806,-0.778105454783,-0.0428802603507,0.105560422724,-0.929408423774,0.351024589231,1345
