0.091824045111,-0.108756928909,0.083211227367,0.0196836727605,-0.666992666503,0.16415056503,0.726490142987,0
0.091799834729,-0.10866838385,0.0832944674855,0.019301710354,-0.665800222351,0.163162895157,0.727815483167,1
0.0918220355404,-0.108598023663,0.083252851256,0.0196451338683,-0.666077254596,0.161577717238,0.727906450664,2
0.0918714687898,-0.108563610131,0.0832058644364,0.0201443368361,-0.666625179701,0.160613345229,0.727604582735,3
0.0918145415147,-0.10858470238,0.0832737372161,0.0214644969603,-0.665756279646,0.15906577605,0.728701537237,4
0.0917797745769,-0.108584205594,0.0832486648811,0.0215179735257,-0.664445999094,0.158944227091,0.729921381916,5
0.0918378124081,-0.108650442016,0.0832691041512,0.0197369464474,-0.666217790591,0.161876623274,0.727708916588,6
0.0917869487492,-0.108617503051,0.0833353719889,0.0206930296161,-0.66532498981,0.16072071766,0.728754627687,7
0.0918347364352,-0.108842935391,0.0829898750671,0.0152239996294,-0.669280953453,0.169569247318,0.723240973358,8
0.0918481028624,-0.108614108446,0.083073162784,0.0165065902025,-0.668182921104,0.164893666555,0.725306276793,9
0.0917580474335,-0.108587778775,0.0829547475214,0.015704609948,-0.66878053199,0.166888616038,0.724316336344,10
0.0918531950101,-0.10857872327,0.083134804746,0.0195804678909,-0.667426913583,0.161457033537,0.726697699613,11
0.0917936007942,-0.108584483706,0.0828814991678,0.0141145042546,-0.66966789165,0.168029695889,0.723264624437,12
0.09183933178,-0.108579973739,0.0831908569127,0.0197273788809,-0.666325142813,0.160364840079,0.727945569836,13
0.0917810308068,-0.108596699191,0.0833142832635,0.0233103787206,-0.663700633487,0.157458292982,0.730865912,14
0.0917505927778,-0.108579079547,0.0831973550837,0.0189162738115,-0.665905113309,0.161915351297,0.728008223627,15
0.0918002790835,-0.108725168733,0.0831830099827,0.0166598854824,-0.667357296981,0.165053978976,0.726026081079,16
0.091750531183,-0.108633598262,0.0829562961756,0.0134453019626,-0.669582602155,0.169852345486,0.722930524656,17
0.0918395154805,-0.108607767062,0.0833105207402,0.021298242785,-0.665678872513,0.158854969722,0.728823107577,18
0.0917793146402,-0.108578354485,0.0830274477753,0.0164616648152,-0.668605608131,0.165323454732,0.724819777381,19
0.0918363905719,-0.108559211526,0.0830590905993,0.018137937402,-0.667493014845,0.163599180732,0.726195151749,20
0.0918396594514,-0.108629142779,0.0830683058924,0.0161367127282,-0.66796950129,0.165277434087,0.725423822073,21
0.0918332566487,-0.108761284301,0.0829447288217,0.00940375908246,-0.671655890878,0.174005680558,0.72007774351,22
0.0917948403884,-0.108583481476,0.0833705924237,0.0215025695838,-0.664885297703,0.159359749018,0.729431045948,23
0.0917816520869,-0.108561283924,0.0829818293775,0.0148504881315,-0.668741478834,0.167096281912,0.724322531791,24
0.0918270049811,-0.108651303996,0.083249568251,0.0207197244848,-0.666408421382,0.160201721324,0.727877680255,25
0.0917432361522,-0.10855218266,0.0828304458592,0.013768382842,-0.670100888336,0.168596950276,0.722738057282,26
0.0917326713704,-0.108526735959,0.0828484620698,0.0149096404047,-0.669671164887,0.167652581694,0.723333149658,27
0.0917337790206,-0.108694660757,0.0830231656334,0.017233063798,-0.668530301909,0.16462900975,0.725029341538,28
0.0917732667341,-0.108619232683,0.0829254173966,0.0136151071766,-0.669504833585,0.168887194054,0.723225429826,29
0.0918454067324,-0.108695628901,0.0832982122073,0.0184113746797,-0.666903644361,0.163625721052,0.726723588327,30
0.0917835579988,-0.10886070833,0.0830325866792,0.0155675316142,-0.669020784106,0.169729568595,0.723436739417,31
0.0918152964398,-0.108561817423,0.0832940085969,0.0196513451748,-0.666518760077,0.161568224788,0.727504141457,32
0.0917666168116,-0.1085659168,0.0832696517475,0.0216097953895,-0.665321212657,0.158456578988,0.729227134237,33
0.0917732713938,-0.108564430727,0.0831650517314,0.0202370441538,-0.666226617765,0.160635286978,0.727962128413,34
0.091747115978,-0.108601556495,0.0829087190035,0.0145930098471,-0.669206043452,0.168150889157,0.723654333191,35
0.0918262006784,-0.10860234841,0.0832478211492,0.0190868489345,-0.666927921316,0.162184746775,0.727006841701,36
0.0918747726377,-0.108639591696,0.0832870320237,0.0170600115364,-0.667400810454,0.162525121307,0.726547107321,37
0.0918727397676,-0.108606145161,0.0832610603434,0.0165726908169,-0.667888216128,0.163114412487,0.725978212563,38
0.0917754355336,-0.108627528718,0.083001681837,0.0150989646806,-0.668891674245,0.167606004332,0.724060892953,39
0.0918201333447,-0.108574824628,0.0832860556118,0.0205973834268,-0.665201839718,0.158837261259,0.729282513617,40
0.091769601435,-0.108538134403,0.0831622734119,0.0203365326691,-0.665338491874,0.160707384319,0.728755276684,41
0.0917869047291,-0.108625893973,0.0831309950235,0.0182346513409,-0.667287190686,0.162896097408,0.72653985719,42
0.0917273488313,-0.10856362803,0.0830857259731,0.0178671749058,-0.666821936848,0.163990101898,0.726730015259,43
0.0917995535349,-0.108664012447,0.0832481216569,0.0184063801615,-0.666639100086,0.162331120806,0.727256572761,44
0.0918264754432,-0.108668673749,0.0832511257792,0.0175581408167,-0.666937600644,0.162793067702,0.726900519773,45
0.0917488055102,-0.108584899594,0.0829354352327,0.0132938031906,-0.669656431492,0.169438752542,0.722961996024,46
0.0918596025083,-0.108600808025,0.0833009640058,0.0209935304974,-0.66517493464,0.159134218748,0.729231018558,47
0.0918241711408,-0.108588359587,0.0831493291764,0.0193119668211,-0.666347570814,0.162265197509,0.727514926641,48
0.09183483449,-0.108619632455,0.082984054573,0.0164958837627,-0.668913492576,0.165681305377,0.724453124997,49
0.0918010026943,-0.108566169279,0.0831075550427,0.0190685392682,-0.666670894494,0.162453612348,0.727183012095,50
0.091767678251,-0.108583404145,0.0829246797171,0.0149796573379,-0.668990910002,0.167310058664,0.724040134572,51
0.0918132268618,-0.10866476795,0.0831337914676,0.0178831474356,-0.66748938317,0.163207877279,0.726292850844,52
0.0918066382479,-0.108682718115,0.0831857103047,0.0180152575196,-0.667323024944,0.162796756194,0.726534683996,53
0.0916924701336,-0.108636560822,0.0829513704586,0.0137669116512,-0.669520454591,0.168181856687,0.72337244633,54
0.0917794452958,-0.108513576856,0.0832734142361,0.0190753225297,-0.666455813788,0.161496973892,0.727592954722,55
0.0918947270835,-0.108588867257,0.0832853137984,0.0188151704924,-0.666400658941,0.161797424675,0.727583496576,56
0.0918109718566,-0.108762588295,0.0831395472171,0.017158784615,-0.668200004256,0.16612677594,0.72499394807,57
0.0918499968373,-0.108592755387,0.0831107927709,0.015978647914,-0.66819765839,0.164543468886,0.725384049301,58
0.0917466688274,-0.108694101339,0.083055764734,0.0176941062549,-0.667878651321,0.164801387439,0.725579443212,59
0.0917757066438,-0.108685795948,0.0830798534842,0.0175891588187,-0.667643494855,0.163296188881,0.726138512934,60
0.0917981416106,-0.108625889023,0.0828565935962,0.0134349439111,-0.67004639893,0.169132232346,0.722669781812,61
0.0918349120803,-0.108680210456,0.0831450821111,0.0194832961663,-0.667253894302,0.16280282821,0.726558931427,62
0.0917455931631,-0.108687620514,0.0829896743093,0.0132423281324,-0.669859319066,0.169726976897,0.722707331303,63
0.0918110701917,-0.108595232695,0.0830861791931,0.0152871293364,-0.669252868469,0.166873865391,0.723892267379,64
0.0917933246092,-0.108581051097,0.0831514162026,0.0170080080267,-0.668333416559,0.165305824489,0.725062174137,65
0.091777112881,-0.108582666073,0.0831144180133,0.0169132186961,-0.66792299068,0.165055471883,0.725499491906,66
0.0917777988704,-0.108602360842,0.0831761070373,0.0194372259375,-0.665711609464,0.161035914686,0.728366447233,67
0.0918237851069,-0.108660233767,0.0830892534877,0.0167664007593,-0.668868691859,0.165159579299,0.72460739316,68
0.0918396446364,-0.108637756008,0.083273550728,0.0188904212351,-0.666512923337,0.161612566213,0.727519795918,69
0.0917512788917,-0.10861213855,0.0829983150916,0.0150358395297,-0.668883987198,0.168486761085,0.723864867596,70
0.0917836001095,-0.108588611026,0.0832038052287,0.0186249140824,-0.666944548377,0.163071489959,0.726805181,71
0.0917729870936,-0.108646394437,0.0832050612664,0.0206518085071,-0.665232797663,0.160411128416,0.728908154433,72
0.0917743329429,-0.108656006065,0.0831005787344,0.0181369382287,-0.666819867368,0.163137203816,0.726917167692,73
0.091764220109,-0.108675231606,0.0831156425102,0.016348415878,-0.668486096015,0.165257812395,0.724947532016,74
0.0917577229813,-0.108607963469,0.0831810929275,0.0196069284646,-0.665927172194,0.161248380709,0.728117799129,75
0.0918108447224,-0.108621931384,0.0832306801733,0.0180703264965,-0.666951108725,0.162304315037,0.72698486311,76
0.0917624638271,-0.108633915822,0.0829894515604,0.0155319509951,-0.668955726817,0.168188033924,0.723857568381,77
0.0918325983771,-0.108587002694,0.0832313229886,0.017998087101,-0.667146809005,0.162666074604,0.726726187961,78
0.0917700060316,-0.108748689792,0.0831867363271,0.0196018793994,-0.667174073166,0.163288410898,0.72652007356,79
0.0918364311946,-0.108606107042,0.0831445704206,0.0173627462675,-0.667999708963,0.164436871012,0.725558708389,80
0.0918446643526,-0.108589799587,0.0831452176477,0.0190674273809,-0.66750158757,0.163216937728,0.72624947163,81
0.0917423417552,-0.108591822654,0.0829787333332,0.0145326823781,-0.669078481587,0.167755247129,0.723865293878,82
0.0917788830488,-0.108665251292,0.0832939126867,0.021772193453,-0.665069038863,0.160258203496,0.729058607623,83
0.0917944141882,-0.108660778309,0.0833104462106,0.0199223898296,-0.666590146315,0.161134950507,0.72752745855,84
0.0917828265187,-0.108638255361,0.0831466411162,0.0161194864527,-0.667904811643,0.164739121846,0.725606192417,85
0.0917934796921,-0.10856662372,0.0829195097748,0.0138948927263,-0.669776094256,0.169275871569,0.722877994425,86
0.091779163644,-0.108529420365,0.0831324024004,0.0171003877244,-0.667445524201,0.16407138734,0.726157440794,87
0.0917149467682,-0.108510898015,0.0829851130101,0.01362403105,-0.669205546378,0.168247208486,0.723651296766,88
0.091769055438,-0.108617714817,0.0830015629761,0.0146701381587,-0.668806617354,0.167642666079,0.724139787706,89
0.0918179057692,-0.1086849475,0.0832135023537,0.0185225177847,-0.66740108851,0.162770678136,0.726456061803,90
0.0918062593447,-0.108640621634,0.0832750587852,0.0206245168946,-0.666238045506,0.160370237782,0.727999232731,91
0.0917431230618,-0.108705374715,0.0829469293281,0.0139080130396,-0.669625851918,0.169220505686,0.7230298791,92
0.0918159139876,-0.108691522425,0.0831866564738,0.018307375165,-0.667267519504,0.162926553552,0.726549265761,93
0.0917863353716,-0.108605126868,0.0832002783013,0.02146915272,-0.664866939632,0.160023462577,0.729303448155,94
0.0918463728042,-0.108640032732,0.0831586620773,0.0203947762782,-0.66640179124,0.161560079271,0.727592637758,95
0.0917776007019,-0.10857820643,0.0829819106908,0.0151387702986,-0.668281959357,0.166762370405,0.724817461329,96
0.0917299321952,-0.108558306736,0.083031365638,0.0151178120391,-0.667750790973,0.166361106094,0.725399417765,97
0.091764108989,-0.108664503762,0.0829138209225,0.0137794636743,-0.669652453896,0.169381895148,0.72296991014,98
0.0918247144981,-0.108617310776,0.0831500652742,0.0171712016316,-0.667578217913,0.163340752723,0.726198506817,99
0.0917695755213,-0.10863316381,0.0831299502102,0.01927573267,-0.66606153731,0.16176003196,0.727890216109,100
0.0917729108089,-0.108637078936,0.0832095506234,0.0203709087859,-0.665345567122,0.160833763655,0.728719975611,101
0.0917884630341,-0.108595211884,0.0829665559133,0.014677271284,-0.669320004532,0.168348780612,0.723501207537,102
0.0917555550609,-0.108587055303,0.0830146986417,0.015696145316,-0.668721425953,0.167504675809,0.72422887893,103
0.0918284586126,-0.108588333213,0.0832738536442,0.0189725611469,-0.666380694019,0.161672410398,0.727625483527,104
0.0917722489207,-0.108630086334,0.0829359925737,0.0135836245847,-0.669461600985,0.169035270553,0.723231447919,105
0.091859816457,-0.108665245422,0.0832373241275,0.0204563179496,-0.666245304084,0.16049460491,0.727969927701,106
0.0917631257239,-0.108639410122,0.0829669631243,0.0151577785562,-0.668922740347,0.167441793461,0.724068957351,107
0.0917973634593,-0.108630269035,0.0831591390603,0.0182519437128,-0.66708122395,0.16305937247,0.726691921142,108
0.0918122495887,-0.108567747507,0.0833171286372,0.0226542856833,-0.663943552996,0.157018075392,0.730760607707,109
0.0917753022467,-0.108578655248,0.0832332711223,0.0211899714425,-0.664824428048,0.159981231981,0.729359630358,110
0.0918487003402,-0.108639685187,0.0831967009083,0.0188544249301,-0.666890513342,0.162404033355,0.726998269479,111
0.0917811479533,-0.108548901086,0.0830925508687,0.0179819830689,-0.666620801017,0.163440599983,0.727035436697,112
0.0918303215836,-0.108658533943,0.0832049342007,0.0184358727177,-0.667360834934,0.163392274388,0.726355697482,113
0.0917728982325,-0.108620291255,0.0829405784347,0.013961392056,-0.669552879973,0.16849312963,0.723266261981,114
0.0917694198808,-0.108611403071,0.0828953606459,0.0132555477606,-0.669947006961,0.169205738943,0.722748030939,115
0.0918123087158,-0.108666105697,0.0831104720384,0.0164853860704,-0.668262500077,0.16468632223,0.725280551447,116
0.0917405318393,-0.108585669235,0.0832565596513,0.0209326231442,-0.664466895377,0.159691920831,0.729756165207,117
0.0917337512432,-0.108648583395,0.0829859537648,0.0149685393089,-0.668738901392,0.16787833133,0.72414162321,118
0.0917503721254,-0.108639988062,0.0830400759647,0.0157490324635,-0.668477019412,0.166910492246,0.724590456791,119
0.0918540611278,-0.108570480758,0.08329188109,0.0198868656713,-0.665938140495,0.161033537669,0.728147722206,120
0.0917587651197,-0.108603531048,0.0830064475803,0.0152894980715,-0.668268284588,0.16690190361,0.724794788636,121
0.0918459172724,-0.108559363963,0.0830822184009,0.0172811879977,-0.6678883328,0.163929712055,0.725777917104,122
0.0916927688951,-0.108681806353,0.0828819446483,0.0134773430347,-0.669872362102,0.169317740982,0.722786885814,123
0.0917765691509,-0.108613729601,0.0829271347103,0.0141217543915,-0.669484613499,0.168378934167,0.723352931058,124
0.0918103041986,-0.10866228691,0.0831516207485,0.0185327665564,-0.667255702642,0.163010864423,0.72653549255,125
0.0918233151252,-0.108686237833,0.083254198352,0.0198362954029,-0.66615314678,0.160779984215,0.728008449879,126
0.0917704160845,-0.10868416713,0.0829933014038,0.0159125866812,-0.668394573232,0.166879754521,0.724670015655,127
0.091810466985,-0.108651058719,0.0832019854518,0.0180932781027,-0.667058610624,0.163019554247,0.726725579716,128
0.0918271130891,-0.108512475502,0.0832195690405,0.0211747391122,-0.665142325582,0.160996852392,0.728846575531,129
0.0918019771989,-0.108650042872,0.0829374790408,0.0149212705578,-0.669082449951,0.167090088045,0.724007550603,130
0.0918510360455,-0.108650563536,0.083240170586,0.0208396458752,-0.665800496439,0.159747167853,0.728530198732,131
0.0917756484245,-0.108680931117,0.0829887885049,0.0155786141574,-0.668537856786,0.166725090308,0.724580696049,132
0.0918118428209,-0.108649813899,0.0832218028323,0.0188956666573,-0.6668815968,0.162076728137,0.72707841656,133
0.0917811540179,-0.108591006768,0.0831360267005,0.019405027646,-0.666268152489,0.162606745152,0.727508927995,134
0.0918161213615,-0.108561518066,0.0832458708851,0.020341658847,-0.665640809484,0.1609404063,0.728427563513,135
0.0917610865164,-0.108527215764,0.0831740528392,0.0189511346732,-0.665840672658,0.162370638406,0.727964854174,136
0.0918283147231,-0.10863488712,0.0832544893365,0.0203232529636,-0.665687345728,0.160358884957,0.728513796123,137
0.0917721275946,-0.108642978036,0.0830140790842,0.0165110103231,-0.667837912996,0.165765969032,0.725425083668,138
0.0917806755787,-0.108696964125,0.0828835206798,0.0129236084613,-0.670100778061,0.169981742947,0.722429328482,139
0.0918380813073,-0.108657100755,0.0831690200173,0.017720485599,-0.667921207736,0.163520510102,0.725829379002,140
0.0917965226393,-0.108707837221,0.0829429507737,0.0145735520809,-0.668995889493,0.167376861831,0.724028381726,141
0.0917769927927,-0.108655093456,0.0829819624153,0.0158128145544,-0.668210648226,0.165891946076,0.725068511743,142
0.0918284007487,-0.10860456912,0.0833247170442,0.0225065874594,-0.664485460878,0.15771206137,0.730122887945,143
0.0917787591241,-0.108601961589,0.083272234385,0.0226380480371,-0.664206703954,0.158957366676,0.730102409792,144
0.0917729548758,-0.108560545812,0.0834074660583,0.0240884242026,-0.662883371152,0.15633807309,0.731822240009,145
0.0918193713653,-0.108664031006,0.0832185426412,0.0179572122982,-0.667316502026,0.163772543255,0.726322778609,146
0.091765698521,-0.108706420242,0.0828906611923,0.0113385919095,-0.670634193719,0.170950783189,0.721731975372,147
0.0918484250316,-0.108638949504,0.0832604894476,0.0197441556367,-0.666522809232,0.160859295722,0.727655000719,148
0.0918037248643,-0.108644056746,0.0829635578579,0.0152195015031,-0.668974333318,0.166703904172,0.724190248809,149
0.0918626901202,-0.108578028046,0.0831007031274,0.0169607845036,-0.667957235649,0.164083606316,0.725687283389,150
0.0918334912903,-0.108633182656,0.0831113852017,0.0177087092229,-0.667534561567,0.163952727761,0.726087814104,151
0.0917789309812,-0.108599677849,0.0832499655664,0.0199956230434,-0.665953949205,0.162305982587,0.727847704272,152
0.0917787678866,-0.108658714586,0.0831384054391,0.0161310789153,-0.668173933547,0.165993370411,0.725072123172,153
0.0917980290267,-0.108634433362,0.0831960408907,0.0171786484346,-0.667590320852,0.164712987334,0.725877186132,154
0.0917614236251,-0.108597110714,0.0832699186104,0.0212507424092,-0.664315953772,0.16038144576,0.729733178201,155
0.091768411479,-0.10858332792,0.0832930166098,0.0205725094455,-0.665855241056,0.159993412849,0.72843371535,156
0.0917655000499,-0.10861961201,0.0830120049696,0.0157325668701,-0.668123291816,0.165929025229,0.725142270081,157
0.091853049396,-0.108614640256,0.0832241008616,0.0194873958368,-0.666377534267,0.16032984399,0.72791178336,158
0.0918519298341,-0.108557880124,0.0834216759285,0.0269761187455,-0.661688922579,0.153388802247,0.733424797848,159
0.0918165018082,-0.108559924044,0.0830877775875,0.0167160486959,-0.667940994199,0.163749386399,0.725783397742,160
0.0917857592706,-0.10861046863,0.0829109495386,0.0128588507898,-0.67032503781,0.170313311326,0.722144285878,161
0.0917463728434,-0.108601186853,0.0830195917699,0.0155712665362,-0.668177697365,0.167010550906,0.724847277907,162
0.091766456572,-0.108628336272,0.0832625110475,0.0205884330693,-0.665696995882,0.159519528168,0.728681786674,163
0.0917387469721,-0.108552629491,0.0831680189462,0.0211978901104,-0.665181680427,0.159443992212,0.729151283909,164
0.0917935887623,-0.108555487157,0.0832109562472,0.0223944085007,-0.664548114043,0.157747780428,0.730061594908,165
0.0917539393068,-0.108539791731,0.0831023723155,0.0198588320828,-0.66593326983,0.161335913671,0.728086004454,166
0.0918365668372,-0.108550803692,0.0832123784935,0.0187948551173,-0.666442830405,0.161969783104,0.727507042292,167
0.0917202168966,-0.108586808216,0.0830479099428,0.0156667923818,-0.66826158643,0.166984015057,0.724773994038,168
0.0917798989986,-0.108572033037,0.0832667258553,0.0178809994773,-0.666788450498,0.162970396034,0.726989740063,169
0.0917906654799,-0.108571983085,0.0832927902636,0.0185753532067,-0.666573317287,0.162244441797,0.727331911881,170
0.0917406880617,-0.108631287235,0.0829860799276,0.0151330091735,-0.668947145577,0.168079694554,0.723899112264,171
0.0918001395663,-0.108659164826,0.0831490016145,0.018285306248,-0.667520815165,0.163116119937,0.726274562623,172
0.0917897541738,-0.108560288182,0.083170743344,0.0215537034451,-0.664881263516,0.159869832869,0.72932158876,173
0.0918294967511,-0.108612355418,0.0831397843877,0.0190322005317,-0.666622025106,0.16191692901,0.727348444067,174
0.0918213490115,-0.108580182439,0.0831518537263,0.0181719867479,-0.666953863254,0.161831417275,0.72708521892,175
0.0917720749078,-0.108610098634,0.0829482568268,0.0140834267028,-0.669216561525,0.168366960424,0.723604462058,176
0.0917749944359,-0.108590625713,0.0829794936997,0.0141056752599,-0.669159570532,0.168482575812,0.723629823003,177
0.0918399709128,-0.108610116774,0.0831539737379,0.0176459769234,-0.667401810611,0.163407172103,0.726334316137,178
0.0918370313105,-0.108626551454,0.0830956888377,0.0164030700435,-0.668123273429,0.164663602614,0.725415831624,179
0.091828023952,-0.108590990543,0.083210599552,0.020903274275,-0.664943374579,0.160531440199,0.729138545433,180
0.0917941591531,-0.108638138429,0.0832158809749,0.0179887926075,-0.666967246299,0.162575163358,0.726911557181,181
0.0917614274456,-0.108700356217,0.0829680933271,0.0137390732673,-0.669709614794,0.168733657355,0.723069306909,182
0.091779369844,-0.108705226303,0.0831595349713,0.017373788647,-0.667789245386,0.164198411191,0.725806142835,183
0.0918541307764,-0.108598437223,0.0831895958866,0.0190075646419,-0.666490477651,0.161787536522,0.727498418358,184
0.0917504013253,-0.108665261062,0.0830246992679,0.0166462684692,-0.66795898432,0.166127705406,0.725227745269,185
0.091843433501,-0.108629281727,0.0832369216948,0.0198840622323,-0.666013025707,0.16055198388,0.728185645375,186
0.0917474091587,-0.108639231233,0.0829389437764,0.0144093191911,-0.669246497788,0.168217156253,0.723605199719,187
0.0918393540738,-0.108618196586,0.0831110547439,0.0176003465376,-0.667746766889,0.16356779595,0.725982134242,188
0.0917636524256,-0.108657052444,0.0828432885251,0.0130196997192,-0.670305383122,0.16961332611,0.722324373383,189
0.0917661756846,-0.108646178431,0.0828905999612,0.0129339138945,-0.669962554772,0.16973806981,0.722614611486,190
0.091839400235,-0.108681957412,0.0833013405602,0.0210753954937,-0.665271579721,0.159285470899,0.729107462368,191
0.0917824632553,-0.108691945492,0.0831181298896,0.0174348821592,-0.667233169857,0.164230786888,0.726308591829,192
0.0918603960531,-0.108626507399,0.0832013014452,0.019313874151,-0.666671553779,0.162071671924,0.727261154474,193
0.0918150163351,-0.108629240118,0.08318340226,0.0171565499443,-0.667320621708,0.16346578124,0.726407446961,194
0.0917755647779,-0.108613197656,0.0828852107144,0.0136947128153,-0.66977641415,0.169342190463,0.722865985102,195
0.0918169377707,-0.108629458407,0.0830501694503,0.0161858231996,-0.668295165343,0.165182424879,0.72514437019,196
0.0918083432213,-0.108668176332,0.0829438277904,0.0153891808237,-0.668813864248,0.16713934386,0.724234511631,197
0.0918402668891,-0.108640974475,0.0832657712591,0.0215855465295,-0.665404064382,0.159355190452,0.728956390027,198
0.0918548999886,-0.108556045364,0.0832628845702,0.0212386344716,-0.665484164073,0.159512636905,0.728859016848,199
0.0918057758479,-0.108709199658,0.0832101008657,0.0181591953833,-0.667331815613,0.162942256343,0.726490407777,200
0.0918165322628,-0.108649890819,0.0832339532004,0.0193130448814,-0.666625407857,0.161688200278,0.7273888216,201
0.0917345415754,-0.108669484772,0.0830025763264,0.0150404438702,-0.668566157386,0.167262278117,0.724442136106,202
0.0918356911333,-0.108617349239,0.0832604277483,0.0204164365735,-0.665584620287,0.160339962741,0.728609208495,203
0.091766774925,-0.108511711933,0.0831637310716,0.0203090480055,-0.665613580082,0.161714397881,0.728281922127,204
0.0917553781609,-0.108546732905,0.0830972894481,0.0192150786615,-0.665971888147,0.162915658387,0.727716093819,205
0.0918258511153,-0.108574338301,0.0833047990535,0.0227356679669,-0.663831381413,0.157933522059,0.730662705401,206
0.0918141100025,-0.108634911805,0.0832059761121,0.0192328719125,-0.66637055928,0.161182185227,0.72773668145,207
0.0917638946103,-0.108670439547,0.0829179460914,0.0136829731513,-0.669750279916,0.168863622559,0.723002362219,208
0.0918115937052,-0.108696915972,0.0832371778151,0.0193728296192,-0.666739706645,0.161591163228,0.727304030665,209
0.0916348474651,-0.108912903816,0.0827284300891,0.00333677013037,-0.67541698096,0.175026514128,0.716356396739,210
0.0917424533625,-0.108652307611,0.0830011725634,0.0166548354063,-0.66800437316,0.165674787929,0.725289348151,211
0.0918211804749,-0.108668367376,0.0831270027956,0.0189672663961,-0.6668584632,0.162450442987,0.727014364671,212
0.0918225881891,-0.10863858363,0.083180860408,0.0191611911569,-0.666856604131,0.162419148322,0.727017976765,213
0.0917682264685,-0.108683220024,0.0830054573584,0.0150832237734,-0.668977918805,0.167996609299,0.723890999928,214
0.0918423904205,-0.10879556796,0.0833110232398,0.020020148673,-0.666351463276,0.161825925811,0.727590056812,215
0.0918498695116,-0.108650108884,0.0828998516969,0.0142579128087,-0.669350584455,0.168087667708,0.723542011894,216
0.0918377704456,-0.108759425244,0.0831783951158,0.0211243893934,-0.666515243818,0.161436979363,0.727495217596,217
0.0918720527425,-0.108566255026,0.0832425833985,0.0202652799299,-0.665577680299,0.160066521387,0.728679887638,218
0.0917973526814,-0.108613807256,0.0828558280073,0.0125390318111,-0.670223774626,0.170115744574,0.722290452696,219
0.0918162745019,-0.108625252847,0.0831093841314,0.0173196872947,-0.667881493477,0.16383419543,0.72580486049,220
0.091764508635,-0.108564353834,0.0831779933016,0.0206835290601,-0.665298990683,0.160525227804,0.728821717473,221
0.0918424654851,-0.108670548552,0.0832952962392,0.0202688163112,-0.666306610395,0.160879575339,0.727834073308,222
0.0917713389349,-0.10867206083,0.0830148697156,0.0154707499413,-0.668240687073,0.166784952624,0.724843306939,223
0.0918518957276,-0.108661805433,0.0833093428964,0.0217664248988,-0.665170867878,0.159032504157,0.729234257214,224
0.0918467980677,-0.108640014952,0.0832727239398,0.0215757438544,-0.665377514836,0.159040367895,0.729049663197,225
0.0917905105106,-0.108661334125,0.0828578659732,0.0120327827279,-0.67047177024,0.170575031709,0.721960508621,226
0.0917447729575,-0.108659439224,0.0828971323819,0.01413834205,-0.669254612202,0.167920118339,0.723672028745,227
0.0918608851371,-0.108556547098,0.0832904180349,0.0196478765011,-0.66607136138,0.160697414895,0.728106615369,228
0.0917897797724,-0.108626737604,0.0830423493906,0.0158157570493,-0.667896581122,0.166396419684,0.72524220111,229
0.0917615614243,-0.108682553784,0.0829139565302,0.0138943431272,-0.669796714203,0.169329370781,0.722846368922,230
0.0918180628166,-0.108638297235,0.0831446709871,0.0175145399001,-0.667568808472,0.163600277931,0.726140534544,231
0.0916970364635,-0.10865621459,0.0831434816688,0.0199262446504,-0.665903975106,0.161215843328,0.728137550585,232
0.0918402281985,-0.108618244134,0.0832875872229,0.0203054823486,-0.66587952923,0.160144909473,0.728385713691,233
0.0917593760898,-0.10867936183,0.0829048952953,0.0136290047405,-0.66984770271,0.169258571031,0.722820753393,234
0.0918269618533,-0.108647842003,0.0832368673825,0.0184530412807,-0.667069756882,0.162467436213,0.726829936705,235
0.0918099998758,-0.108589311971,0.0832923624868,0.0199860868337,-0.666366183793,0.161088723196,0.7277410863,236
0.0917312649842,-0.108607613554,0.0829761856001,0.0136398892591,-0.669540087011,0.169353893594,0.723083179192,237
0.0918230841472,-0.10859785917,0.0831829591473,0.0169340993288,-0.667794308579,0.164030028703,0.725849948263,238
0.0917558122294,-0.108724475691,0.0832073693251,0.0230102375935,-0.664872219172,0.159614945929,0.729341161717,239
0.0918435259256,-0.108587613898,0.083210132706,0.0194963398046,-0.666408275809,0.161825412252,0.727552361426,240
0.0918312574533,-0.108660098295,0.0831295233936,0.017529374295,-0.667693821848,0.164302674085,0.725866594211,241
0.0918566929918,-0.108677181561,0.0832324309707,0.017767257393,-0.66786427279,0.162977052233,0.726002836179,242
0.0917685264076,-0.108681706874,0.0828949926544,0.0141621343404,-0.669799248454,0.168655310053,0.722996394951,243
0.0918116640806,-0.108666979308,0.0832568139436,0.0198834219733,-0.666638877253,0.161039535845,0.727504999818,244
0.091760230492,-0.108662304345,0.0829683940037,0.0134816752984,-0.669504173955,0.169065768189,0.723186816469,245
0.091855045546,-0.108577719384,0.0832557832251,0.019598104502,-0.666241269363,0.161397228725,0.727797650351,246
0.0918230598233,-0.108612963622,0.0831612175632,0.0178113391193,-0.667553917801,0.164050160319,0.726045499901,247
0.0917978103423,-0.108623130695,0.0831568086618,0.0173670392996,-0.667251266151,0.164255825945,0.7262879301,248
0.091796230482,-0.108800223301,0.0831268666282,0.0178822640653,-0.668206083527,0.1647162449,0.725292639723,249
0.0918021023175,-0.108686128574,0.08296564433,0.0140646055538,-0.669092561226,0.168024122871,0.723799161036,250
0.091787187434,-0.108659812333,0.0832014017536,0.0197382411979,-0.666429649267,0.160717977259,0.727771706099,251
0.0917233670137,-0.108709097899,0.0828724779026,0.0132806607509,-0.670051317894,0.168929803664,0.722715419008,252
0.091812969188,-0.108686839031,0.0832827133902,0.0197785621386,-0.666200240167,0.160644698223,0.727996792173,253
0.091763469569,-0.10861765154,0.0830232674002,0.0168574595914,-0.667724769065,0.165116248466,0.725669403603,254
0.0917933533325,-0.108600661574,0.083269082643,0.0224769541045,-0.664135922017,0.158641483699,0.730240469483,255
0.0917781720252,-0.108513627129,0.0833056282589,0.0224827062011,-0.663760478699,0.158918822801,0.730521295103,256
0.0918081026834,-0.108563765832,0.0832315711716,0.0187680722029,-0.666452349874,0.161817768322,0.727532840956,257
0.091760999125,-0.108669959273,0.0829376325604,0.014073644703,-0.669370145477,0.168743664955,0.723374810459,258
0.0918234786518,-0.108660028845,0.0833121660257,0.0196727876109,-0.666246941264,0.160487011741,0.727991698954,259
0.0917559891427,-0.108665351965,0.082916765472,0.013511785049,-0.669873320128,0.168862015145,0.722891960452,260
0.0918132494269,-0.108668360946,0.0830956061675,0.0175970525002,-0.667187603067,0.164678187975,0.726245234382,261
0.0918134081721,-0.108609081139,0.0831528857803,0.0166974593537,-0.667878150412,0.165076317997,0.725541025918,262
0.0917929139203,-0.108688114196,0.0832854518278,0.0189803204559,-0.666546330718,0.164117258861,0.726925898414,263
0.091836169991,-0.108639949734,0.0833006954885,0.0188412473398,-0.666585974384,0.16235067926,0.727289765566,264
0.091785834,-0.108723888395,0.0829534973517,0.013763512519,-0.669291841805,0.168701183683,0.723463134403,265
0.0917705425742,-0.10870892485,0.0829302520698,0.0148548934427,-0.669046110381,0.16783392237,0.723870436492,266
0.0918292249299,-0.108619549171,0.0831945312997,0.0203081951822,-0.66639262646,0.159757488798,0.728001366332,267
0.0917479802203,-0.108601543527,0.0828974390734,0.0152035617712,-0.669014666297,0.166896020906,0.724109070648,268
0.0918090734129,-0.108623084406,0.0830135109969,0.0156700470752,-0.668886205266,0.166038566045,0.724414859466,269
0.0917605236387,-0.108547693286,0.0831800421988,0.0200868600902,-0.665196740753,0.161346426912,0.728750399428,270
0.0917408237424,-0.108545967924,0.0834229890872,0.0240853718956,-0.662853565925,0.157571228525,0.731584822794,271
0.0918219640644,-0.108809567245,0.0833359738526,0.0218505974074,-0.665704025932,0.161541841647,0.728192924058,272
0.0917621717572,-0.108615020719,0.082984777278,0.0143885891116,-0.668745697688,0.168396305277,0.72402682595,273
0.0918531613543,-0.108654056318,0.0832169360953,0.0193581786976,-0.666877242639,0.16206463264,0.727072939268,274
0.0918331067543,-0.108599823312,0.0831212327157,0.0185820186058,-0.667506102002,0.161977564618,0.726535326695,275
0.0917846848308,-0.108548266287,0.0829304460109,0.0160653555731,-0.668472636554,0.165626495636,0.724882130055,276
0.0918447356202,-0.108571832405,0.083298975569,0.0207050385795,-0.665304961821,0.159311196377,0.729081992552,277
0.0917368045668,-0.108548314698,0.0832987745182,0.0210225922214,-0.664306875117,0.160164198219,0.72979576314,278
0.0918016686262,-0.10858881694,0.0833079073751,0.0197623733589,-0.666043871887,0.161482451076,0.727954962423,279
0.0917702096983,-0.108701856595,0.0829465142627,0.0132638173985,-0.669536647134,0.169460064373,0.723068486297,280
0.0918258493408,-0.108667183367,0.0831537866095,0.0173754896679,-0.667868262827,0.164014527473,0.725774972457,281
0.091756305741,-0.108606319092,0.0831310265628,0.0199816221423,-0.665925074992,0.160998587002,0.728164805698,282
0.091756150789,-0.108609256869,0.0828829592418,0.0143065740001,-0.669703493503,0.1679951591,0.723235908435,283
0.0918256002925,-0.108621956552,0.0831073560369,0.0177588602375,-0.667804648178,0.163761619949,0.725881330926,284
0.0917645353267,-0.10864327378,0.0828406433778,0.012398349884,-0.670930852021,0.170635532339,0.721513401005,285
0.0917843951935,-0.108671258418,0.0828170314153,0.0116204524096,-0.671635915986,0.172432452359,0.720442371614,286
0.0917866949599,-0.108653077289,0.083100077496,0.0154740136035,-0.668997757302,0.166684186376,0.724167755178,287
0.091724257674,-0.108649117109,0.0829096814989,0.0111716310989,-0.670961032934,0.17282848875,0.720983217849,288
0.0918469402838,-0.108633120451,0.0832603767441,0.0187811633899,-0.666943492699,0.162549881198,0.726918964927,289
0.0917693178268,-0.108666554952,0.0829892127715,0.0162234467819,-0.668213304655,0.166607936123,0.724892802335,290
0.0918382853041,-0.108564838154,0.0833033743316,0.0223994584139,-0.664143240696,0.157203868367,0.730547030568,291
0.0917979675509,-0.108604583141,0.0831306628981,0.0184713859944,-0.667445234826,0.162350301436,0.726510871241,292
0.0918613045897,-0.108615115076,0.0833384632893,0.020313164246,-0.665768672429,0.160447350432,0.728420275603,293
0.091773516668,-0.10859539561,0.0829621310846,0.0142149162579,-0.669233223105,0.168305560492,0.723600765309,294
0.0917851532164,-0.10864977232,0.0830401091127,0.0151741101047,-0.668496108408,0.167521381466,0.724444122191,295
0.0918178906937,-0.108653246784,0.0831132333822,0.0166943946426,-0.667990125946,0.164707264037,0.725521885266,296
0.0918032454494,-0.108651774505,0.0830518808924,0.0156948077473,-0.66878606919,0.166157332541,0.724479542507,297
0.0918202337709,-0.108634333036,0.0830793229367,0.0169501199774,-0.668234182417,0.164262143206,0.725392114095,298
0.0918311051639,-0.108636304988,0.0832454876165,0.0208643143394,-0.665709390212,0.159541116128,0.728657889846,299
0.0918683777525,-0.108622548835,0.0832594038207,0.0205983461915,-0.665798668957,0.159665934887,0.728556538496,300
0.0917930794076,-0.108652780999,0.0829532129681,0.0145853370713,-0.668844561038,0.167979964193,0.724028281728,301
0.0918333813502,-0.108646335756,0.0832482553903,0.0188299325425,-0.66676117396,0.161856722727,0.727239556025,302
0.0917175447768,-0.108573342133,0.0829639922668,0.0139397049489,-0.669289242169,0.168789441117,0.723441579888,303
0.0917928857514,-0.108830793959,0.0831228744255,0.0170000983569,-0.668333799902,0.166227608384,0.724851233547,304
0.0917643825823,-0.108591754954,0.0831866186908,0.0201919280863,-0.665345416506,0.160502361687,0.728798157701,305
0.0918284487462,-0.10861883339,0.0831750662589,0.0191383441001,-0.666749052674,0.161064226071,0.727418545009,306
0.091823154122,-0.108676453417,0.0831569457932,0.0174201539992,-0.667752652693,0.163518146545,0.725992251203,307
0.0917184961244,-0.108629626781,0.0829258206151,0.0133932417271,-0.669337839566,0.169274616961,0.723293565335,308
0.0917638477174,-0.108662392746,0.083167702681,0.0168932083207,-0.667353836184,0.164376215424,0.72617762059,309
0.0917740089231,-0.108553555628,0.083270460142,0.0209603208163,-0.664601288709,0.159709166025,0.729629203284,310
0.0918156684772,-0.108671529638,0.0831637399927,0.0185037669489,-0.666866209182,0.162422075554,0.727025542215,311
0.0917617994246,-0.108588837868,0.0832400532483,0.0223662218363,-0.664312950675,0.158577650529,0.730096695266,312
0.0918231142042,-0.108651000798,0.0831776144412,0.018643466712,-0.667381183121,0.162506971331,0.726530289688,313
0.0917386681435,-0.108654179968,0.0831487107388,0.0198422177116,-0.666066620854,0.161214164241,0.727991439667,314
0.0918380745035,-0.108672718928,0.0831893396836,0.0188555990272,-0.667139180677,0.162626549073,0.726720293873,315
0.0917458943376,-0.108605400929,0.0830338804191,0.0149307109324,-0.668233767844,0.167144244322,0.724778246758,316
0.0917574609773,-0.108667192487,0.082992286099,0.0138360682983,-0.669177194463,0.168795270111,0.723545853705,317
0.0918430008423,-0.10865649856,0.0831259073899,0.0170603878915,-0.667850311984,0.164578670697,0.725671251394,318
0.0917858251314,-0.10866145114,0.0829169612845,0.014239693565,-0.669332235074,0.168800803106,0.723393308712,319
0.0918271690272,-0.108633784426,0.0831426900681,0.0171448547085,-0.667675164376,0.163485276678,0.726077470482,320
0.091836763099,-0.108672538343,0.0831384700673,0.0180245086687,-0.667831669207,0.163062219646,0.726007363059,321
0.0917919371278,-0.10863785244,0.082986771733,0.0151521445988,-0.668789586583,0.167174035267,0.724253921857,322
0.0917905186398,-0.108670634292,0.082910718726,0.0131323060688,-0.66972967055,0.169906676553,0.722787266203,323
0.0918212252351,-0.108604909598,0.0832259802747,0.0182584459061,-0.667093059091,0.163093356581,0.726673266816,324
0.0918321356585,-0.108579035344,0.0831975528028,0.0163209578466,-0.667848493525,0.164318111534,0.725748974683,325
0.0918110465172,-0.108654325,0.0829355823542,0.0126163082106,-0.670016239217,0.169482358917,0.722630471243,326
0.0918733822896,-0.10865809239,0.0832045030292,0.0200131319014,-0.666391837127,0.160982139159,0.727740437816,327
0.0917801073446,-0.108628550413,0.0829489652671,0.0148531694257,-0.668872614031,0.166862154386,0.724255363109,328
0.0918234251715,-0.108644660306,0.0831284523672,0.0175933236798,-0.667913733407,0.163024551264,0.725950904245,329
0.0917432174152,-0.10862392419,0.0831815056276,0.0205978146028,-0.665489053479,0.16072717079,0.728606084454,330
0.0917968710419,-0.10865137192,0.0832037857514,0.0189411945184,-0.666729315074,0.162345334552,0.727156959618,331
0.0917651962614,-0.1086163954,0.083253831429,0.0203353100277,-0.665223772906,0.161319370191,0.728724823186,332
0.0918459358112,-0.108598737365,0.0832148964751,0.01831082792,-0.666837873802,0.162327884665,0.727077452205,333
0.0918020404474,-0.108640110457,0.0829312297827,0.0135321091317,-0.669313091677,0.168765389978,0.723432865218,334
0.0918573061786,-0.108643545254,0.0831249642863,0.0172620456054,-0.667970207555,0.163473658365,0.725805887701,335
0.0918290685483,-0.108659353562,0.0831863833112,0.0184947554649,-0.667466171132,0.162421974394,0.726475021352,336
0.0917640227644,-0.108646769101,0.0830452054061,0.0157219658272,-0.668019475092,0.166402665252,0.725129611646,337
0.0917963746186,-0.108597124991,0.0832923927696,0.0201092929589,-0.665662455341,0.160668509683,0.728474256156,338
0.091768121312,-0.108626978354,0.08287069726,0.0104290946583,-0.671731816265,0.172860263021,0.720268651594,339
0.0917703585808,-0.1085834016,0.0831244169389,0.0161617717784,-0.66825924663,0.165168001166,0.725181293069,340
0.0917668578345,-0.108670000041,0.0829321725253,0.0131282090181,-0.669827165744,0.169345198942,0.722828763784,341
0.0918575565775,-0.108647423836,0.0831937347697,0.0198358701328,-0.666728085456,0.1611556537,0.727398827055,342
0.0918687440512,-0.108608771071,0.0831848480215,0.0197641204711,-0.666662124492,0.160581201005,0.727588255261,343
0.0917857124998,-0.108604568197,0.0830162145877,0.0161605038476,-0.66820116353,0.165311075303,0.72520224183,344
0.0918349250782,-0.10865939673,0.0831857446455,0.0187943972645,-0.667295416486,0.162641464644,0.726575083351,345
0.0917692341425,-0.108665454011,0.0829953185215,0.0148520008187,-0.669133565681,0.168099146656,0.723728102428,346
0.0917682164236,-0.108711250292,0.0831087120368,0.0150406866258,-0.668999857147,0.166844257502,0.724138082566,347
0.0917362353429,-0.108597199493,0.0833060301315,0.0205004004598,-0.664760614172,0.160573043973,0.72930745024,348
0.091834884943,-0.108750571592,0.0831561010444,0.0218008944519,-0.667133960023,0.160356113579,0.727147108379,349
0.0918064963715,-0.108604900097,0.0832232662964,0.0209177814563,-0.664949893302,0.160070059117,0.729233612768,350
0.0917874662953,-0.108614680486,0.0830863240444,0.017768158728,-0.667172032646,0.163662933967,0.726484834966,351
0.091836099446,-0.108646056026,0.0831484339447,0.0174994691261,-0.667878552999,0.163348939203,0.725912619456,352
0.0918432514381,-0.108670394069,0.0832446158155,0.0181387705796,-0.666804358352,0.162908210553,0.726982701045,353
0.0918115686196,-0.108573174338,0.0832671628015,0.0201085818809,-0.665121571374,0.161002572537,0.72889444494,354
0.0918388671603,-0.1087082303,0.0833412741046,0.0209381320794,-0.665497375921,0.159432869435,0.728873101034,355
0.0917677081263,-0.108659338617,0.0831531791492,0.017182355048,-0.6671351048,0.163223019904,0.726631794234,356
0.0918208364846,-0.108629188398,0.0832198500494,0.0182824976624,-0.666986516964,0.162135656815,0.726984707719,357
0.0918281691827,-0.108657342988,0.083174134042,0.0186143023544,-0.667309919902,0.162432572063,0.726613128206,358
0.0918060985563,-0.10857177858,0.083169681884,0.0203072837501,-0.665618671381,0.160905542847,0.728456453617,359
0.0918384241802,-0.108553421485,0.0832460799826,0.0206307089098,-0.665256012383,0.159388417513,0.729111887299,360
0.091768937304,-0.108624687287,0.0829633550551,0.0138402309235,-0.669456652132,0.168396021569,0.723380272639,361
0.0918408948744,-0.108635913411,0.0831954566331,0.017896546029,-0.667200160913,0.163493093246,0.726494093148,362
0.0918428193911,-0.108621780442,0.0832326471898,0.018512507971,-0.666746712451,0.162149142645,0.727195822337,363
0.0917976318134,-0.108673568269,0.0829311763949,0.0136697026863,-0.66983458935,0.169242199937,0.722835970259,364
0.0918384343048,-0.108627375573,0.0832730530719,0.0211845617977,-0.665423159274,0.159321045918,0.728958186573,365
0.0917552033948,-0.108616916969,0.0832190273882,0.0218972630498,-0.664734017828,0.158759924354,0.729687934553,366
0.0917753390108,-0.108615210443,0.0831341188009,0.018977384933,-0.666511448288,0.162944538161,0.727221716978,367
0.0917556877885,-0.108612867663,0.0830333325612,0.0145428251931,-0.66907498394,0.168265975957,0.723749772667,368
0.0918154478055,-0.108539727736,0.0832928900788,0.018314092084,-0.666454073644,0.162223618573,0.727452444722,369
0.0918551792162,-0.108574013178,0.0832323434889,0.0193183611891,-0.666191039887,0.160875235347,0.727966659915,370
0.0918314552674,-0.108638932099,0.0831789070072,0.0184647146016,-0.667393760636,0.162533196603,0.726517434465,371
0.0918130050288,-0.108691096295,0.0831776525117,0.0177855919837,-0.667867907953,0.163337240316,0.725918091915,372
0.0917860517915,-0.108682131794,0.0830495976719,0.0162580453398,-0.668062779599,0.165389662241,0.725309629124,373
0.0918070360727,-0.108699567018,0.0832635974167,0.0196185122316,-0.666529097303,0.160254959824,0.727785974224,374
0.0917880331518,-0.108698896956,0.0831856481186,0.0184981606706,-0.667426418352,0.162732786109,0.726441900266,375
0.0917694231281,-0.108604160034,0.0832459526879,0.021353968759,-0.665194584627,0.160993446426,0.728794403662,376
0.0918188045646,-0.108596038251,0.0833187530137,0.0203177933906,-0.665452736418,0.160084091399,0.728788670704,377
0.0917436773419,-0.108657133999,0.0829605271576,0.0138311615094,-0.669387902709,0.16886749095,0.723334158725,378
0.0918428145761,-0.108617059328,0.0832283103973,0.0185564655034,-0.666878714491,0.162208103639,0.727060498763,379
0.0917753631935,-0.108642082831,0.0829817974198,0.0142179649844,-0.669249627334,0.168100017238,0.72363331183,380
0.0918344201818,-0.108618283542,0.0831658615859,0.0183856996482,-0.667412814316,0.162396422166,0.726532520541,381
0.0918228867628,-0.108662055952,0.0831861330156,0.0187039063649,-0.666977379649,0.162012640805,0.727009795768,382
0.0918269396986,-0.108665156275,0.0832332581134,0.0194441629962,-0.666339450933,0.161169954672,0.72776225951,383
0.0917989379416,-0.108700792639,0.0833021755079,0.0195053625574,-0.666354479444,0.161446485317,0.727685564606,384
0.0918299936624,-0.10862780885,0.0832148753564,0.0179785852043,-0.667284905425,0.162646304301,0.726604297513,385
0.0917848004259,-0.108604567396,0.082959871661,0.0151958266946,-0.66883017884,0.167095775585,0.724233581454,386
0.0918113473115,-0.108616850797,0.0828679272396,0.0134663420941,-0.669943345677,0.169214995634,0.722745360736,387
0.091842346399,-0.108627476153,0.0831166881672,0.0168868310582,-0.668050075144,0.164222536089,0.725572112665,388
0.0918338644087,-0.10864373812,0.0828387417557,0.0116788986975,-0.670933551517,0.170726174988,0.721501452492,389
0.0918310646871,-0.108625865773,0.083166341841,0.0180741150429,-0.667462492986,0.162740641587,0.726417669388,390
0.0917388346103,-0.108651545931,0.0829495058756,0.012899582908,-0.66960694861,0.169619323611,0.722972627553,391
0.0917518253861,-0.108666308455,0.0830116979485,0.014036167354,-0.668977276709,0.168643788601,0.723762158322,392
0.0918018629911,-0.108621202444,0.0833638433386,0.0206273760139,-0.665281110481,0.160037697184,0.728946836797,393
0.0917595435431,-0.108593691054,0.0832540776296,0.0209981065012,-0.664896563257,0.160766804831,0.729126651658,394
0.0918446328325,-0.108655988931,0.0831812268676,0.0192011426908,-0.667004337276,0.16218795802,0.72693300685,395
0.0917897806364,-0.108578230033,0.0832224951563,0.0209568678919,-0.665105668244,0.159450751916,0.729226108605,396
0.0918471860216,-0.108597779738,0.083118871306,0.0176131748909,-0.667828161812,0.163134514789,0.72600444382,397
0.0918666047327,-0.108618594793,0.0833058336645,0.020701503212,-0.665416857139,0.159481625282,0.728942703645,398
0.0917667139122,-0.108636930072,0.0830244868859,0.0161531176613,-0.667810382221,0.166041801738,0.725395402704,399
0.0918066871124,-0.108619542866,0.0832541422148,0.018811919657,-0.666268090756,0.161772646461,0.727710487609,400
0.0917501501174,-0.108678289869,0.0829403731714,0.0134307726569,-0.66990663241,0.170080168121,0.72257695411,401
0.0917604897715,-0.108590426616,0.0831539226821,0.0186678815238,-0.666682292921,0.163430934402,0.726963933208,402
0.0917902692738,-0.10869983195,0.0830968387735,0.0169638236687,-0.668130495063,0.164799401002,0.72536544423,403
0.0918223873286,-0.108564673226,0.0832246895625,0.0216894882102,-0.664425102131,0.159193993416,0.729880895913,404
0.0918554580731,-0.108642708117,0.0832263452685,0.0200354056026,-0.66608070805,0.160378104822,0.728157906212,405
0.0918130012998,-0.10860977401,0.0832500095434,0.0214082021334,-0.664715762953,0.159681441305,0.729517978302,406
0.0917854347895,-0.108721112802,0.0828913255811,0.0129904198832,-0.670337594398,0.170158945919,0.722166664733,407
0.0918469466271,-0.108697417304,0.0831933636879,0.0178325052258,-0.667599359184,0.163447951674,0.726139011807,408
0.0918447786575,-0.108669614683,0.0831984723371,0.0179667331689,-0.667636517247,0.163676358002,0.726050085854,409
0.0917840309841,-0.108640782257,0.0829602600325,0.0132787417617,-0.669663105905,0.169285075749,0.722992090369,410
0.0918356859824,-0.108683169113,0.0831209528138,0.0164556297293,-0.668199050339,0.165035627971,0.725260286295,411
0.0918052901011,-0.10862636135,0.08320798378,0.0186163352571,-0.666476502509,0.162223369884,0.727424279172,412
0.0917846468393,-0.108518948463,0.0831973745594,0.0199162049215,-0.665454893621,0.161621544175,0.728458376159,413
0.0917930070691,-0.108555798423,0.0831570030925,0.0195598212388,-0.665545332009,0.161961051813,0.728309990409,414
0.0918072025854,-0.108594804545,0.0832375767921,0.0195775186053,-0.666139541271,0.161332371347,0.727905693257,415
0.0917593838022,-0.108485260819,0.0832783086856,0.0213038045478,-0.664304577866,0.159030877791,0.730037502905,416
0.0918284617621,-0.108648034295,0.0832015807944,0.0182909698611,-0.667583405392,0.162966075537,0.726250573488,417
0.0917806920702,-0.108688039493,0.0829593178959,0.0140980390033,-0.669520423873,0.168800787105,0.723221917246,418
0.0918695455397,-0.108626716832,0.0832193287064,0.0192191826232,-0.666480733824,0.161085888034,0.727657468275,419
0.0917971498858,-0.108589781476,0.0830508575641,0.0170351115466,-0.667721254721,0.165474486769,0.725586883286,420
0.0918213918707,-0.108544059405,0.0833264200219,0.022960729425,-0.66381038058,0.157465377234,0.730775778547,421
0.0917994978946,-0.108658995572,0.0831177754123,0.0164121536144,-0.668441663812,0.165086530589,0.725026082781,422
0.0917936211971,-0.108660717892,0.0831506399268,0.0172800285345,-0.668093930756,0.164193764709,0.725528984901,423
0.0917520219264,-0.108628950211,0.0832636285374,0.0212175476824,-0.664775011248,0.159506053113,0.729507929436,424
0.0917673178585,-0.108670318678,0.0830643123276,0.0156147204264,-0.668169344678,0.165964380476,0.725094291628,425
0.091851920644,-0.108641175345,0.0832233643371,0.019689506728,-0.666204533895,0.160980253943,0.727921149702,426
0.0918309216102,-0.10864792025,0.0832805238405,0.0218389987931,-0.66495247232,0.159093590897,0.729417916576,427
0.0917525434082,-0.108585032507,0.0830913526909,0.0180035628372,-0.666810254493,0.164238198421,0.726681340347,428
0.0917493009069,-0.108632422131,0.0828936277505,0.0121659189285,-0.670637550642,0.170630234241,0.721791236611,429
0.091828254104,-0.108583521919,0.0832675176437,0.0218949575475,-0.664827988086,0.159435818196,0.729454986252,430
0.0917718283717,-0.108557619797,0.083095671044,0.0190799562383,-0.666315600254,0.163519267558,0.727269499749,431
0.0918210918359,-0.108633458635,0.0833624788317,0.02404756655,-0.663722267588,0.156754885515,0.730973578126,432
0.0917975549211,-0.10872367359,0.0829632064073,0.0143952902569,-0.669047224345,0.167974323159,0.723846125896,433
0.0918186383536,-0.108688730831,0.0832036553689,0.0181556518998,-0.667407525816,0.163197441729,0.726363656719,434
0.0917543377897,-0.108683557842,0.0828770453033,0.0115931794512,-0.6707373305,0.171511687821,0.721498976163,435
0.0918191313048,-0.108628319654,0.0830878541869,0.0165509952923,-0.668299600434,0.165540895887,0.72505028819,436
0.0918552351096,-0.108610956639,0.0832540000209,0.0197557673293,-0.665636223802,0.16018320106,0.728614760569,437
0.0917808376699,-0.108665321841,0.0829883318291,0.0152796025143,-0.66899445404,0.167808572929,0.723915214001,438
0.0918454215265,-0.108688478784,0.083260829539,0.0194446999381,-0.666731274816,0.160529171953,0.727544978526,439
0.0917802208557,-0.108722205697,0.0829992804656,0.015511557391,-0.668791273874,0.166695044626,0.724355151617,440
0.0918494573539,-0.108582692426,0.0833429384848,0.0234497047857,-0.663555798968,0.156515959929,0.731195300374,441
0.0918232810109,-0.108530416365,0.083324260189,0.0227013659054,-0.663933505809,0.157580241257,0.730647257859,442
0.0918188939201,-0.108559247435,0.0832024154655,0.0212038961327,-0.664884351173,0.160344643269,0.729224786832,443
0.0918439945057,-0.108608682593,0.0832418608648,0.0190311956442,-0.666333726244,0.161676054043,0.727666154504,444
0.0917287698929,-0.108683022113,0.0828718718737,0.0112894333659,-0.671194205181,0.172207707323,0.720912888749,445
0.0917984473307,-0.108629373281,0.0831895896753,0.0176405439132,-0.667608813089,0.163799807004,0.72605571902,446
0.0917382037449,-0.108620197683,0.0829950320467,0.0148526066704,-0.668700404583,0.167418855014,0.724285921423,447
0.0918312441662,-0.108661464013,0.0832051907321,0.0199423469395,-0.666268648097,0.160746948796,0.727907143676,448
0.0918094907644,-0.108642703334,0.0831581197123,0.0200316339544,-0.666470807266,0.161419442819,0.72757072521,449
0.091818338427,-0.108654796303,0.0831382108277,0.0163233893278,-0.668211086318,0.165078200817,0.725242496478,450
0.0917500365416,-0.108623128142,0.0830717914681,0.017064660617,-0.667628952998,0.165782686643,0.725600771283,451
0.0918619378156,-0.108623510386,0.0833011115531,0.0205880741123,-0.665371992917,0.159951097547,0.728884002184,452
0.0918716367357,-0.108636261728,0.0833155558826,0.0209522786573,-0.665161216287,0.158835804546,0.729309773389,453
0.0917607642981,-0.108634853,0.0829642991382,0.0143138684559,-0.668883386578,0.167404803377,0.724131037959,454
0.0918056072628,-0.108649924754,0.0831066638546,0.0162789192031,-0.668618113849,0.165495144251,0.724773186488,455
0.0917606886925,-0.108703434817,0.0828491763199,0.0118425722315,-0.671012693799,0.171263152066,0.721297893376,456
0.0918117049665,-0.108650464172,0.0830979170431,0.0164563109928,-0.668079797337,0.165022333612,0.725373147854,457
0.0918178339985,-0.108647326243,0.0832114000707,0.0188593104476,-0.666492763084,0.161710364428,0.727517340826,458
0.0918092627369,-0.108612610591,0.0831882660307,0.0213620023473,-0.66532845064,0.161498996236,0.728560081146,459
0.0918339583509,-0.108632179113,0.0834256273726,0.0252714568076,-0.662852417158,0.155270761786,0.732037579003,460
0.0918448996082,-0.108630241493,0.0832927884775,0.0204894194868,-0.665760148621,0.159773146164,0.728571307397,461
0.0917490059443,-0.108687643102,0.0829673044498,0.0149628749316,-0.669315311275,0.168207775727,0.723532494538,462
0.0917623471546,-0.10864849825,0.0829438136652,0.0144344483501,-0.669728373929,0.168937229302,0.7229908467,463
0.0918219373988,-0.108683018606,0.0831747136423,0.0184909441726,-0.667621036667,0.163343366536,0.726126146749,464
0.0918386543907,-0.108647051092,0.0831924240534,0.0185777121004,-0.666675173575,0.162246903436,0.727237941721,465
0.0918148491335,-0.108642705143,0.0829634003207,0.0150193316619,-0.668508211692,0.167198669243,0.72451072841,466
0.0918189437608,-0.108718754813,0.0829253040822,0.0109364725314,-0.671284921838,0.172015135736,0.72087983767,467
0.09183400989,-0.108657362326,0.0832286264236,0.0181925407973,-0.667489519668,0.162901059745,0.726353920157,468
0.0917586664523,-0.108671056958,0.0829330369884,0.0151673005228,-0.669344393648,0.168218051631,0.723498944569,469
0.0918311991854,-0.108645513454,0.0832071351551,0.0197879578704,-0.666287623406,0.161096613574,0.727816680706,470
0.0917737248706,-0.108649414348,0.0829726726586,0.0153178165872,-0.668736376497,0.166927893568,0.724356336063,471
0.0918007658401,-0.108654076857,0.0829660224966,0.0151719378557,-0.668729226671,0.166737656102,0.724409820292,472
0.0918233274219,-0.108640385667,0.0831722608739,0.0183195739189,-0.667457194407,0.162373047129,0.726498644467,473
0.091769434593,-0.108745185027,0.0830379159676,0.0161566308163,-0.668235745731,0.166561442325,0.72488429238,474
0.0918642862468,-0.108651545847,0.0833864641485,0.0211037565175,-0.665207676462,0.158887949265,0.729251670012,475
0.0917684166469,-0.108657346312,0.0829302771714,0.0132892478948,-0.669694347518,0.169188970955,0.722985455525,476
0.0918433267553,-0.108609682352,0.083258834144,0.0197365728679,-0.665968694358,0.160492987387,0.728243205822,477
0.0917719891906,-0.10863448499,0.0829905402486,0.0148274356865,-0.668406705488,0.166815311642,0.724696677936,478
0.0917655660418,-0.108605125592,0.0831072248169,0.0177045641228,-0.666707832811,0.16386692747,0.726866455519,479
0.0917983895501,-0.108679105304,0.0830438733656,0.0148906039817,-0.669171294216,0.166981518714,0.723951118045,480
0.0918341999517,-0.108703930241,0.0831743440405,0.0191136325072,-0.667373863044,0.16280389467,0.726458318047,481
0.0918650066571,-0.108637073284,0.0832832771712,0.0210884321776,-0.6654637441,0.15909011515,0.728974360714,482
0.09179117942,-0.108618459501,0.0830650706179,0.0162361935835,-0.667917755475,0.165888143293,0.725329843488,483
0.0918124228943,-0.108649198403,0.0830439590696,0.0137699363646,-0.669678657643,0.168439891771,0.723165878073,484
0.0917530732209,-0.108637620914,0.0829076544043,0.012663651672,-0.670226978242,0.17014122595,0.722279303868,485
0.0917501427298,-0.10861315666,0.0829076183877,0.0133613931101,-0.669960387104,0.169518123652,0.722660472587,486
0.0917892620686,-0.108641192896,0.0832831341286,0.0216292236481,-0.665112194094,0.159432502878,0.729204513822,487
0.0918131996145,-0.108531922284,0.083202285812,0.0214736754594,-0.664884237161,0.159431435982,0.72941719863,488
0.091859186215,-0.108651534784,0.0831769391791,0.0175091430575,-0.667790018127,0.16357414377,0.725943125244,489
0.0917699431341,-0.10871496059,0.0828670392863,0.0114612361898,-0.671173986227,0.172458123805,0.720869139172,490
0.0918440183906,-0.108604294796,0.0830699063137,0.0152265468484,-0.669519782712,0.167207061362,0.723569769586,491
0.091811867486,-0.108654451915,0.0828591573043,0.0122494463807,-0.67113305598,0.171781500465,0.721055814991,492
0.091861600161,-0.108575141796,0.0832565769699,0.0199474884505,-0.666265863994,0.161073353834,0.727837393149,493
0.0917742054081,-0.10861187145,0.0829562185196,0.0148483664069,-0.668914963793,0.167386596642,0.724095314509,494
0.0917954663789,-0.108616834047,0.0831626678972,0.0181055511696,-0.667678572935,0.162891698259,0.726184416591,495
0.091781508192,-0.108668215465,0.0830856652274,0.0151107624868,-0.669072442968,0.166154598228,0.724228127323,496
0.0917689081099,-0.108618364799,0.0829406291384,0.0146572077553,-0.668970888249,0.167556301893,0.724008289063,497
0.0917839109673,-0.108604695279,0.0829518048075,0.0149955176033,-0.668587419798,0.167212832209,0.724434859241,498
0.0917839050734,-0.108581049693,0.0829451424475,0.0135085821041,-0.669325878364,0.168818966103,0.72340897385,499
0.0918584181609,-0.108596694543,0.0831671066315,0.0181576681314,-0.668023454662,0.164247286212,0.725560329733,500
0.0918066528165,-0.108662318561,0.0829409887776,0.0148253382317,-0.669535527587,0.168793051593,0.723195196596,501
0.0918179575527,-0.108650985144,0.0832490879092,0.018808153796,-0.666722311885,0.161720891713,0.727305964068,502
0.0917983134792,-0.108647727137,0.0832159364929,0.0219932217818,-0.664613351021,0.159834325097,0.729560402134,503
0.0917880134454,-0.108625930109,0.0832067945451,0.0229086630982,-0.664395595436,0.159026609795,0.729906996334,504
0.0917885394555,-0.108660162136,0.0831755499388,0.0181651946268,-0.666920749804,0.16197446946,0.727083908795,505
0.0917628707582,-0.1085584855,0.0834333392166,0.0250306237669,-0.662255333154,0.155347996663,0.732569683727,506
0.091776278285,-0.108617391026,0.0831113475799,0.0164483413984,-0.667990883389,0.165091074214,0.725439569495,507
0.0918023243288,-0.108662751266,0.0828784211179,0.0126136204728,-0.670548329072,0.171059711626,0.721764788568,508
0.0918774595244,-0.108666176437,0.0831953059412,0.0184614816319,-0.66679168,0.162279713535,0.727126759069,509
0.0918363293802,-0.108623231452,0.0829931609908,0.0152326330047,-0.668469507585,0.166744891764,0.724646552045,510
0.0918453954923,-0.108686566025,0.0831272122511,0.0180134227976,-0.668018854426,0.163910560927,0.725644303186,511
0.0918191854348,-0.108646776738,0.0830735468036,0.0158840721609,-0.669091739573,0.166590625756,0.724093573854,512
0.0918094760921,-0.108599886162,0.0832620905259,0.0198896339109,-0.665965935278,0.160913294478,0.728148808399,513
0.0918238285809,-0.108744702908,0.0832417922263,0.0203080144434,-0.666626428042,0.162554489121,0.727167675335,514
0.0917571271621,-0.108696761086,0.0831838573694,0.022184474303,-0.664703311452,0.160798337232,0.729260756923,515
0.091866632747,-0.108557090521,0.083022253498,0.0151061960216,-0.668889815841,0.166554954479,0.724304952519,516
