0,1445364114,164000000,0.0,0.0,0.0,-0.0797399667325,-0.0797399667325,0.702596283584,0.702596283584,1
1,1445364121,157000000,3.70016944437,-1.30241762944,-0.623267782165,-0.0870707526914,0.122863907851,-0.862669704327,0.482829292203,1
1,1445364123,703000000,3.5268188792,-0.920395898456,-0.847981393685,-0.0869126841133,0.121026334209,-0.862824606406,0.483045039669,231
1,1445364124,556000000,3.43980118335,-0.844941326849,-0.787045242777,-0.0864628712911,0.120869202971,-0.862966036619,0.482912442689,305
1,1445364125,877000000,3.65056434683,-0.948582106608,-0.965611144794,-0.0865463758996,0.120450729993,-0.863492057523,0.482061005536,418
1,1445364127,195000000,3.6908327081,-0.982038494214,-0.899535101443,-0.0864389370994,0.119381696894,-0.863976832202,0.481477262203,544
1,1445364130,45000000,3.73256390003,-1.16794287229,-0.92465983925,-0.0820493905608,0.11537249545,-0.866063733384,0.479469179948,768
1,1445364130,971000000,3.73256390003,-1.16794287229,-0.92465983925,-0.0820493905608,0.11537249545,-0.866063733384,0.479469179948,851
1,1445364131,553000000,3.45328795824,-1.05782918767,-0.742136494862,-0.078377553023,0.114290791783,-0.866345695493,0.479833002196,907
1,1445364132,608000000,3.48336461034,-1.02209282261,-0.718808285872,-0.0776965645781,0.114514768516,-0.867095797253,0.478533687457,998
1,1445364133,346000000,3.48336461034,-1.02209282261,-0.718808285872,-0.0776965645781,0.114514768516,-0.867095797253,0.478533687457,1066
1,1445364134,956000000,3.74786521664,-1.16683735366,-0.599649656485,-0.0614802668707,0.111107869445,-0.877430645577,0.462591267033,1203
1,1445364136,100000000,3.5500879348,-0.939699413433,-0.546891522747,-0.0568599267524,0.111953706827,-0.875740362748,0.46616749491,1278
1,1445364136,666000000,3.54193566568,-0.927714676298,-0.61889770019,-0.0504910767779,0.110893706551,-0.87444060334,0.469581588485,1309
1,1445364138,463000000,3.54506137286,-0.896640383774,-0.651298331603,-0.0510949471719,0.108760921012,-0.872028689892,0.474474796422,1365
1,1445364140,678000000,3.6560709478,-0.963180366472,-0.513552076481,-0.0517663326107,0.108038828579,-0.869722467188,0.478780417724,1562
1,1445364142,287000000,3.89186554367,-0.823563371514,-0.587816083515,-0.0545730663405,0.107649728692,-0.871876744467,0.474620120518,1700
1,1445364144,61000000,3.78495136042,-1.05562885747,-0.614062905069,-0.0619736254125,0.10673703504,-0.87163348171,0.474364362771,1857
1,1445364145,975000000,3.42837822163,-0.945009131581,-0.857397265442,-0.05771130422,0.0993086628035,-0.872521606257,0.474882344872,2026
1,1445364148,258000000,3.65908518305,-1.18651705477,-0.715803620971,-0.0606807502897,0.0946361053037,-0.874043916501,0.4726617037,2218
1,1445364150,373000000,3.64767952058,-1.10364556972,-0.685689865002,-0.0633985049701,0.0918097102293,-0.871471854357,0.477586027579,2406
1,1445364151,984000000,3.61593872188,-1.08794458943,-0.669379457185,-0.0656984571733,0.0930496350045,-0.870990788363,0.477912674803,2542
1,1445364152,678000000,3.43782673309,-1.48612124088,-0.674609695584,-0.0683790119048,0.0916660107958,-0.870707944268,0.478319275155,2608
