1,1445364597,389000000,3.21273205334,-1.05749840831,-0.768506943017,-0.0492804917805,0.114250606503,-0.966892112346,0.222795590457,0
1,1445364599,697000000,3.21210894955,-1.05546862962,-0.770643691386,-0.0492172680733,0.114891146168,-0.966915354631,0.222378915443,210
1,1445364600,231000000,3.30531250619,-1.32550355489,-0.8056366732,-0.0475085857785,0.114758033038,-0.966559362133,0.224358034411,257
1,1445364601,291000000,3.32184819425,-1.23747041873,-0.73800710565,-0.0464345672362,0.116821271609,-0.966308052083,0.224600467373,351
1,1445364602,503000000,3.33877813858,-1.03882487539,-0.948454625164,-0.0443612435098,0.116164273531,-0.96617726146,0.225919102928,468
1,1445364603,515000000,3.35313383616,-1.12749619372,-0.879346812814,-0.0410103529641,0.114518095323,-0.967163522313,0.223155725673,556
1,1445364605,797000000,3.77532719528,-0.832130650923,-0.835242819121,-0.036227520682,0.114825943825,-0.965990789848,0.228832609781,769
1,1445364606,411000000,3.73627854398,-0.985770880312,-0.927717147225,-0.0389456531493,0.114331293513,-0.96788558731,0.220474672701,824
1,1445364607,394000000,3.80146380023,-0.797953051543,-0.941418987099,-0.0299835681466,0.115864650812,-0.969138827424,0.215514040173,901
1,1445364608,803000000,4.10723147776,-0.608448423161,-0.852299481887,-0.0339153922085,0.112172763137,-0.969092166187,0.217088440079,1026
1,1445364611,111000000,4.32837790158,-0.49779619863,-0.62288690787,-0.0356154889647,0.112932911213,-0.96915990613,0.216117493185,1220
1,1445364612,604000000,4.72350376425,-1.28368355732,-0.468145354843,-0.0368218745372,0.114419341359,-0.968989503801,0.215897441863,1349
1,1445364613,794000000,4.78488296702,-1.81530410098,-0.712893176869,-0.0333428511493,0.10980764798,-0.967223501414,0.226515414565,1458
