0,1458678827,611000000,0.0,0.0,0.0,-0.0797399667325,-0.0797399667325,0.702596283584,0.702596283584,0
0,1458678827,644000000,0.0,0.0,0.0,-0.0797399667325,-0.0797399667325,0.702596283584,0.702596283584,1
0,1458678827,650000000,0.0,0.0,0.0,-0.0797399667325,-0.0797399667325,0.702596283584,0.702596283584,2
0,1458678827,693000000,0.0,0.0,0.0,-0.0797399667325,-0.0797399667325,0.702596283584,0.702596283584,3
0,1458678827,660000000,0.0,0.0,0.0,-0.0797399667325,-0.0797399667325,0.702596283584,0.702596283584,4
0,1458678827,711000000,0.0,0.0,0.0,-0.0797399667325,-0.0797399667325,0.702596283584,0.702596283584,5
0,1458678827,737000000,0.0,0.0,0.0,-0.0797399667325,-0.0797399667325,0.702596283584,0.702596283584,6
0,1458678827,737000000,0.0,0.0,0.0,-0.0797399667325,-0.0797399667325,0.702596283584,0.702596283584,7
0,1458678827,737000000,0.0,0.0,0.0,-0.0797399667325,-0.0797399667325,0.702596283584,0.702596283584,8
0,1458678827,745000000,0.0,0.0,0.0,-0.0797399667325,-0.0797399667325,0.702596283584,0.702596283584,9
0,1458678827,780000000,0.0,0.0,0.0,-0.0797399667325,-0.0797399667325,0.702596283584,0.702596283584,10
0,1458678827,763000000,0.0,0.0,0.0,-0.0797399667325,-0.0797399667325,0.702596283584,0.702596283584,11
0,1458678827,798000000,0.0,0.0,0.0,-0.0797399667325,-0.0797399667325,0.702596283584,0.702596283584,12
0,1458678827,821000000,0.0,0.0,0.0,-0.0797399667325,-0.0797399667325,0.702596283584,0.702596283584,13
0,1458678827,842000000,0.0,0.0,0.0,-0.0797399667325,-0.0797399667325,0.702596283584,0.702596283584,14
0,1458678827,845000000,0.0,0.0,0.0,-0.0797399667325,-0.0797399667325,0.702596283584,0.702596283584,15
0,1458678827,860000000,0.0,0.0,0.0,-0.0797399667325,-0.0797399667325,0.702596283584,0.702596283584,16
0,1458678827,873000000,0.0,0.0,0.0,-0.0797399667325,-0.0797399667325,0.702596283584,0.702596283584,17
0,1458678827,925000000,0.0,0.0,0.0,-0.0797399667325,-0.0797399667325,0.702596283584,0.702596283584,18
0,1458678827,919000000,0.0,0.0,0.0,-0.0797399667325,-0.0797399667325,0.702596283584,0.702596283584,19
0,1458678827,940000000,0.0,0.0,0.0,-0.0797399667325,-0.0797399667325,0.702596283584,0.702596283584,20
0,1458678827,889000000,0.0,0.0,0.0,-0.0797399667325,-0.0797399667325,0.702596283584,0.702596283584,21
0,1458678827,962000000,0.0,0.0,0.0,-0.0797399667325,-0.0797399667325,0.702596283584,0.702596283584,22
0,1458678827,962000000,0.0,0.0,0.0,-0.0797399667325,-0.0797399667325,0.702596283584,0.702596283584,23
0,1458678827,977000000,0.0,0.0,0.0,-0.0797399667325,-0.0797399667325,0.702596283584,0.702596283584,24
0,1458678827,996000000,0.0,0.0,0.0,-0.0797399667325,-0.0797399667325,0.702596283584,0.702596283584,25
0,1458678828,9000000,0.0,0.0,0.0,-0.0797399667325,-0.0797399667325,0.702596283584,0.702596283584,26
0,1458678828,27000000,0.0,0.0,0.0,-0.0797399667325,-0.0797399667325,0.702596283584,0.702596283584,27
0,1458678828,59000000,0.0,0.0,0.0,-0.0797399667325,-0.0797399667325,0.702596283584,0.702596283584,28
0,1458678828,46000000,0.0,0.0,0.0,-0.0797399667325,-0.0797399667325,0.702596283584,0.702596283584,29
0,1458678828,76000000,0.0,0.0,0.0,-0.0797399667325,-0.0797399667325,0.702596283584,0.702596283584,30
0,1458678828,90000000,0.0,0.0,0.0,-0.0797399667325,-0.0797399667325,0.702596283584,0.702596283584,31
0,1458678828,109000000,0.0,0.0,0.0,-0.0797399667325,-0.0797399667325,0.702596283584,0.702596283584,32
0,1458678828,140000000,0.0,0.0,0.0,-0.0797399667325,-0.0797399667325,0.702596283584,0.702596283584,33
0,1458678828,165000000,0.0,0.0,0.0,-0.0797399667325,-0.0797399667325,0.702596283584,0.702596283584,34
0,1458678828,131000000,0.0,0.0,0.0,-0.0797399667325,-0.0797399667325,0.702596283584,0.702596283584,35
0,1458678828,178000000,0.0,0.0,0.0,-0.0797399667325,-0.0797399667325,0.702596283584,0.702596283584,36
0,1458678828,196000000,0.0,0.0,0.0,-0.0797399667325,-0.0797399667325,0.702596283584,0.702596283584,37
0,1458678828,208000000,0.0,0.0,0.0,-0.0797399667325,-0.0797399667325,0.702596283584,0.702596283584,38
0,1458678828,229000000,0.0,0.0,0.0,-0.0797399667325,-0.0797399667325,0.702596283584,0.702596283584,39
0,1458678828,245000000,0.0,0.0,0.0,-0.0797399667325,-0.0797399667325,0.702596283584,0.702596283584,40
0,1458678828,262000000,0.0,0.0,0.0,-0.0797399667325,-0.0797399667325,0.702596283584,0.702596283584,41
0,1458678828,277000000,0.0,0.0,0.0,-0.0797399667325,-0.0797399667325,0.702596283584,0.702596283584,42
0,1458678828,291000000,0.0,0.0,0.0,-0.0797399667325,-0.0797399667325,0.702596283584,0.702596283584,43
0,1458678828,307000000,0.0,0.0,0.0,-0.0797399667325,-0.0797399667325,0.702596283584,0.702596283584,44
0,1458678828,330000000,0.0,0.0,0.0,-0.0797399667325,-0.0797399667325,0.702596283584,0.702596283584,45
0,1458678828,342000000,0.0,0.0,0.0,-0.0797399667325,-0.0797399667325,0.702596283584,0.702596283584,46
0,1458678828,360000000,0.0,0.0,0.0,-0.0797399667325,-0.0797399667325,0.702596283584,0.702596283584,47
0,1458678828,379000000,0.0,0.0,0.0,-0.0797399667325,-0.0797399667325,0.702596283584,0.702596283584,48
0,1458678828,395000000,0.0,0.0,0.0,-0.0797399667325,-0.0797399667325,0.702596283584,0.702596283584,49
0,1458678828,418000000,0.0,0.0,0.0,-0.0797399667325,-0.0797399667325,0.702596283584,0.702596283584,50
0,1458678828,432000000,0.0,0.0,0.0,-0.0797399667325,-0.0797399667325,0.702596283584,0.702596283584,51
0,1458678828,432000000,0.0,0.0,0.0,-0.0797399667325,-0.0797399667325,0.702596283584,0.702596283584,52
0,1458678828,442000000,0.0,0.0,0.0,-0.0797399667325,-0.0797399667325,0.702596283584,0.702596283584,53
0,1458678828,458000000,0.0,0.0,0.0,-0.0797399667325,-0.0797399667325,0.702596283584,0.702596283584,54
0,1458678828,476000000,0.0,0.0,0.0,-0.0797399667325,-0.0797399667325,0.702596283584,0.702596283584,55
0,1458678828,527000000,0.0,0.0,0.0,-0.0797399667325,-0.0797399667325,0.702596283584,0.702596283584,56
0,1458678828,531000000,0.0,0.0,0.0,-0.0797399667325,-0.0797399667325,0.702596283584,0.702596283584,57
0,1458678828,538000000,0.0,0.0,0.0,-0.0797399667325,-0.0797399667325,0.702596283584,0.702596283584,58
0,1458678828,566000000,0.0,0.0,0.0,-0.0797399667325,-0.0797399667325,0.702596283584,0.702596283584,59
0,1458678828,566000000,0.0,0.0,0.0,-0.0797399667325,-0.0797399667325,0.702596283584,0.702596283584,60
0,1458678828,579000000,0.0,0.0,0.0,-0.0797399667325,-0.0797399667325,0.702596283584,0.702596283584,61
0,1458678828,610000000,0.0,0.0,0.0,-0.0797399667325,-0.0797399667325,0.702596283584,0.702596283584,62
0,1458678828,628000000,0.0,0.0,0.0,-0.0797399667325,-0.0797399667325,0.702596283584,0.702596283584,63
0,1458678828,613000000,0.0,0.0,0.0,-0.0797399667325,-0.0797399667325,0.702596283584,0.702596283584,64
0,1458678828,644000000,0.0,0.0,0.0,-0.0797399667325,-0.0797399667325,0.702596283584,0.702596283584,65
0,1458678828,677000000,0.0,0.0,0.0,-0.0797399667325,-0.0797399667325,0.702596283584,0.702596283584,66
0,1458678828,693000000,0.0,0.0,0.0,-0.0797399667325,-0.0797399667325,0.702596283584,0.702596283584,67
0,1458678828,677000000,0.0,0.0,0.0,-0.0797399667325,-0.0797399667325,0.702596283584,0.702596283584,68
0,1458678828,721000000,0.0,0.0,0.0,-0.0797399667325,-0.0797399667325,0.702596283584,0.702596283584,69
0,1458678828,730000000,0.0,0.0,0.0,-0.0797399667325,-0.0797399667325,0.702596283584,0.702596283584,70
0,1458678828,744000000,0.0,0.0,0.0,-0.0797399667325,-0.0797399667325,0.702596283584,0.702596283584,71
0,1458678828,783000000,0.0,0.0,0.0,-0.0797399667325,-0.0797399667325,0.702596283584,0.702596283584,72
0,1458678828,813000000,0.0,0.0,0.0,-0.0797399667325,-0.0797399667325,0.702596283584,0.702596283584,73
0,1458678828,813000000,0.0,0.0,0.0,-0.0797399667325,-0.0797399667325,0.702596283584,0.702596283584,74
0,1458678828,830000000,0.0,0.0,0.0,-0.0797399667325,-0.0797399667325,0.702596283584,0.702596283584,75
0,1458678828,830000000,0.0,0.0,0.0,-0.0797399667325,-0.0797399667325,0.702596283584,0.702596283584,76
0,1458678828,875000000,0.0,0.0,0.0,-0.0797399667325,-0.0797399667325,0.702596283584,0.702596283584,77
0,1458678828,899000000,0.0,0.0,0.0,-0.0797399667325,-0.0797399667325,0.702596283584,0.702596283584,78
0,1458678828,899000000,0.0,0.0,0.0,-0.0797399667325,-0.0797399667325,0.702596283584,0.702596283584,79
0,1458678828,899000000,0.0,0.0,0.0,-0.0797399667325,-0.0797399667325,0.702596283584,0.702596283584,80
0,1458678828,912000000,0.0,0.0,0.0,-0.0797399667325,-0.0797399667325,0.702596283584,0.702596283584,81
0,1458678828,945000000,0.0,0.0,0.0,-0.0797399667325,-0.0797399667325,0.702596283584,0.702596283584,82
0,1458678829,21000000,0.0,0.0,0.0,-0.0797399667325,-0.0797399667325,0.702596283584,0.702596283584,83
0,1458678828,987000000,0.0,0.0,0.0,-0.0797399667325,-0.0797399667325,0.702596283584,0.702596283584,84
0,1458678829,48000000,0.0,0.0,0.0,-0.0797399667325,-0.0797399667325,0.702596283584,0.702596283584,85
0,1458678829,24000000,0.0,0.0,0.0,-0.0797399667325,-0.0797399667325,0.702596283584,0.702596283584,86
0,1458678829,26000000,0.0,0.0,0.0,-0.0797399667325,-0.0797399667325,0.702596283584,0.702596283584,87
0,1458678829,48000000,0.0,0.0,0.0,-0.0797399667325,-0.0797399667325,0.702596283584,0.702596283584,88
0,1458678829,76000000,0.0,0.0,0.0,-0.0797399667325,-0.0797399667325,0.702596283584,0.702596283584,89
0,1458678829,98000000,0.0,0.0,0.0,-0.0797399667325,-0.0797399667325,0.702596283584,0.702596283584,90
0,1458678829,113000000,0.0,0.0,0.0,-0.0797399667325,-0.0797399667325,0.702596283584,0.702596283584,91
0,1458678829,126000000,0.0,0.0,0.0,-0.0797399667325,-0.0797399667325,0.702596283584,0.702596283584,92
0,1458678829,148000000,0.0,0.0,0.0,-0.0797399667325,-0.0797399667325,0.702596283584,0.702596283584,93
0,1458678829,163000000,0.0,0.0,0.0,-0.0797399667325,-0.0797399667325,0.702596283584,0.702596283584,94
1,1458678829,181000000,-0.0513332923345,0.12524316773,-0.0307666104244,0.642958621642,0.0566765283124,-0.0555938877329,0.761775099122,95
1,1458678829,197000000,-0.051991249656,0.125523734554,-0.0304304465895,0.640160726906,0.0546266195867,-0.0558399756783,0.764259166301,96
1,1458678829,216000000,-0.0532925341634,0.126147512222,-0.0298105840405,0.634229591993,0.0500663269015,-0.0565301732125,0.769448196481,97
1,1458678829,237000000,-0.0545087343844,0.126940895321,-0.0291705420194,0.627888420857,0.0449569834069,-0.0571230519876,0.774901256631,98
1,1458678829,240000000,-0.0545087343844,0.126940895321,-0.0291705420194,0.627888420857,0.0449569834069,-0.0571230519876,0.774901256631,99
1,1458678829,251000000,-0.056183356501,0.1307334087,-0.0281877782556,0.621218188772,0.0398653754274,-0.0571162706525,0.78053599879,100
1,1458678829,265000000,-0.056957272494,0.132905082553,-0.0277105811951,0.617627584599,0.0373353611401,-0.0569198719516,0.78351921848,101
1,1458678829,281000000,-0.0583757408668,0.137877972278,-0.0267751822109,0.60983100472,0.0321825379427,-0.0561560610384,0.789884122351,102
1,1458678829,305000000,-0.0596044550733,0.143759164094,-0.0258256528452,0.601353721654,0.0271060890786,-0.0545885406058,0.79665491439,103
1,1458678829,333000000,-0.0613350644183,0.154534791642,-0.024293232613,0.58738308826,0.0191821899933,-0.0513492402091,0.807450559937,104
1,1458678829,333000000,-0.0613350644183,0.154534791642,-0.024293232613,0.58738308826,0.0191821899933,-0.0513492402091,0.807450559937,105
1,1458678829,350000000,-0.0627645609996,0.16333081956,-0.0230227920333,0.577218602513,0.0129728696313,-0.0490085385806,0.815014449389,106
1,1458678829,366000000,-0.0636181361078,0.168112515003,-0.0222485497464,0.571920594946,0.00967168369879,-0.047718686287,0.818862759313,107
1,1458678829,386000000,-0.0656191011074,0.178522728526,-0.0203859953186,0.560974224917,0.00289086601063,-0.0449458190942,0.82660718314,108
1,1458678829,404000000,-0.0678638404532,0.190250464813,-0.0183114056897,0.54924591684,-0.00451820559245,-0.0418617850041,0.83459936473,109
1,1458678829,423000000,-0.0690177054091,0.196678867279,-0.017218937181,0.543049155866,-0.00849495421879,-0.0404301758301,0.838683999459,110
1,1458678829,439000000,-0.0724633069571,0.218720694606,-0.0136799159814,0.523073035246,-0.0212561449339,-0.0367978991416,0.851227754905,111
1,1458678829,439000000,-0.0724633069571,0.218720694606,-0.0136799159814,0.523073035246,-0.0212561449339,-0.0367978991416,0.851227754905,112
1,1458678829,460000000,-0.074748854037,0.236609088367,-0.0109542374175,0.508563196098,-0.0299895623994,-0.0346920299576,0.859802631293,113
1,1458678829,479000000,-0.0759630196703,0.246420743031,-0.00962154491833,0.500811702525,-0.03411276721,-0.0337501173321,0.864225021223,114
1,1458678829,496000000,-0.0787375105277,0.267867584506,-0.00711785376381,0.484053404615,-0.040940467574,-0.0321193057476,0.873489856721,115
1,1458678829,518000000,-0.0822201641683,0.291617517857,-0.00497720115868,0.465506272445,-0.0436725602198,-0.0291943603711,0.883484186118,116
1,1458678829,515000000,-0.0803781349177,0.279477435875,-0.00599408972822,0.474981686189,-0.0429019812076,-0.0308962422796,0.878406079218,117
1,1458678829,537000000,-0.0865742681025,0.317324080026,-0.00328422233647,0.445549047637,-0.0426089642961,-0.0250355750801,0.893892466851,118
1,1458678829,563000000,-0.0942801175598,0.358540830015,-0.0015473326066,0.413469403019,-0.0378217100329,-0.0181134888935,0.909551797611,119
1,1458678829,567000000,-0.0942801175598,0.358540830015,-0.0015473326066,0.413469403019,-0.0378217100329,-0.0181134888935,0.909551797611,120
1,1458678829,583000000,-0.0997063752983,0.387372892817,-0.000696670267626,0.392850782466,-0.0355654466532,-0.0146444573611,0.918797530248,121
1,1458678829,606000000,-0.105271099284,0.417111522948,6.6489096943e-05,0.374546364428,-0.0353719594411,-0.0134257900237,0.926435963001,122
1,1458678829,609000000,-0.105271099284,0.417111522948,6.6489096943e-05,0.374546364428,-0.0353719594411,-0.0134257900237,0.926435963001,123
1,1458678829,632000000,-0.113360415001,0.462701324058,0.000909124969576,0.353367046041,-0.0386948483073,-0.0143577600517,0.934573857013,124
1,1458678829,643000000,-0.116043389655,0.478118091082,0.00119747251654,0.347870123925,-0.0408027614277,-0.0155354648674,0.936525579401,125
1,1458678829,667000000,-0.121561934183,0.509323610736,0.00223277273856,0.341321390982,-0.0477906687397,-0.0198555446364,0.938520920058,126
1,1458678829,685000000,-0.126976520512,0.54180371253,0.00315181335869,0.341381730688,-0.0592004544064,-0.0270968156077,0.9376670959,127
1,1458678829,688000000,-0.126976520512,0.54180371253,0.00315181335869,0.341381730688,-0.0592004544064,-0.0270968156077,0.9376670959,128
1,1458678829,701000000,-0.12959845657,0.558621016351,0.00316192365454,0.343464221591,-0.0649444555045,-0.0309479814571,0.936406305313,129
1,1458678829,718000000,-0.134835558365,0.593092499359,0.0019958330343,0.350975801581,-0.0750087794604,-0.0390106203134,0.93255983251,130
1,1458678829,739000000,-0.140621831827,0.628640726956,-0.00051863192455,0.362444334463,-0.0825328047075,-0.0479935230639,0.927102509061,131
1,1458678829,774000000,-0.149846056817,0.683310675028,-0.00635351721922,0.387352086687,-0.0867424445931,-0.0614971523821,0.915779563811,132
1,1458678829,784000000,-0.156131209757,0.720723511708,-0.0113376026394,0.408446184713,-0.0842719155493,-0.0698123201992,0.906198763181,133
1,1458678829,796000000,-0.159255385853,0.739696960834,-0.0140163393875,0.420339811168,-0.0818075506017,-0.0735514640807,0.900673164885,134
1,1458678829,817000000,-0.165368105235,0.778031423717,-0.0194873899606,0.446537050734,-0.0753310515829,-0.079906760259,0.888000453071,135
1,1458678829,837000000,-0.171412476135,0.816475237744,-0.0251599545907,0.47462358332,-0.0676619185596,-0.0849670664258,0.873461456824,136
1,1458678829,837000000,-0.171412476135,0.816475237744,-0.0251599545907,0.47462358332,-0.0676619185596,-0.0849670664258,0.873461456824,137
1,1458678829,850000000,-0.174259308233,0.835677577041,-0.0279836134344,0.489048473849,-0.0635776195585,-0.0870922513018,0.865565951433,138
1,1458678829,866000000,-0.179571477642,0.87381919184,-0.0334198284804,0.51831072013,-0.0553958887065,-0.0908199135765,0.848549960939,139
1,1458678829,881000000,-0.18494938013,0.91117878217,-0.0369525094735,0.547934115013,-0.0480206160372,-0.0945302915903,0.829774818859,140
1,1458678829,899000000,-0.187721618353,0.929522748408,-0.0378871224077,0.562714269391,-0.0448162139255,-0.0965928439372,0.81976458846,141
1,1458678829,926000000,-0.195396240642,0.983137858493,-0.0399105252919,0.606121397058,-0.0372712337189,-0.104408797949,0.787608094217,142
1,1458678829,947000000,-0.200052715607,1.01749102662,-0.0406767362655,0.635245617832,-0.0328957254408,-0.110640695525,0.763635719939,143
1,1458678829,951000000,-0.200052715607,1.01749102662,-0.0406767362655,0.635245617832,-0.0328957254408,-0.110640695525,0.763635719939,144
1,1458678829,968000000,-0.204368536218,1.05034832064,-0.0410572607713,0.664692523624,-0.0289370554305,-0.117625828624,0.737231754811,145
1,1458678829,979000000,-0.206398617629,1.0661105462,-0.041151680289,0.678883137875,-0.0275773961087,-0.121504673638,0.723597807222,146
1,1458678830,3000000,-0.211963764597,1.11027478624,-0.0413796151183,0.718086858229,-0.0267172398241,-0.135483728902,0.682115541781,147
1,1458678830,15000000,-0.213591882607,1.12388839305,-0.0415406276386,0.729764577299,-0.0276294366561,-0.14129218692,0.668368755902,148
1,1458678830,33000000,-0.216379934742,1.14952928598,-0.0422126987799,0.750519300698,-0.0310218865678,-0.154827931653,0.641706111405,149
1,1458678830,50000000,-0.217553883534,1.16164141614,-0.0427662245638,0.759396363045,-0.0334713464485,-0.162275520924,0.629176833703,150
1,1458678830,70000000,-0.219529979286,1.18466465866,-0.0445770801444,0.773750759798,-0.039087021051,-0.177410619752,0.606883381298,151
1,1458678830,90000000,-0.221152693015,1.20624424743,-0.0476264945491,0.783876183921,-0.0428167114483,-0.190711583077,0.589350447172,152
1,1458678830,95000000,-0.221949870882,1.21657716014,-0.0496829430143,0.787421241646,-0.0439066323956,-0.196073796462,0.582747854717,153
1,1458678830,116000000,-0.223562231541,1.23682261868,-0.0550345462469,0.790994638205,-0.0453968568099,-0.203421157242,0.575227294649,154
1,1458678830,117000000,-0.223562231541,1.23682261868,-0.0550345462469,0.790994638205,-0.0453968568099,-0.203421157242,0.575227294649,155
1,1458678830,137000000,-0.225049994501,1.25710043523,-0.0623752555842,0.78992087451,-0.0442792177764,-0.204359746687,0.576455945256,156
1,1458678830,146000000,-0.22581267133,1.26718679869,-0.06681157465,0.787973012462,-0.0422785078008,-0.20212730764,0.580047938464,157
1,1458678830,163000000,-0.227523497515,1.28657525585,-0.0769647633202,0.782007214294,-0.0363048207493,-0.193342790335,0.591409538483,158
1,1458678830,179000000,-0.228430398823,1.29560533348,-0.0824894719932,0.778419594457,-0.032792641166,-0.18781431709,0.598091431093,159
1,1458678830,198000000,-0.229703639848,1.31217573026,-0.0927919698001,0.772962391465,-0.0272009082378,-0.183799318426,0.606635856605,160
1,1458678830,223000000,-0.229545038754,1.32822158873,-0.0993719783422,0.772193001891,-0.0255666321883,-0.190583355767,0.605592519483,161
1,1458678830,247000000,-0.23306087338,1.35335182428,-0.104890135311,0.774475275086,-0.0199147032155,-0.18171729087,0.605615619907,162
1,1458678830,247000000,-0.23306087338,1.35335182428,-0.104890135311,0.774475275086,-0.0199147032155,-0.18171729087,0.605615619907,163
1,1458678830,268000000,-0.234837236379,1.37079422466,-0.109567241507,0.77453236688,-0.0130172259093,-0.16683729743,0.60999629562,164
1,1458678830,284000000,-0.233472034769,1.3885609792,-0.114385421011,0.772376656723,-0.00520491546878,-0.151261802715,0.616868767279,165
1,1458678830,307000000,-0.229588124914,1.4054855364,-0.11912725113,0.766872348251,-0.00106825305852,-0.146464902699,0.624862939052,166
1,1458678830,310000000,-0.229588124914,1.4054855364,-0.11912725113,0.766872348251,-0.00106825305852,-0.146464902699,0.624862939052,167
1,1458678830,331000000,-0.225882547932,1.42129943095,-0.123729798455,0.755785024809,0.000695787978144,-0.152822609298,0.636736807669,168
1,1458678830,357000000,-0.220918155438,1.44386586571,-0.128789049222,0.743473976882,0.00478420874406,-0.15273117862,0.65107353204,169
1,1458678830,357000000,-0.220918155438,1.44386586571,-0.128789049222,0.743473976882,0.00478420874406,-0.15273117862,0.65107353204,170
1,1458678830,380000000,-0.217711650063,1.45878919942,-0.13190632185,0.736673347944,0.0075546560179,-0.149587360035,0.659453506564,171
1,1458678830,384000000,-0.217711650063,1.45878919942,-0.13190632185,0.736673347944,0.0075546560179,-0.149587360035,0.659453506564,172
1,1458678830,401000000,-0.215078306266,1.47304834484,-0.135624377702,0.729346355061,0.00840913692969,-0.15000769812,0.667443534151,173
1,1458678830,430000000,-0.211097166735,1.49360718711,-0.142045637983,0.717580469645,0.00494216250411,-0.155818564701,0.678803667866,174
1,1458678830,455000000,-0.208125205765,1.5069660274,-0.146219598037,0.710513144355,0.00194734241707,-0.160516215702,0.685129056495,175
1,1458678830,457000000,-0.208125205765,1.5069660274,-0.146219598037,0.710513144355,0.00194734241707,-0.160516215702,0.685129056495,176
1,1458678830,472000000,-0.205128010172,1.52029899845,-0.150163069299,0.704268545544,-3.15378357813e-05,-0.163801397872,0.690778486071,177
1,1458678830,484000000,-0.202340849406,1.53369563154,-0.153995711765,0.69893460623,-4.9077509424e-05,-0.164361229357,0.696042958509,178
1,1458678830,501000000,-0.201094152357,1.54038166983,-0.155853207237,0.69654311208,0.000648754217977,-0.163768285182,0.698575136188,179
1,1458678830,516000000,-0.198839767615,1.55381575409,-0.15943200327,0.692152597626,0.00273359702094,-0.161535163561,0.703437061848,180
1,1458678830,539000000,-0.197792401385,1.56737705175,-0.162812520158,0.687577979005,0.00444885361493,-0.158668695866,0.708548499004,181
1,1458678830,539000000,-0.197792401385,1.56737705175,-0.162812520158,0.687577979005,0.00444885361493,-0.158668695866,0.708548499004,182
1,1458678830,558000000,-0.19683882092,1.58113417403,-0.166119137919,0.682847864462,0.00528490262228,-0.156328666251,0.713619094414,183
1,1458678830,583000000,-0.19569059893,1.59529510449,-0.169398103044,0.677867383018,0.00473526048327,-0.15565312595,0.718502256594,184
1,1458678830,585000000,-0.194973996095,1.60250548156,-0.171069204945,0.675039227658,0.00354260729423,-0.156092278388,0.721071904656,185
1,1458678830,607000000,-0.193231713918,1.61695195925,-0.174470644871,0.668867600656,-0.000719849156413,-0.158854079027,0.726210022091,186
1,1458678830,636000000,-0.191751844547,1.64014198441,-0.178812324319,0.659588415163,-0.010306200786,-0.164530648283,0.733325692025,187
1,1458678830,640000000,-0.191751844547,1.64014198441,-0.178812324319,0.659588415163,-0.010306200786,-0.164530648283,0.733325692025,188
1,1458678830,649000000,-0.19145859082,1.64802574408,-0.180049940924,0.656684816591,-0.0137602290556,-0.166282673841,0.73547656668,189
1,1458678830,671000000,-0.190750105089,1.6636266148,-0.182420772555,0.650935691553,-0.0209743882725,-0.170219555495,0.739505309938,190
1,1458678830,691000000,-0.189872179554,1.67912675492,-0.18472497419,0.645319625321,-0.028699901212,-0.17473089306,0.743106998928,191
1,1458678830,691000000,-0.189872179554,1.67912675492,-0.18472497419,0.645319625321,-0.028699901212,-0.17473089306,0.743106998928,192
1,1458678830,717000000,-0.188532751063,1.70280449016,-0.188341632791,0.637413320192,-0.0388783096795,-0.181662245716,0.74779112375,193
1,1458678830,736000000,-0.1880017437,1.71907348093,-0.190697603688,0.632348284091,-0.0430165436749,-0.18382750448,0.751327274344,194
1,1458678830,738000000,-0.1880017437,1.71907348093,-0.190697603688,0.632348284091,-0.0430165436749,-0.18382750448,0.751327274344,195
1,1458678830,753000000,-0.187835913572,1.72741499995,-0.191905560404,0.629949418114,-0.0444923454419,-0.184596489513,0.753065931957,196
1,1458678830,768000000,-0.18756986456,1.7445098671,-0.194338204208,0.625322523374,-0.0462674745508,-0.184997304471,0.756708041386,197
1,1458678830,788000000,-0.187213862711,1.76202850409,-0.196801763847,0.620525091457,-0.0475923794999,-0.185079904986,0.760545202507,198
1,1458678830,816000000,-0.186596985711,1.77993021727,-0.199497554759,0.615042242344,-0.0493311471096,-0.185700851208,0.764725226417,199
1,1458678830,816000000,-0.186596985711,1.77993021727,-0.199497554759,0.615042242344,-0.0493311471096,-0.185700851208,0.764725226417,200
1,1458678830,842000000,-0.184742724793,1.81713279377,-0.205279267743,0.602258850458,-0.0541888189509,-0.187713935476,0.774022820965,201
1,1458678830,869000000,-0.183837997484,1.83643916796,-0.208074751744,0.596326197189,-0.0556173341833,-0.187873639659,0.778463405823,202
1,1458678830,875000000,-0.183837997484,1.83643916796,-0.208074751744,0.596326197189,-0.0556173341833,-0.187873639659,0.778463405823,203
1,1458678830,886000000,-0.183076243957,1.85599243625,-0.210798479228,0.590951343922,-0.0556121212183,-0.186622480796,0.782851103819,204
1,1458678830,901000000,-0.182720551896,1.86580186675,-0.212146615447,0.588482615587,-0.0551679648479,-0.185559135321,0.784992047161,205
1,1458678830,923000000,-0.181924612426,1.88538848192,-0.214803091538,0.583739693759,-0.0542475735176,-0.183356804694,0.789104209132,206
1,1458678830,943000000,-0.180750748455,1.90499835192,-0.217149177993,0.579155378763,-0.0538537698085,-0.181619075603,0.792901841406,207
1,1458678830,976000000,-0.17797540142,1.93428869473,-0.220127178015,0.571611522209,-0.0570001762564,-0.182168773831,0.798013649899,208
1,1458678830,984000000,-0.176785261642,1.94404055142,-0.221070550332,0.568793120905,-0.0594473473691,-0.183633706406,0.799511763749,209
1,1458678831,6000000,-0.174192847619,1.9637056702,-0.222939589933,0.562902475817,-0.0650883292163,-0.187041966706,0.802446019873,210
1,1458678831,8000000,-0.172868676695,1.97367474788,-0.223891417133,0.559810488543,-0.0681224544774,-0.188799534725,0.803944204408,211
1,1458678831,29000000,-0.170295299329,1.99402774527,-0.225850907379,0.553389873492,-0.074199667215,-0.192260489066,0.807025378564,212
1,1458678831,29000000,-0.170295299329,1.99402774527,-0.225850907379,0.553389873492,-0.074199667215,-0.192260489066,0.807025378564,213
1,1458678831,52000000,-0.166911732683,2.015873664,-0.227063488095,0.546508068539,-0.0789770257682,-0.195329979519,0.810516970534,214
1,1458678831,73000000,-0.164045563664,2.03829447875,-0.228289960194,0.540080611184,-0.082992377729,-0.196826837775,0.814054294623,215
1,1458678831,73000000,-0.164045563664,2.03829447875,-0.228289960194,0.540080611184,-0.082992377729,-0.196826837775,0.814054294623,216
1,1458678831,92000000,-0.161596739742,2.06122196766,-0.229253764958,0.533824356952,-0.0876427362994,-0.197745542121,0.817463765111,217
1,1458678831,112000000,-0.159417769238,2.08464702976,-0.22971654297,0.527302772912,-0.093301150612,-0.199203405005,0.820709866158,218
1,1458678831,133000000,-0.155326737763,2.11985504265,-0.228924800489,0.517523815725,-0.104028819153,-0.202439924735,0.824842519404,219
1,1458678831,134000000,-0.155326737763,2.11985504265,-0.228924800489,0.517523815725,-0.104028819153,-0.202439924735,0.824842519404,220
1,1458678831,153000000,-0.15335351313,2.13117428599,-0.228083733106,0.514175876575,-0.108120180342,-0.204132643097,0.825992166169,221
1,1458678831,177000000,-0.146345550436,2.16608574163,-0.225244127224,0.502296671233,-0.121672861746,-0.21011780571,0.829906185364,222
1,1458678831,180000000,-0.146345550436,2.16608574163,-0.225244127224,0.502296671233,-0.121672861746,-0.21011780571,0.829906185364,223
1,1458678831,198000000,-0.140862177084,2.1903003598,-0.223308375442,0.494135811734,-0.130149620272,-0.213610393572,0.832623249533,224
1,1458678831,216000000,-0.13795954895,2.20272983532,-0.222408690714,0.490126128378,-0.133849253572,-0.215085312006,0.834025817441,225
1,1458678831,230000000,-0.132031817664,2.22827536825,-0.220695989458,0.482345775575,-0.139499996084,-0.21686815587,0.837168147296,226
1,1458678831,258000000,-0.125759512686,2.25153199807,-0.217899881807,0.476344936383,-0.142233280702,-0.216951176426,0.840117481362,227
1,1458678831,264000000,-0.122577616576,2.2634099726,-0.216344781382,0.473789765928,-0.142830292197,-0.216463224196,0.841585668785,228
1,1458678831,282000000,-0.116037732593,2.28742314562,-0.213056569212,0.468532276729,-0.143751072778,-0.215460813168,0.844624042239,229
1,1458678831,316000000,-0.10200548803,2.3350549913,-0.206216849713,0.458989087858,-0.149638079432,-0.217680656419,0.848264460079,230
1,1458678831,316000000,-0.10200548803,2.3350549913,-0.206216849713,0.458989087858,-0.149638079432,-0.217680656419,0.848264460079,231
1,1458678831,316000000,-0.10200548803,2.3350549913,-0.206216849713,0.458989087858,-0.149638079432,-0.217680656419,0.848264460079,232
1,1458678831,337000000,-0.0946107642309,2.35668413029,-0.203129531285,0.454377721344,-0.156267572521,-0.22193647118,0.848448899395,233
1,1458678831,355000000,-0.0909342239225,2.36650454166,-0.201761274661,0.45221091234,-0.160651761952,-0.224964185147,0.847990222552,234
1,1458678831,371000000,-0.0835357676139,2.3856491011,-0.198999611781,0.447698976569,-0.170834951317,-0.232625199907,0.846325328793,235
1,1458678831,387000000,-0.0763491631264,2.40413858698,-0.196127632581,0.442394056027,-0.182324077224,-0.242052186779,0.844071187123,236
1,1458678831,406000000,-0.069591163683,2.42197595292,-0.193145878726,0.437471633473,-0.195430308254,-0.253024410284,0.840478561489,237
1,1458678831,444000000,-0.060476901968,2.44755169903,-0.188372968544,0.430182906252,-0.219514252694,-0.273658937879,0.831785396453,238
1,1458678831,444000000,-0.060476901968,2.44755169903,-0.188372968544,0.430182906252,-0.219514252694,-0.273658937879,0.831785396453,239
1,1458678831,472000000,-0.0533929442289,2.46793160302,-0.183745269088,0.423479893024,-0.248035511978,-0.298823388181,0.818442268995,240
1,1458678831,474000000,-0.0514378839771,2.474475035,-0.182142368828,0.419944397437,-0.258576348964,-0.308101560746,0.813546804483,241
1,1458678831,500000000,-0.0479222398062,2.48734404688,-0.179026999027,0.412562864128,-0.280752205925,-0.326839224045,0.802587193791,242
1,1458678831,500000000,-0.0479222398062,2.48734404688,-0.179026999027,0.412562864128,-0.280752205925,-0.326839224045,0.802587193791,243
1,1458678831,519000000,-0.0447922991902,2.50010371321,-0.17622299618,0.404886599171,-0.303926924022,-0.345380347758,0.790194711479,244
1,1458678831,540000000,-0.0423299614595,2.51153677955,-0.173618820296,0.398692919814,-0.327558835167,-0.36405877057,0.775377570455,245
1,1458678831,540000000,-0.0423299614595,2.51153677955,-0.173618820296,0.398692919814,-0.327558835167,-0.36405877057,0.775377570455,246
1,1458678831,554000000,-0.0413698968308,2.51662620287,-0.172352720027,0.396231008842,-0.339366330168,-0.373463010784,0.767044236766,247
1,1458678831,575000000,-0.038555128593,2.53236253507,-0.169149469295,0.386755716879,-0.374468441168,-0.40120053592,0.741101566594,248
1,1458678831,598000000,-0.0364262302549,2.54329931463,-0.167533185532,0.381566390349,-0.397868583102,-0.41838334962,0.721846973463,249
1,1458678831,629000000,-0.032749718303,2.55962905857,-0.165648571046,0.374631246946,-0.432570941265,-0.441250250383,0.691253951975,250
1,1458678831,632000000,-0.032749718303,2.55962905857,-0.165648571046,0.374631246946,-0.432570941265,-0.441250250383,0.691253951975,251
1,1458678831,646000000,-0.0301457961792,2.56999743777,-0.164396492283,0.368289087824,-0.454659068607,-0.455149050669,0.671183745928,252
1,1458678831,650000000,-0.0301457961792,2.56999743777,-0.164396492283,0.368289087824,-0.454659068607,-0.455149050669,0.671183745928,253
1,1458678831,669000000,-0.0271147986666,2.58049820552,-0.163262092336,0.36108576302,-0.475888265647,-0.468423442483,0.650943091903,254
1,1458678831,683000000,-0.0254247199615,2.58580325318,-0.162735810836,0.3573383349,-0.486082264677,-0.474845849584,0.640745476387,255
1,1458678831,699000000,-0.0216468708092,2.59659219986,-0.161770943131,0.350192657292,-0.505309577744,-0.486985866057,0.620380608723,256
1,1458678831,714000000,-0.0195478105926,2.60211223165,-0.16135269937,0.347015387755,-0.51407770439,-0.492428587745,0.610588667175,257
1,1458678831,735000000,-0.0829958748967,2.11612126392,-0.0141260150898,0.341363237243,-0.529777898722,-0.503129816823,0.591326395241,258
1,1458678831,749000000,-0.0772567458255,2.12852107417,-0.014187701325,0.337364914931,-0.542857344202,-0.509728890856,0.575905613661,259
1,1458678831,773000000,-0.0708974887433,2.14115665719,-0.0147444281663,0.334489587174,-0.553605600305,-0.514400801449,0.563053612768,260
1,1458678831,775000000,-0.0708974887433,2.14115665719,-0.0147444281663,0.334489587174,-0.553605600305,-0.514400801449,0.563053612768,261
1,1458678831,800000000,-0.0604967687353,2.15993840657,-0.016791120247,0.330990899578,-0.566765327737,-0.520005508287,0.546640978177,262
1,1458678831,809000000,-0.0604967687353,2.15993840657,-0.016791120247,0.330990899578,-0.566765327737,-0.520005508287,0.546640978177,263
1,1458678831,829000000,-0.0536747729191,2.17128713606,-0.0190167307135,0.328585313625,-0.574787249882,-0.523711539324,0.536076051155,264
1,1458678831,840000000,-0.0472547479275,2.18153048157,-0.0218883434527,0.325370263215,-0.583081148891,-0.527827324862,0.524927500472,265
1,1458678831,870000000,-0.0376959947153,2.1964824081,-0.0275117825486,0.314544287405,-0.597222040808,-0.537982743777,0.50493790968,266
1,1458678831,873000000,-0.0376959947153,2.1964824081,-0.0275117825486,0.314544287405,-0.597222040808,-0.537982743777,0.50493790968,267
1,1458678831,884000000,-0.0345815737348,2.20142343159,-0.0297322840161,0.309649242278,-0.602270851119,-0.542105814825,0.497502215253,268
1,1458678831,915000000,-0.0253878905362,2.2161656393,-0.0371589908374,0.291191535735,-0.618601335097,-0.556255105517,0.47235594134,269
1,1458678831,951000000,-0.0136990142705,2.23606468572,-0.0491736200295,0.257882495691,-0.641999938547,-0.579495323133,0.430717851719,270
1,1458678831,925000000,-0.0253878905362,2.2161656393,-0.0371589908374,0.291191535735,-0.618601335097,-0.556255105517,0.47235594134,271
1,1458678831,935000000,-0.0194441522879,2.2260585435,-0.0428266703003,0.275710031371,-0.630183214867,-0.567248198846,0.452860436788,272
1,1458678831,969000000,-0.00799132701367,2.24613254061,-0.0561603659812,0.238087266676,-0.653026669712,-0.592889280725,0.406636106232,273
1,1458678831,982000000,-0.00509167961385,2.25127511615,-0.0599263622291,0.227734495308,-0.657895475774,-0.599819006112,0.394370007112,274
1,1458678832,3000000,0.000924798446908,2.26201158633,-0.0681167072273,0.207000969068,-0.665126178277,-0.613674649044,0.371700404758,275
1,1458678832,7000000,0.000924798446908,2.26201158633,-0.0681167072273,0.207000969068,-0.665126178277,-0.613674649044,0.371700404758,276
1,1458678832,35000000,0.0115898917801,2.2812168701,-0.0822757943928,0.180885371312,-0.669748198293,-0.634796572533,0.340222199201,277
1,1458678832,35000000,0.0115898917801,2.2812168701,-0.0822757943928,0.180885371312,-0.669748198293,-0.634796572533,0.340222199201,278
1,1458678832,48000000,0.0214906299228,2.29773569825,-0.0927773906951,0.170180830924,-0.670591695763,-0.64704781008,0.320428453529,279
1,1458678832,71000000,0.0335558380935,2.31577105553,-0.103103486414,0.167077495897,-0.669910994327,-0.654637500174,0.30782156099,280
1,1458678832,83000000,0.0402963954377,2.32510415749,-0.108128145325,0.168007450302,-0.668740877413,-0.657104455561,0.304586391688,281
1,1458678832,101000000,0.0548523078612,2.34170174685,-0.115401982507,0.173919342425,-0.665997978772,-0.658573215457,0.304105367406,282
1,1458678832,119000000,0.0703094062591,2.35601785421,-0.119596590785,0.184835736094,-0.659932906109,-0.659484893451,0.308875355778,283
1,1458678832,134000000,0.077899781582,2.36282962296,-0.121003729236,0.191106895477,-0.657092218379,-0.660363725711,0.309237321184,284
1,1458678832,150000000,0.0925130633252,2.37573662048,-0.123807250856,0.201855067539,-0.653241877489,-0.662238390663,0.306545094782,285
1,1458678832,168000000,0.10856750255,2.38699987287,-0.128943449214,0.211102104557,-0.64586934684,-0.668134566262,0.303125204544,286
1,1458678832,181000000,0.117679384275,2.39225944863,-0.132634189701,0.215543642137,-0.640299047509,-0.672212120709,0.302801804594,287
1,1458678832,208000000,0.148459067878,2.40942666315,-0.144827959533,0.229955192367,-0.622167758488,-0.683179618101,0.30543984549,288
1,1458678832,208000000,0.148459067878,2.40942666315,-0.144827959533,0.229955192367,-0.622167758488,-0.683179618101,0.30543984549,289
1,1458678832,235000000,0.170174392601,2.42227009989,-0.151598729448,0.237483676172,-0.612515446426,-0.68893978512,0.306248761499,290
1,1458678832,240000000,0.170174392601,2.42227009989,-0.151598729448,0.237483676172,-0.612515446426,-0.68893978512,0.306248761499,291
1,1458678832,273000000,0.209886391674,2.45023970959,-0.161680985689,0.244057142479,-0.601204488462,-0.69927997112,0.299994660366,292
1,1458678832,283000000,0.219242777213,2.45768477542,-0.163924422188,0.243096200861,-0.600223755107,-0.702274815711,0.295712299627,293
1,1458678832,259000000,0.190406556396,2.43584678258,-0.156719864594,0.242543427746,-0.605612456042,-0.693903179033,0.304802586722,294
1,1458678832,311000000,0.24608957968,2.48073009278,-0.169504103228,0.234755682408,-0.601599512043,-0.711567308846,0.276838873116,295
1,1458678832,338000000,0.272492428464,2.50151013234,-0.174705388374,0.219844949581,-0.605001481491,-0.722340859176,0.25271543028,296
1,1458678832,345000000,0.272492428464,2.50151013234,-0.174705388374,0.219844949581,-0.605001481491,-0.722340859176,0.25271543028,297
1,1458678832,370000000,0.290979065934,2.51454484092,-0.178388240318,0.208663461305,-0.606680346988,-0.729630613046,0.236722802028,298
1,1458678832,373000000,0.300673510882,2.52112463326,-0.180291468904,0.203364397739,-0.607177147082,-0.73305808919,0.229357083316,299
1,1458678832,383000000,0.310710153165,2.52775667342,-0.182229115255,0.198462289614,-0.607431824554,-0.736305484362,0.222471417979,300
1,1458678832,404000000,0.331990711711,2.54249026852,-0.186299782246,0.190213944096,-0.60730061481,-0.742064673875,0.210581667082,301
1,1458678832,417000000,0.354795305502,2.55945767008,-0.190664958202,0.184141898509,-0.606510015916,-0.746893883396,0.200964894329,302
2,1458678832,435000000,0.0,0.0,0.0,-0.0797399667325,-0.0797399667325,0.702596283584,0.702596283584,303
2,1458678832,448000000,0.0,0.0,0.0,-0.0797399667325,-0.0797399667325,0.702596283584,0.702596283584,304
2,1458678832,470000000,0.0,0.0,0.0,-0.0797399667325,-0.0797399667325,0.702596283584,0.702596283584,305
2,1458678832,471000000,0.0,0.0,0.0,-0.0797399667325,-0.0797399667325,0.702596283584,0.702596283584,306
2,1458678832,483000000,0.0,0.0,0.0,-0.0797399667325,-0.0797399667325,0.702596283584,0.702596283584,307
2,1458678832,506000000,0.0,0.0,0.0,-0.0797399667325,-0.0797399667325,0.702596283584,0.702596283584,308
2,1458678832,519000000,0.0,0.0,0.0,-0.0797399667325,-0.0797399667325,0.702596283584,0.702596283584,309
2,1458678832,533000000,0.0,0.0,0.0,-0.0797399667325,-0.0797399667325,0.702596283584,0.702596283584,310
2,1458678832,550000000,0.0,0.0,0.0,-0.0797399667325,-0.0797399667325,0.702596283584,0.702596283584,311
2,1458678832,564000000,0.0,0.0,0.0,-0.0797399667325,-0.0797399667325,0.702596283584,0.702596283584,312
2,1458678832,581000000,0.0,0.0,0.0,-0.0797399667325,-0.0797399667325,0.702596283584,0.702596283584,313
2,1458678832,597000000,0.0,0.0,0.0,-0.0797399667325,-0.0797399667325,0.702596283584,0.702596283584,314
2,1458678832,618000000,0.0,0.0,0.0,-0.0797399667325,-0.0797399667325,0.702596283584,0.702596283584,315
0,1458678832,635000000,0.0,0.0,0.0,-0.0797399667325,-0.0797399667325,0.702596283584,0.702596283584,316
0,1458678832,650000000,0.0,0.0,0.0,-0.0797399667325,-0.0797399667325,0.702596283584,0.702596283584,317
0,1458678832,669000000,0.0,0.0,0.0,-0.0797399667325,-0.0797399667325,0.702596283584,0.702596283584,318
0,1458678832,682000000,0.0,0.0,0.0,-0.0797399667325,-0.0797399667325,0.702596283584,0.702596283584,319
0,1458678832,701000000,0.0,0.0,0.0,-0.0797399667325,-0.0797399667325,0.702596283584,0.702596283584,320
0,1458678832,717000000,0.0,0.0,0.0,-0.0797399667325,-0.0797399667325,0.702596283584,0.702596283584,321
0,1458678832,737000000,0.0,0.0,0.0,-0.0797399667325,-0.0797399667325,0.702596283584,0.702596283584,322
0,1458678832,742000000,0.0,0.0,0.0,-0.0797399667325,-0.0797399667325,0.702596283584,0.702596283584,323
0,1458678832,756000000,0.0,0.0,0.0,-0.0797399667325,-0.0797399667325,0.702596283584,0.702596283584,324
0,1458678832,769000000,0.0,0.0,0.0,-0.0797399667325,-0.0797399667325,0.702596283584,0.702596283584,325
