1,1445363359,387000000,3.19093524125,-1.34767737143,-0.894746591269,-0.0627061737509,0.122658595967,-0.892209088148,0.430099694996,0
1,1445363360,802000000,3.74013245015,-1.01983896537,-1.15351282895,-0.065758858735,0.117693692553,-0.893099991689,0.429181048134,122
1,1445363361,393000000,4.5802759948,-1.25282335411,-1.01418146817,-0.0654386736907,0.116983073649,-0.894060102683,0.427421657447,181
1,1445363362,198000000,4.70911556551,-1.12194102419,-1.13569734467,-0.0636947211214,0.121074288003,-0.895381167199,0.423764751614,248
1,1445363362,994000000,5.69387045111,-1.45666911012,-1.37666538817,-0.0628094148968,0.121349444736,-0.896014666705,0.422477226265,318
1,1445363364,190000000,5.69462452789,-1.57769762206,-1.32909244964,-0.0620986776277,0.120397488931,-0.896807426796,0.421170557067,426
1,1445363365,394000000,6.82607982245,-2.12384702427,-0.867394300667,-0.0624761726336,0.120160507675,-0.897159103986,0.420432779863,524
1,1445363366,895000000,7.02343503302,-1.86211545996,-0.755840932238,-0.061826044826,0.119857945838,-0.897406570856,0.420086966693,666
1,1445363367,807000000,6.51193834696,-2.56690902167,-0.88495085222,-0.0565011412195,0.114881601169,-0.905819006855,0.403858596014,745
1,1445363370,294000000,9.71380663973,-2.28215958661,0.0950454445864,-0.0535799075622,0.113215468899,-0.905917678057,0.404505391425,955
1,1445363371,705000000,9.81615426966,-1.90197395753,-0.113183204481,-0.0505086769618,0.112107140575,-0.907174870856,0.40238615318,1074
1,1445363372,903000000,10.4258479069,-1.40372689391,-0.153915188096,-0.0507714069316,0.114265081392,-0.90568580144,0.405091328571,1173
