1,1445361814,847000000,2.98455731971,-0.805425742746,-0.366586812765,-0.0443741052045,0.112994538072,-0.902796981862,0.412578214033,0
1,1445361816,962000000,2.69840478225,-0.709779105372,-0.434148867957,-0.0457941778232,0.108973145929,-0.9038379329,0.411223464548,185
1,1445361819,953000000,3.10912583748,-0.783293357602,-0.46455431293,-0.05098643455,0.117875063912,-0.902041945919,0.412099721671,464
1,1445361821,452000000,3.07741957102,-0.889155695298,-0.484801197575,-0.0505889062617,0.11557864498,-0.90261981415,0.411533486477,599
1,1445361822,381000000,2.72722723434,-0.969436566925,-0.741599667215,-0.0545448224684,0.0984127231976,-0.894394150973,0.432895947037,678
1,1445361824,759000000,3.17707584679,-0.687189175414,-0.964508609604,-0.0510374279119,0.104190434585,-0.906432330488,0.40610339144,881
1,1445361827,751000000,3.50162484033,-0.647783863878,-0.813137165967,-0.0458370245028,0.113197104203,-0.908516489584,0.399603767422,1151
1,1445361830,444000000,3.20515381765,-0.335053786327,-0.556946022445,-0.0478846100648,0.110698847473,-0.907138194349,0.403178776277,1384
1,1445361831,451000000,3.18361901146,-0.427606839576,-0.538720074916,-0.0479731946245,0.110733085216,-0.906863977727,0.403775286931,1474
1,1445361832,346000000,3.18031348351,-0.407476681061,-0.541338703363,-0.0480483041707,0.110755265975,-0.906829363946,0.403838007387,1557
1,1445361837,45000000,3.39476225807,-0.305990048843,-0.313474574227,-0.0504329896148,0.112650473074,-0.909068670541,0.397945394138,1975
1,1445361840,692000000,3.71078561216,-0.562988946107,-0.403630013118,-0.0500309352127,0.113554605113,-0.908487990337,0.399063689896,2284
1,1445361841,788000000,3.74899689852,0.0706254383685,-0.804186832516,-0.0546999530754,0.104441129858,-0.906763526702,0.40482079019,2386
