1,1455136684,653000000,1.69659632826,-1.09813846071,-0.610142469939,0.591867764761,0.31451726217,0.389682725666,0.631600201197,0
1,1455136684,669000000,1.69659632826,-1.09813846071,-0.610142469939,0.591867764761,0.31451726217,0.389682725666,0.631600201197,1
1,1455136684,684000000,1.69659632826,-1.09813846071,-0.610142469939,0.591867764761,0.31451726217,0.389682725666,0.631600201197,2
1,1455136684,699000000,1.69659632826,-1.09813846071,-0.610142469939,0.591867764761,0.31451726217,0.389682725666,0.631600201197,3
1,1455136684,714000000,1.69659632826,-1.09813846071,-0.610142469939,0.591867764761,0.31451726217,0.389682725666,0.631600201197,4
1,1455136684,729000000,1.69659632826,-1.09813846071,-0.610142469939,0.591867764761,0.31451726217,0.389682725666,0.631600201197,5
1,1455136684,745000000,1.69659632826,-1.09813846071,-0.610142469939,0.591867764761,0.31451726217,0.389682725666,0.631600201197,6
1,1455136684,759000000,1.69659632826,-1.09813846071,-0.610142469939,0.591867764761,0.31451726217,0.389682725666,0.631600201197,7
1,1455136684,775000000,1.69659632826,-1.09813846071,-0.610142469939,0.591867764761,0.31451726217,0.389682725666,0.631600201197,8
1,1455136684,790000000,1.69659632826,-1.09813846071,-0.610142469939,0.591867764761,0.31451726217,0.389682725666,0.631600201197,9
1,1455136684,805000000,1.69659632826,-1.09813846071,-0.610142469939,0.591867764761,0.31451726217,0.389682725666,0.631600201197,10
1,1455136684,820000000,1.69659632826,-1.09813846071,-0.610142469939,0.591867764761,0.31451726217,0.389682725666,0.631600201197,11
1,1455136684,835000000,1.69659632826,-1.09813846071,-0.610142469939,0.591867764761,0.31451726217,0.389682725666,0.631600201197,12
1,1455136684,850000000,1.69659632826,-1.09813846071,-0.610142469939,0.591867764761,0.31451726217,0.389682725666,0.631600201197,13
1,1455136684,866000000,1.69659632826,-1.09813846071,-0.610142469939,0.591867764761,0.31451726217,0.389682725666,0.631600201197,14
1,1455136684,881000000,1.69659632826,-1.09813846071,-0.610142469939,0.591867764761,0.31451726217,0.389682725666,0.631600201197,15
1,1455136684,896000000,1.69659632826,-1.09813846071,-0.610142469939,0.591867764761,0.31451726217,0.389682725666,0.631600201197,16
1,1455136684,911000000,1.69659632826,-1.09813846071,-0.610142469939,0.591867764761,0.31451726217,0.389682725666,0.631600201197,17
1,1455136684,926000000,1.69659632826,-1.09813846071,-0.610142469939,0.591867764761,0.31451726217,0.389682725666,0.631600201197,18
1,1455136684,942000000,1.69659632826,-1.09813846071,-0.610142469939,0.591867764761,0.31451726217,0.389682725666,0.631600201197,19
1,1455136684,957000000,1.69659632826,-1.09813846071,-0.610142469939,0.591867764761,0.31451726217,0.389682725666,0.631600201197,20
1,1455136684,972000000,1.69659632826,-1.09813846071,-0.610142469939,0.591867764761,0.31451726217,0.389682725666,0.631600201197,21
1,1455136684,987000000,1.69659632826,-1.09813846071,-0.610142469939,0.591867764761,0.31451726217,0.389682725666,0.631600201197,22
1,1455136685,3000000,1.69659632826,-1.09813846071,-0.610142469939,0.591867764761,0.31451726217,0.389682725666,0.631600201197,23
1,1455136685,18000000,1.69659632826,-1.09813846071,-0.610142469939,0.591867764761,0.31451726217,0.389682725666,0.631600201197,24
1,1455136685,33000000,1.69659632826,-1.09813846071,-0.610142469939,0.591867764761,0.31451726217,0.389682725666,0.631600201197,25
1,1455136685,49000000,1.69659632826,-1.09813846071,-0.610142469939,0.591867764761,0.31451726217,0.389682725666,0.631600201197,26
1,1455136685,64000000,1.69659632826,-1.09813846071,-0.610142469939,0.591867764761,0.31451726217,0.389682725666,0.631600201197,27
1,1455136685,79000000,1.69659632826,-1.09813846071,-0.610142469939,0.591867764761,0.31451726217,0.389682725666,0.631600201197,28
1,1455136685,94000000,1.69659632826,-1.09813846071,-0.610142469939,0.591867764761,0.31451726217,0.389682725666,0.631600201197,29
1,1455136685,109000000,1.69659632826,-1.09813846071,-0.610142469939,0.591867764761,0.31451726217,0.389682725666,0.631600201197,30
1,1455136685,124000000,1.69659632826,-1.09813846071,-0.610142469939,0.591867764761,0.31451726217,0.389682725666,0.631600201197,31
1,1455136685,139000000,1.69659632826,-1.09813846071,-0.610142469939,0.591867764761,0.31451726217,0.389682725666,0.631600201197,32
1,1455136685,155000000,1.69659632826,-1.09813846071,-0.610142469939,0.591867764761,0.31451726217,0.389682725666,0.631600201197,33
1,1455136685,170000000,1.69659632826,-1.09813846071,-0.610142469939,0.591867764761,0.31451726217,0.389682725666,0.631600201197,34
1,1455136685,185000000,1.69659632826,-1.09813846071,-0.610142469939,0.591867764761,0.31451726217,0.389682725666,0.631600201197,35
1,1455136685,200000000,1.69659632826,-1.09813846071,-0.610142469939,0.591867764761,0.31451726217,0.389682725666,0.631600201197,36
1,1455136685,215000000,1.69659632826,-1.09813846071,-0.610142469939,0.591867764761,0.31451726217,0.389682725666,0.631600201197,37
1,1455136685,230000000,1.69659632826,-1.09813846071,-0.610142469939,0.591867764761,0.31451726217,0.389682725666,0.631600201197,38
1,1455136685,247000000,1.69659632826,-1.09813846071,-0.610142469939,0.591867764761,0.31451726217,0.389682725666,0.631600201197,39
1,1455136685,262000000,1.69659632826,-1.09813846071,-0.610142469939,0.591867764761,0.31451726217,0.389682725666,0.631600201197,40
1,1455136685,277000000,1.69659632826,-1.09813846071,-0.610142469939,0.591867764761,0.31451726217,0.389682725666,0.631600201197,41
1,1455136685,292000000,1.69659632826,-1.09813846071,-0.610142469939,0.591867764761,0.31451726217,0.389682725666,0.631600201197,42
1,1455136685,307000000,1.69659632826,-1.09813846071,-0.610142469939,0.591867764761,0.31451726217,0.389682725666,0.631600201197,43
1,1455136685,323000000,1.69659632826,-1.09813846071,-0.610142469939,0.591867764761,0.31451726217,0.389682725666,0.631600201197,44
1,1455136685,338000000,1.69659632826,-1.09813846071,-0.610142469939,0.591867764761,0.31451726217,0.389682725666,0.631600201197,45
1,1455136685,354000000,1.69659632826,-1.09813846071,-0.610142469939,0.591867764761,0.31451726217,0.389682725666,0.631600201197,46
1,1455136685,369000000,1.69659632826,-1.09813846071,-0.610142469939,0.591867764761,0.31451726217,0.389682725666,0.631600201197,47
1,1455136685,384000000,1.69659632826,-1.09813846071,-0.610142469939,0.591867764761,0.31451726217,0.389682725666,0.631600201197,48
1,1455136685,400000000,1.69659632826,-1.09813846071,-0.610142469939,0.591867764761,0.31451726217,0.389682725666,0.631600201197,49
1,1455136685,415000000,1.69659632826,-1.09813846071,-0.610142469939,0.591867764761,0.31451726217,0.389682725666,0.631600201197,50
1,1455136685,430000000,1.69659632826,-1.09813846071,-0.610142469939,0.591867764761,0.31451726217,0.389682725666,0.631600201197,51
1,1455136685,445000000,1.69659632826,-1.09813846071,-0.610142469939,0.591867764761,0.31451726217,0.389682725666,0.631600201197,52
1,1455136685,461000000,1.69659632826,-1.09813846071,-0.610142469939,0.591867764761,0.31451726217,0.389682725666,0.631600201197,53
1,1455136685,478000000,1.69659632826,-1.09813846071,-0.610142469939,0.591867764761,0.31451726217,0.389682725666,0.631600201197,54
1,1455136685,493000000,1.69659632826,-1.09813846071,-0.610142469939,0.591867764761,0.31451726217,0.389682725666,0.631600201197,55
1,1455136685,510000000,1.69659632826,-1.09813846071,-0.610142469939,0.591867764761,0.31451726217,0.389682725666,0.631600201197,56
1,1455136685,525000000,1.69659632826,-1.09813846071,-0.610142469939,0.591867764761,0.31451726217,0.389682725666,0.631600201197,57
1,1455136685,542000000,1.69659632826,-1.09813846071,-0.610142469939,0.591867764761,0.31451726217,0.389682725666,0.631600201197,58
1,1455136685,556000000,1.69659632826,-1.09813846071,-0.610142469939,0.591867764761,0.31451726217,0.389682725666,0.631600201197,59
1,1455136685,571000000,1.69659632826,-1.09813846071,-0.610142469939,0.591867764761,0.31451726217,0.389682725666,0.631600201197,60
1,1455136685,585000000,1.69659632826,-1.09813846071,-0.610142469939,0.591867764761,0.31451726217,0.389682725666,0.631600201197,61
1,1455136685,601000000,1.69659632826,-1.09813846071,-0.610142469939,0.591867764761,0.31451726217,0.389682725666,0.631600201197,62
1,1455136685,616000000,1.69659632826,-1.09813846071,-0.610142469939,0.591867764761,0.31451726217,0.389682725666,0.631600201197,63
1,1455136685,633000000,1.69659632826,-1.09813846071,-0.610142469939,0.591867764761,0.31451726217,0.389682725666,0.631600201197,64
1,1455136685,648000000,1.69659632826,-1.09813846071,-0.610142469939,0.591867764761,0.31451726217,0.389682725666,0.631600201197,65
1,1455136685,664000000,1.69659632826,-1.09813846071,-0.610142469939,0.591867764761,0.31451726217,0.389682725666,0.631600201197,66
1,1455136685,679000000,1.69659632826,-1.09813846071,-0.610142469939,0.591867764761,0.31451726217,0.389682725666,0.631600201197,67
1,1455136685,694000000,1.69659632826,-1.09813846071,-0.610142469939,0.591867764761,0.31451726217,0.389682725666,0.631600201197,68
1,1455136685,709000000,1.69659632826,-1.09813846071,-0.610142469939,0.591867764761,0.31451726217,0.389682725666,0.631600201197,69
1,1455136685,724000000,1.69659632826,-1.09813846071,-0.610142469939,0.591867764761,0.31451726217,0.389682725666,0.631600201197,70
1,1455136685,739000000,1.69659632826,-1.09813846071,-0.610142469939,0.591867764761,0.31451726217,0.389682725666,0.631600201197,71
1,1455136685,755000000,1.69659632826,-1.09813846071,-0.610142469939,0.591867764761,0.31451726217,0.389682725666,0.631600201197,72
1,1455136685,770000000,1.69659632826,-1.09813846071,-0.610142469939,0.591867764761,0.31451726217,0.389682725666,0.631600201197,73
1,1455136685,785000000,1.69659632826,-1.09813846071,-0.610142469939,0.591867764761,0.31451726217,0.389682725666,0.631600201197,74
1,1455136685,800000000,1.69659632826,-1.09813846071,-0.610142469939,0.591867764761,0.31451726217,0.389682725666,0.631600201197,75
1,1455136685,815000000,1.69659632826,-1.09813846071,-0.610142469939,0.591867764761,0.31451726217,0.389682725666,0.631600201197,76
1,1455136685,831000000,1.69659632826,-1.09813846071,-0.610142469939,0.591867764761,0.31451726217,0.389682725666,0.631600201197,77
1,1455136685,846000000,1.69659632826,-1.09813846071,-0.610142469939,0.591867764761,0.31451726217,0.389682725666,0.631600201197,78
1,1455136685,861000000,1.69659632826,-1.09813846071,-0.610142469939,0.591867764761,0.31451726217,0.389682725666,0.631600201197,79
1,1455136685,876000000,1.69659632826,-1.09813846071,-0.610142469939,0.591867764761,0.31451726217,0.389682725666,0.631600201197,80
1,1455136685,891000000,1.69659632826,-1.09813846071,-0.610142469939,0.591867764761,0.31451726217,0.389682725666,0.631600201197,81
1,1455136685,906000000,1.69659632826,-1.09813846071,-0.610142469939,0.591867764761,0.31451726217,0.389682725666,0.631600201197,82
1,1455136685,922000000,1.69659632826,-1.09813846071,-0.610142469939,0.591867764761,0.31451726217,0.389682725666,0.631600201197,83
1,1455136685,937000000,1.69659632826,-1.09813846071,-0.610142469939,0.591867764761,0.31451726217,0.389682725666,0.631600201197,84
1,1455136685,952000000,1.69659632826,-1.09813846071,-0.610142469939,0.591867764761,0.31451726217,0.389682725666,0.631600201197,85
1,1455136685,967000000,1.69659632826,-1.09813846071,-0.610142469939,0.591867764761,0.31451726217,0.389682725666,0.631600201197,86
1,1455136685,982000000,1.69659632826,-1.09813846071,-0.610142469939,0.591867764761,0.31451726217,0.389682725666,0.631600201197,87
1,1455136685,998000000,1.69659632826,-1.09813846071,-0.610142469939,0.591867764761,0.31451726217,0.389682725666,0.631600201197,88
1,1455136686,12000000,1.69659632826,-1.09813846071,-0.610142469939,0.591867764761,0.31451726217,0.389682725666,0.631600201197,89
1,1455136686,27000000,1.69659632826,-1.09813846071,-0.610142469939,0.591867764761,0.31451726217,0.389682725666,0.631600201197,90
1,1455136686,43000000,1.69659632826,-1.09813846071,-0.610142469939,0.591867764761,0.31451726217,0.389682725666,0.631600201197,91
1,1455136686,58000000,1.69659632826,-1.09813846071,-0.610142469939,0.591867764761,0.31451726217,0.389682725666,0.631600201197,92
1,1455136686,74000000,1.69659632826,-1.09813846071,-0.610142469939,0.591867764761,0.31451726217,0.389682725666,0.631600201197,93
