1,1455136684,654000000,1.34753722401,2.09702479857,-0.00900821706374,0.340517035414,-0.574985922363,-0.635420950274,0.386884418955,0
1,1455136684,669000000,1.34753722401,2.09702479857,-0.00900821706374,0.340517035414,-0.574985922363,-0.635420950274,0.386884418955,1
1,1455136684,685000000,1.34753722401,2.09702479857,-0.00900821706374,0.340517035414,-0.574985922363,-0.635420950274,0.386884418955,2
1,1455136684,700000000,1.34753722401,2.09702479857,-0.00900821706374,0.340517035414,-0.574985922363,-0.635420950274,0.386884418955,3
1,1455136684,715000000,1.34753722401,2.09702479857,-0.00900821706374,0.340517035414,-0.574985922363,-0.635420950274,0.386884418955,4
1,1455136684,730000000,1.34753722401,2.09702479857,-0.00900821706374,0.340517035414,-0.574985922363,-0.635420950274,0.386884418955,5
1,1455136684,745000000,1.34753722401,2.09702479857,-0.00900821706374,0.340517035414,-0.574985922363,-0.635420950274,0.386884418955,6
1,1455136684,761000000,1.34753722401,2.09702479857,-0.00900821706374,0.340517035414,-0.574985922363,-0.635420950274,0.386884418955,7
1,1455136684,775000000,1.34753722401,2.09702479857,-0.00900821706374,0.340517035414,-0.574985922363,-0.635420950274,0.386884418955,8
1,1455136684,790000000,1.34753722401,2.09702479857,-0.00900821706374,0.340517035414,-0.574985922363,-0.635420950274,0.386884418955,9
1,1455136684,807000000,1.34753722401,2.09702479857,-0.00900821706374,0.340517035414,-0.574985922363,-0.635420950274,0.386884418955,10
1,1455136684,821000000,1.34753722401,2.09702479857,-0.00900821706374,0.340517035414,-0.574985922363,-0.635420950274,0.386884418955,11
1,1455136684,836000000,1.34753722401,2.09702479857,-0.00900821706374,0.340517035414,-0.574985922363,-0.635420950274,0.386884418955,12
1,1455136684,851000000,1.34753722401,2.09702479857,-0.00900821706374,0.340517035414,-0.574985922363,-0.635420950274,0.386884418955,13
1,1455136684,866000000,1.34753722401,2.09702479857,-0.00900821706374,0.340517035414,-0.574985922363,-0.635420950274,0.386884418955,14
1,1455136684,881000000,1.34753722401,2.09702479857,-0.00900821706374,0.340517035414,-0.574985922363,-0.635420950274,0.386884418955,15
1,1455136684,897000000,1.34753722401,2.09702479857,-0.00900821706374,0.340517035414,-0.574985922363,-0.635420950274,0.386884418955,16
1,1455136684,912000000,1.34753722401,2.09702479857,-0.00900821706374,0.340517035414,-0.574985922363,-0.635420950274,0.386884418955,17
1,1455136684,927000000,1.34753722401,2.09702479857,-0.00900821706374,0.340517035414,-0.574985922363,-0.635420950274,0.386884418955,18
1,1455136684,942000000,1.34753722401,2.09702479857,-0.00900821706374,0.340517035414,-0.574985922363,-0.635420950274,0.386884418955,19
1,1455136684,957000000,1.34753722401,2.09702479857,-0.00900821706374,0.340517035414,-0.574985922363,-0.635420950274,0.386884418955,20
1,1455136684,973000000,1.34753722401,2.09702479857,-0.00900821706374,0.340517035414,-0.574985922363,-0.635420950274,0.386884418955,21
1,1455136684,988000000,1.34753722401,2.09702479857,-0.00900821706374,0.340517035414,-0.574985922363,-0.635420950274,0.386884418955,22
1,1455136685,5000000,1.34753722401,2.09702479857,-0.00900821706374,0.340517035414,-0.574985922363,-0.635420950274,0.386884418955,23
1,1455136685,18000000,1.34753722401,2.09702479857,-0.00900821706374,0.340517035414,-0.574985922363,-0.635420950274,0.386884418955,24
1,1455136685,33000000,1.34753722401,2.09702479857,-0.00900821706374,0.340517035414,-0.574985922363,-0.635420950274,0.386884418955,25
1,1455136685,50000000,1.34753722401,2.09702479857,-0.00900821706374,0.340517035414,-0.574985922363,-0.635420950274,0.386884418955,26
1,1455136685,64000000,1.34753722401,2.09702479857,-0.00900821706374,0.340517035414,-0.574985922363,-0.635420950274,0.386884418955,27
1,1455136685,80000000,1.34753722401,2.09702479857,-0.00900821706374,0.340517035414,-0.574985922363,-0.635420950274,0.386884418955,28
1,1455136685,95000000,1.34753722401,2.09702479857,-0.00900821706374,0.340517035414,-0.574985922363,-0.635420950274,0.386884418955,29
1,1455136685,110000000,1.34753722401,2.09702479857,-0.00900821706374,0.340517035414,-0.574985922363,-0.635420950274,0.386884418955,30
1,1455136685,125000000,1.34753722401,2.09702479857,-0.00900821706374,0.340517035414,-0.574985922363,-0.635420950274,0.386884418955,31
1,1455136685,140000000,1.34753722401,2.09702479857,-0.00900821706374,0.340517035414,-0.574985922363,-0.635420950274,0.386884418955,32
1,1455136685,156000000,1.34753722401,2.09702479857,-0.00900821706374,0.340517035414,-0.574985922363,-0.635420950274,0.386884418955,33
1,1455136685,171000000,1.34753722401,2.09702479857,-0.00900821706374,0.340517035414,-0.574985922363,-0.635420950274,0.386884418955,34
1,1455136685,186000000,1.34753722401,2.09702479857,-0.00900821706374,0.340517035414,-0.574985922363,-0.635420950274,0.386884418955,35
1,1455136685,202000000,1.34753722401,2.09702479857,-0.00900821706374,0.340517035414,-0.574985922363,-0.635420950274,0.386884418955,36
1,1455136685,216000000,1.34753722401,2.09702479857,-0.00900821706374,0.340517035414,-0.574985922363,-0.635420950274,0.386884418955,37
1,1455136685,231000000,1.34753722401,2.09702479857,-0.00900821706374,0.340517035414,-0.574985922363,-0.635420950274,0.386884418955,38
1,1455136685,247000000,1.34753722401,2.09702479857,-0.00900821706374,0.340517035414,-0.574985922363,-0.635420950274,0.386884418955,39
1,1455136685,263000000,1.34753722401,2.09702479857,-0.00900821706374,0.340517035414,-0.574985922363,-0.635420950274,0.386884418955,40
1,1455136685,278000000,1.34753722401,2.09702479857,-0.00900821706374,0.340517035414,-0.574985922363,-0.635420950274,0.386884418955,41
1,1455136685,293000000,1.34753722401,2.09702479857,-0.00900821706374,0.340517035414,-0.574985922363,-0.635420950274,0.386884418955,42
1,1455136685,308000000,1.34753722401,2.09702479857,-0.00900821706374,0.340517035414,-0.574985922363,-0.635420950274,0.386884418955,43
1,1455136685,324000000,1.34753722401,2.09702479857,-0.00900821706374,0.340517035414,-0.574985922363,-0.635420950274,0.386884418955,44
1,1455136685,339000000,1.34753722401,2.09702479857,-0.00900821706374,0.340517035414,-0.574985922363,-0.635420950274,0.386884418955,45
1,1455136685,354000000,1.34753722401,2.09702479857,-0.00900821706374,0.340517035414,-0.574985922363,-0.635420950274,0.386884418955,46
1,1455136685,370000000,1.34753722401,2.09702479857,-0.00900821706374,0.340517035414,-0.574985922363,-0.635420950274,0.386884418955,47
1,1455136685,385000000,1.34753722401,2.09702479857,-0.00900821706374,0.340517035414,-0.574985922363,-0.635420950274,0.386884418955,48
1,1455136685,400000000,1.34753722401,2.09702479857,-0.00900821706374,0.340517035414,-0.574985922363,-0.635420950274,0.386884418955,49
1,1455136685,415000000,1.34753722401,2.09702479857,-0.00900821706374,0.340517035414,-0.574985922363,-0.635420950274,0.386884418955,50
1,1455136685,431000000,1.34753722401,2.09702479857,-0.00900821706374,0.340517035414,-0.574985922363,-0.635420950274,0.386884418955,51
1,1455136685,446000000,1.34753722401,2.09702479857,-0.00900821706374,0.340517035414,-0.574985922363,-0.635420950274,0.386884418955,52
1,1455136685,461000000,1.34753722401,2.09702479857,-0.00900821706374,0.340517035414,-0.574985922363,-0.635420950274,0.386884418955,53
1,1455136685,479000000,1.34753722401,2.09702479857,-0.00900821706374,0.340517035414,-0.574985922363,-0.635420950274,0.386884418955,54
1,1455136685,495000000,1.34753722401,2.09702479857,-0.00900821706374,0.340517035414,-0.574985922363,-0.635420950274,0.386884418955,55
1,1455136685,511000000,1.34753722401,2.09702479857,-0.00900821706374,0.340517035414,-0.574985922363,-0.635420950274,0.386884418955,56
1,1455136685,526000000,1.34753722401,2.09702479857,-0.00900821706374,0.340517035414,-0.574985922363,-0.635420950274,0.386884418955,57
1,1455136685,542000000,1.34753722401,2.09702479857,-0.00900821706374,0.340517035414,-0.574985922363,-0.635420950274,0.386884418955,58
1,1455136685,557000000,1.34753722401,2.09702479857,-0.00900821706374,0.340517035414,-0.574985922363,-0.635420950274,0.386884418955,59
1,1455136685,572000000,1.34753722401,2.09702479857,-0.00900821706374,0.340517035414,-0.574985922363,-0.635420950274,0.386884418955,60
1,1455136685,586000000,1.34753722401,2.09702479857,-0.00900821706374,0.340517035414,-0.574985922363,-0.635420950274,0.386884418955,61
1,1455136685,602000000,1.34753722401,2.09702479857,-0.00900821706374,0.340517035414,-0.574985922363,-0.635420950274,0.386884418955,62
1,1455136685,617000000,1.34753722401,2.09702479857,-0.00900821706374,0.340517035414,-0.574985922363,-0.635420950274,0.386884418955,63
1,1455136685,634000000,1.34753722401,2.09702479857,-0.00900821706374,0.340517035414,-0.574985922363,-0.635420950274,0.386884418955,64
1,1455136685,650000000,1.34753722401,2.09702479857,-0.00900821706374,0.340517035414,-0.574985922363,-0.635420950274,0.386884418955,65
1,1455136685,665000000,1.34753722401,2.09702479857,-0.00900821706374,0.340517035414,-0.574985922363,-0.635420950274,0.386884418955,66
1,1455136685,681000000,1.34753722401,2.09702479857,-0.00900821706374,0.340517035414,-0.574985922363,-0.635420950274,0.386884418955,67
1,1455136685,695000000,1.34753722401,2.09702479857,-0.00900821706374,0.340517035414,-0.574985922363,-0.635420950274,0.386884418955,68
1,1455136685,710000000,1.34753722401,2.09702479857,-0.00900821706374,0.340517035414,-0.574985922363,-0.635420950274,0.386884418955,69
1,1455136685,725000000,1.34753722401,2.09702479857,-0.00900821706374,0.340517035414,-0.574985922363,-0.635420950274,0.386884418955,70
1,1455136685,741000000,1.34753722401,2.09702479857,-0.00900821706374,0.340517035414,-0.574985922363,-0.635420950274,0.386884418955,71
1,1455136685,756000000,1.34753722401,2.09702479857,-0.00900821706374,0.340517035414,-0.574985922363,-0.635420950274,0.386884418955,72
1,1455136685,771000000,1.34753722401,2.09702479857,-0.00900821706374,0.340517035414,-0.574985922363,-0.635420950274,0.386884418955,73
1,1455136685,786000000,1.34753722401,2.09702479857,-0.00900821706374,0.340517035414,-0.574985922363,-0.635420950274,0.386884418955,74
1,1455136685,801000000,1.34753722401,2.09702479857,-0.00900821706374,0.340517035414,-0.574985922363,-0.635420950274,0.386884418955,75
1,1455136685,816000000,1.34753722401,2.09702479857,-0.00900821706374,0.340517035414,-0.574985922363,-0.635420950274,0.386884418955,76
1,1455136685,834000000,1.34753722401,2.09702479857,-0.00900821706374,0.340517035414,-0.574985922363,-0.635420950274,0.386884418955,77
1,1455136685,847000000,1.34753722401,2.09702479857,-0.00900821706374,0.340517035414,-0.574985922363,-0.635420950274,0.386884418955,78
1,1455136685,862000000,1.34753722401,2.09702479857,-0.00900821706374,0.340517035414,-0.574985922363,-0.635420950274,0.386884418955,79
1,1455136685,880000000,1.34753722401,2.09702479857,-0.00900821706374,0.340517035414,-0.574985922363,-0.635420950274,0.386884418955,80
1,1455136685,892000000,1.34753722401,2.09702479857,-0.00900821706374,0.340517035414,-0.574985922363,-0.635420950274,0.386884418955,81
1,1455136685,908000000,1.34753722401,2.09702479857,-0.00900821706374,0.340517035414,-0.574985922363,-0.635420950274,0.386884418955,82
1,1455136685,922000000,1.34753722401,2.09702479857,-0.00900821706374,0.340517035414,-0.574985922363,-0.635420950274,0.386884418955,83
1,1455136685,937000000,1.34753722401,2.09702479857,-0.00900821706374,0.340517035414,-0.574985922363,-0.635420950274,0.386884418955,84
1,1455136685,953000000,1.34753722401,2.09702479857,-0.00900821706374,0.340517035414,-0.574985922363,-0.635420950274,0.386884418955,85
1,1455136685,968000000,1.34753722401,2.09702479857,-0.00900821706374,0.340517035414,-0.574985922363,-0.635420950274,0.386884418955,86
1,1455136685,983000000,1.34753722401,2.09702479857,-0.00900821706374,0.340517035414,-0.574985922363,-0.635420950274,0.386884418955,87
1,1455136686,0,1.34753722401,2.09702479857,-0.00900821706374,0.340517035414,-0.574985922363,-0.635420950274,0.386884418955,88
1,1455136686,13000000,1.34753722401,2.09702479857,-0.00900821706374,0.340517035414,-0.574985922363,-0.635420950274,0.386884418955,89
1,1455136686,28000000,1.34753722401,2.09702479857,-0.00900821706374,0.340517035414,-0.574985922363,-0.635420950274,0.386884418955,90
1,1455136686,43000000,1.34753722401,2.09702479857,-0.00900821706374,0.340517035414,-0.574985922363,-0.635420950274,0.386884418955,91
1,1455136686,58000000,1.34753722401,2.09702479857,-0.00900821706374,0.340517035414,-0.574985922363,-0.635420950274,0.386884418955,92
1,1455136686,77000000,1.34753722401,2.09702479857,-0.00900821706374,0.340517035414,-0.574985922363,-0.635420950274,0.386884418955,93
