1455136684,952657163,1.88775881725,-1.24953058547,-0.384778845267,-0.240291827182,0.596628301366,0.536688360584,0.546131954213,0
1455136684,994313017,1.88770318829,-1.25004006606,-0.384249734826,-0.232746226573,0.597108165472,0.548215150557,0.537355730818,1
1455136684,941322481,1.88849003839,-1.24948588061,-0.384838156344,-0.233534097678,0.598081971012,0.542625712332,0.541587589858,2
1455136685,27544329,1.88719396544,-1.25012235033,-0.384514934373,-0.233429454691,0.597195546095,0.551346801534,0.533746076188,3
1455136685,44641531,1.88690096944,-1.25018279638,-0.384682598619,-0.238356221765,0.595225930619,0.55035336034,0.534793027092,4
1455136685,52907897,1.88670846992,-1.25022504467,-0.3848861726,-0.240389374291,0.594480723761,0.548908041066,0.53619546833,5
1455136684,978078397,1.88776860819,-1.24985410399,-0.384346697073,-0.234192013432,0.597294141275,0.546541117184,0.538225433132,6
1455136684,986078977,1.88776296357,-1.24978247475,-0.384320435563,-0.232730351375,0.597106606897,0.546842906583,0.538760725247,7
1455136685,111125264,1.88591462571,-1.25142279752,-0.38445448175,-0.233717839836,0.596398863873,0.552753614051,0.53305516475,8
1455136685,119253203,1.88576907156,-1.2517166779,-0.384491706275,-0.232916108175,0.596253907113,0.552512054827,0.533818128276,9
1455136685,102628477,1.88613935297,-1.25082405834,-0.384928287563,-0.238887564279,0.594154716525,0.539773740581,0.546403892229,10
1455136685,39632733,1.88712652713,-1.25028388635,-0.384470699971,-0.232654856624,0.597015431613,0.553013714887,0.532559971508,11
1455136685,169511651,1.88473325728,-1.25195828815,-0.385022359659,-0.239168581251,0.593813450446,0.543937918578,0.542508540527,12
1455136685,161074569,1.88503031048,-1.25179191838,-0.385347415665,-0.245701266382,0.591377823661,0.536183431847,0.549918616518,13
1455136685,194383789,1.88419944077,-1.25252781125,-0.384963366631,-0.241609009458,0.591920935541,0.549139543415,0.53823828782,14
1455136685,202693123,1.88394260775,-1.25284289941,-0.3851478674,-0.24372300607,0.591906412814,0.548849064462,0.537597060279,15
1455136685,227865045,1.88390265921,-1.25339451799,-0.385239897489,-0.243678221378,0.590819736583,0.546330898011,0.541364491972,16
1455136685,247273227,1.88376288071,-1.25366380592,-0.385233279257,-0.243300088512,0.591209194053,0.547263327848,0.540166276058,17
1455136685,186157040,1.88472564701,-1.25251173319,-0.384918569711,-0.236182381306,0.593407489708,0.552932059987,0.535118277541,18
1455136685,277795783,1.88359282598,-1.25370212074,-0.385628498534,-0.241621401264,0.592416433425,0.552004448105,0.534745693888,19
1455136685,286186361,1.88320351311,-1.25403440309,-0.385689711002,-0.246036598089,0.591929902623,0.545510140544,0.539910797582,20
1455136685,311293601,1.8829258255,-1.25413282253,-0.385634641204,-0.244697142884,0.59142095314,0.552690674418,0.533739246134,21
1455136685,319412638,1.88295453439,-1.25395690469,-0.385964156846,-0.246347792546,0.59026577684,0.549860187115,0.537171157478,22
1455136685,327649064,1.88282969161,-1.25421907426,-0.385522548275,-0.243918539816,0.591013721835,0.553929998853,0.533261739587,23
1455136685,352753283,1.88228042534,-1.25442057984,-0.385454297311,-0.247082561254,0.588417836149,0.546091550903,0.542677322226,24
1455136685,344446042,1.88271931382,-1.25436932794,-0.38575405282,-0.248584565705,0.587957067046,0.549419006456,0.539120539721,25
1455136685,377597827,1.88207304922,-1.25476330314,-0.385204971024,-0.245198148563,0.587667802489,0.553675705504,0.536626159439,26
1455136685,402568080,1.88178315432,-1.25488509929,-0.385714344525,-0.246381929731,0.589573572065,0.555469087495,0.532121264996,27
1455136685,411250587,1.88171055915,-1.25494223119,-0.385808790574,-0.247976285463,0.589394461802,0.553734967345,0.533384960591,28
1455136685,419497991,1.88209895127,-1.25508972298,-0.385729461113,-0.243015975323,0.590169431364,0.551439419154,0.537175804578,29
1455136685,436178525,1.88200500116,-1.25513088487,-0.385820795686,-0.243517291646,0.589821483992,0.550979569967,0.537802435072,30
1455136685,444494344,1.8818705627,-1.25516922101,-0.385785815362,-0.2434969065,0.589726771459,0.551422600865,0.537461353778,31
1455136685,477890369,1.88114083869,-1.25492045622,-0.385931425331,-0.248736850451,0.589109349198,0.546636475248,0.540618828607,32
1455136685,461340161,1.881267417,-1.25511418166,-0.385934016419,-0.24892243876,0.58896047162,0.547416155106,0.539906228413,33
1455136685,502621757,1.88144819623,-1.25501117706,-0.386262287946,-0.250231232004,0.58661472011,0.548853887536,0.540395143221,34
1455136685,519347549,1.88139663836,-1.25474497968,-0.386279601596,-0.249575131316,0.586957907835,0.549144731735,0.540030306434,35
1455136685,527664494,1.8807621788,-1.25466500863,-0.386088443589,-0.249985592939,0.588209710091,0.548804788265,0.538822646754,36
1455136685,544934451,1.88109776364,-1.2551019125,-0.385983052064,-0.244882075278,0.589239881711,0.554288886083,0.53440898362,37
1455136685,561152086,1.8809690501,-1.25478694597,-0.386089414685,-0.244992161759,0.589189483515,0.55553679904,0.533116739659,38
1455136685,569418024,1.88070809405,-1.2546738349,-0.386063057543,-0.249132346914,0.588856887501,0.549278341567,0.538027827578,39
1455136685,586421264,1.88093113652,-1.2544359493,-0.386200051325,-0.250144364817,0.587767482441,0.545351897263,0.54272321812,40
1455136685,594539408,1.88110912589,-1.25448940096,-0.38598190947,-0.244475679881,0.589230762156,0.552099348759,0.536865960902,41
1455136685,619455350,1.88119538113,-1.25396954167,-0.386101377197,-0.247084936742,0.590082584112,0.549348853049,0.537556895237,42
1455136685,644461342,1.88122715612,-1.25359200265,-0.386235833723,-0.247975345986,0.589771157531,0.547524665585,0.539346780933,43
1455136685,665327960,1.88112166,-1.25326183748,-0.386163490251,-0.246004004719,0.590167420012,0.544693572404,0.542672422554,44
1455136685,652768215,1.88123687908,-1.25338862954,-0.386281980756,-0.248129249486,0.589871306925,0.546667252813,0.54003576874,45
1455136685,636129285,1.8811723188,-1.25368374629,-0.386166825376,-0.247462662305,0.59002823426,0.547624550655,0.539199652319,46
1455136685,677730815,1.88139589475,-1.2534605626,-0.386046318703,-0.245105113556,0.589541447798,0.555636055481,0.5325720031,47
1455136685,719402978,1.88103147715,-1.25287894415,-0.385574403496,-0.241738619418,0.591702319974,0.552588512829,0.534880117324,48
1455136685,711021955,1.88108425641,-1.25299423619,-0.38562027222,-0.244475065593,0.590436574912,0.551798183702,0.535850126223,49
1455136685,744592237,1.88146738592,-1.25236850994,-0.385717810288,-0.241388401233,0.59094694712,0.5509286896,0.537578761128,50
1455136685,769467778,1.88168244266,-1.25155801717,-0.386306727494,-0.247525514492,0.590764199539,0.541167729912,0.544854355146,51
1455136685,763275413,1.88166982128,-1.25203961255,-0.385793072535,-0.240745369027,0.591739159295,0.550303451473,0.537636072027,52
1455136685,786207317,1.88169713115,-1.2513594205,-0.386334376873,-0.248006445751,0.591081516757,0.540871895269,0.544585196569,53
1455136685,811216804,1.88178931654,-1.25127859691,-0.385967370655,-0.24495784674,0.59175485493,0.544919540074,0.541188081755,54
1455136685,802814832,1.88161783645,-1.25146268185,-0.385679553754,-0.242801257703,0.5922103513,0.549073336361,0.537450388751,55
1455136685,778033071,1.8814705036,-1.25151058783,-0.385953108089,-0.24625978356,0.591490688736,0.543277962688,0.54253473566,56
1455136685,861521655,1.88180305493,-1.25079726604,-0.385324448775,-0.238530667375,0.593507847806,0.554814081181,0.532008355797,57
1455136685,877842098,1.88218264384,-1.25001949802,-0.386310770736,-0.248334894103,0.589840096317,0.535319028575,0.551227701402,58
1455136685,886212677,1.88197708595,-1.25009618433,-0.386329875355,-0.248254392523,0.59149532614,0.538747463179,0.546126548216,59
1455136685,852896666,1.88185044095,-1.25083139313,-0.385348676167,-0.238810435465,0.593348990383,0.55405595023,0.532849467992,60
1455136685,919292001,1.88227898445,-1.25021677892,-0.385599143189,-0.236048986765,0.592761040773,0.55322112856,0.535594629644,61
1455136685,894430811,1.8819695945,-1.25003812528,-0.385973239313,-0.244994257355,0.592036617281,0.541353487737,0.544432602787,62
1455136685,944488260,1.88205921177,-1.24998906544,-0.385684088418,-0.237385516779,0.592696180245,0.551972615981,0.536363296241,63
1455136685,955629885,1.88206021186,-1.24990874231,-0.385735488557,-0.237883276428,0.592947510863,0.550616774929,0.537257818299,64
1455136685,977848659,1.88216207984,-1.2494683279,-0.385988234439,-0.239558660352,0.593731820472,0.547265699177,0.539068110829,65
1455136685,989591844,1.88206273868,-1.24936624325,-0.386046435483,-0.244072621972,0.592326855981,0.545745204328,0.540129264936,66
1455136686,19480423,1.88193899566,-1.24937407581,-0.38608477297,-0.244675578075,0.591744524989,0.545544537175,0.540697176429,67
1455136686,27745734,1.88207088799,-1.24931090557,-0.386077074014,-0.243427132449,0.591610028711,0.546192389949,0.540753805607,68
1455136686,44381158,1.88176199999,-1.24987492597,-0.385807303528,-0.239844550984,0.59178487789,0.554803167202,0.533346693369,69
1455136686,36120654,1.88184950053,-1.24989790402,-0.385813674767,-0.236304741336,0.593165755624,0.554785029258,0.533411686119,70
1455136686,77835003,1.88148617936,-1.24978614176,-0.386342421735,-0.244604034307,0.593135452697,0.544596952531,0.540160495083,71
1455136686,94319283,1.88168101321,-1.24943651002,-0.386799725276,-0.247934664333,0.592183519752,0.537570924645,0.546685084973,72
1455136686,70823674,1.88182695491,-1.2493810451,-0.386584115825,-0.24600841376,0.591106373085,0.54451973028,0.541822276576,73
1455136686,119490980,1.88150213673,-1.24979472534,-0.386586820958,-0.24423565665,0.59354119412,0.544047567365,0.540435046373,74
1455136686,127991228,1.88142134897,-1.2497699868,-0.386622888287,-0.244643538804,0.593403601868,0.544020606696,0.540428796144,75
1455136686,144358740,1.88110753862,-1.24977741112,-0.386280295977,-0.24249772034,0.592829175494,0.547200114888,0.538813936884,76
1455136686,169521639,1.88122050157,-1.24972814241,-0.386506017102,-0.24304104157,0.592729010802,0.544480573307,0.541427998129,77
1455136686,161271885,1.88136039499,-1.24954752198,-0.386831560627,-0.246736422785,0.591884986063,0.53873467503,0.546404841546,78
1455136686,86183943,1.88163844878,-1.24944109416,-0.386824833366,-0.248566549321,0.592125102034,0.537349055601,0.546679546486,79
1455136686,194471145,1.88098949096,-1.2494866348,-0.386866240689,-0.245536616762,0.592200863001,0.541141835539,0.544220012053,80
1455136686,186556304,1.8810257153,-1.24943446761,-0.387079231128,-0.248210091088,0.592293491155,0.53825226233,0.545769798646,81
1455136686,236273675,1.88084556462,-1.24986046925,-0.387079904011,-0.247214736001,0.591068208106,0.540835972753,0.544995135984,82
1455136686,252980214,1.88077611086,-1.24996101572,-0.387330922053,-0.244739005077,0.594215966363,0.539005664605,0.544502615455,83
1455136686,244519230,1.88073878197,-1.24982057668,-0.387184947589,-0.248153834879,0.591428699136,0.539250462174,0.545747842064,84
1455136686,286495807,1.88063390288,-1.25066137592,-0.386966775179,-0.239389287295,0.592722793237,0.552833931966,0.534553180865,85
1455136686,279850068,1.88046912851,-1.25025136243,-0.387471030062,-0.248871190452,0.591288038575,0.541186814978,0.543652846304,86
1455136686,311320920,1.88010749529,-1.25066340576,-0.387474591236,-0.246890452969,0.591438795664,0.551043340339,0.534412286802,87
1455136686,327676911,1.87961003064,-1.25102172878,-0.388052440005,-0.252768880309,0.58938233935,0.538384406648,0.546697889047,88
1455136686,336203567,1.87942751003,-1.25165294135,-0.38802401077,-0.249535564942,0.589556125886,0.547356226321,0.539033150898,89
1455136686,352914970,1.87893462924,-1.25215063103,-0.387887812946,-0.248003150772,0.589242777677,0.548114010632,0.539312912427,90
1455136686,377724760,1.87806253698,-1.25340121876,-0.387951168911,-0.24996333455,0.588467821652,0.551347665532,0.535947484343,91
1455136686,386213008,1.87786294657,-1.25408766094,-0.387932150814,-0.247246035106,0.589535668339,0.553953273755,0.533341226961,92
1455136686,394451164,1.8768982679,-1.25430461804,-0.388181853948,-0.25282730595,0.588454072698,0.551573989175,0.534384030597,93
