1,1445364975,340000000,1.40861714355,-5.62038706952,0.614621890728,-0.0196767296629,-0.133493588593,0.910646934691,0.390530982705,1
1,1445364977,164000000,3.54160047037,-4.9665793585,0.756229098984,-0.019999418408,-0.129138659188,0.910776913986,0.391674154006,167
1,1445364978,656000000,4.22153798326,-6.00250016167,0.553078592417,-0.0217779696527,-0.126642532499,0.912157887511,0.389172683076,296
1,1445364980,374000000,4.32966549835,-6.15242250541,0.588886860791,-0.0230683388765,-0.12326213154,0.912523271437,0.389327083255,439
1,1445364981,365000000,3.53117581446,-6.05896604609,0.150395976335,-0.025720493562,-0.120556939943,0.914432614389,0.385509369774,535
1,1445364981,775000000,3.75460308825,-6.79274270693,0.30031728376,-0.0260485421555,-0.119201530545,0.91514883471,0.384207078144,570
1,1445364982,665000000,3.51791779978,-6.85367961693,0.327992252853,-0.0254774358802,-0.118970926367,0.915241954983,0.384095017904,652
1,1445364983,453000000,3.52024226509,-6.86196448332,0.353552549013,-0.0252155543402,-0.118897623621,0.915259171266,0.384093973307,724
1,1445364984,289000000,3.51203746264,-6.86410884922,0.339096314622,-0.0251519908442,-0.118823671582,0.915306264504,0.384008794935,789
1,1445364984,952000000,3.50912583518,-6.88472614992,0.287798800109,-0.0243893896338,-0.118688169446,0.915647603801,0.383285457278,843
1,1445364986,763000000,3.19555190204,-6.13744754841,0.098735420687,-0.0244822813799,-0.118794910941,0.914986979756,0.384821015421,1007
1,1445364987,957000000,3.19555190204,-6.13744754841,0.098735420687,-0.0244822813799,-0.118794910941,0.914986979756,0.384821015421,1104
1,1445364988,876000000,3.0987305375,-6.13064939884,0.24845353704,-0.0269139348907,-0.116500511794,0.91535626887,0.384481692544,1194
1,1445364989,341000000,3.07545120616,-6.42500351817,0.22874490085,-0.0269982140689,-0.115323492322,0.915031338176,0.385602436081,1239
1,1445364990,855000000,3.07545120616,-6.42500351817,0.22874490085,-0.0269982140689,-0.115323492322,0.915031338176,0.385602436081,1366
1,1445364991,57000000,3.72374128948,-5.97000291335,0.335456826588,-0.0330398018793,-0.105820804544,0.920198920681,0.375425458905,1387
1,1445364992,76000000,3.76622025329,-5.69139100351,0.604132160889,-0.032509861008,-0.102379384691,0.921593711202,0.372996785511,1479
1,1445364992,850000000,3.73433689613,-5.68391733538,0.542384807518,-0.0281289480409,-0.109108487944,0.922918587965,0.368137718972,1545
1,1445364993,766000000,4.03476093688,-6.22303070996,0.355376135892,-0.0254912380572,-0.108912537378,0.926823692777,0.35844957594,1626
1,1445364994,553000000,3.82489614463,-5.8426311831,0.343251091974,-0.0269635847855,-0.108673936535,0.923075260651,0.367960600862,1699
1,1445364996,454000000,3.87117553306,-5.86707977939,0.424043474093,-0.0257385444599,-0.107191977158,0.923299828568,0.367919602532,1868
1,1445364998,246000000,4.25533062011,-5.53787398123,0.311970254651,-0.0259421931513,-0.106150029048,0.923516782182,0.367662789763,2029
1,1445365001,857000000,4.23489919962,-5.48913890419,0.381592764572,-0.0247783737117,-0.104277473754,0.923795357871,0.367579076445,2344
1,1445365003,107000000,3.83585714148,-5.57720733146,0.314012761364,-0.0243107239601,-0.104313549234,0.924154705364,0.366695722229,2444
