1,1445363849,943000000,3.7905557442,0.308974407857,-0.54009636519,-0.088717383218,0.122425679196,-0.753141465966,0.640249257111,1
1,1445363850,945000000,4.49579396939,0.512341515074,-0.5323093986,-0.0890889787152,0.120534649542,-0.752990287075,0.640734094381,97
1,1445363852,753000000,4.05713939532,0.527038357256,-0.446328886001,-0.0904955621756,0.118588313281,-0.751576243473,0.642557791507,263
1,1445363853,568000000,3.45911146147,0.667163952381,-0.52664233532,-0.0915620001284,0.116623346745,-0.755953093662,0.637612982387,336
1,1445363856,374000000,3.36015611731,0.88673118326,-0.50826729433,-0.082257251391,0.112377480638,-0.754214531065,0.641689557005,591
1,1445363857,156000000,4.17857901235,-0.181848020347,-0.642921555605,-0.0830891543129,0.116376505723,-0.758351346098,0.635968503325,658
1,1445363858,257000000,4.09978312579,-0.183320750012,-0.828983220396,-0.0877841090001,0.113844604441,-0.757524787954,0.636780615191,759
1,1445363858,861000000,3.90738825057,-0.361019944633,-0.64006754741,-0.081183070196,0.102171755426,-0.753501059616,0.644365109751,811
1,1445363859,959000000,3.94485288904,-0.42198278243,-0.589734167845,-0.0806432049742,0.103514925121,-0.754347436948,0.643227236782,905
1,1445363860,854000000,3.95187090122,-0.409941742737,-0.575820192237,-0.0793421483387,0.102162115308,-0.755772504593,0.641931185559,989
1,1445363861,869000000,3.94350186048,-0.401885925608,-0.63057898087,-0.0762983389785,0.0989258185675,-0.757418751345,0.640865883786,1069
1,1445363862,545000000,4.08551304994,-0.431184628917,-0.638832266947,-0.0737380323212,0.0951359808399,-0.761214779084,0.637231439779,1075
1,1445363863,580000000,4.33665976623,-0.0075420225231,-0.498982633417,-0.0699374901397,0.0933343487045,-0.764758488219,0.63367333976,1171
1,1445363864,229000000,5.00646788774,-0.431242575437,-0.470324249089,-0.0696783321109,0.0887799187407,-0.76948514512,0.628614084715,1231
1,1445363865,859000000,5.00504646817,-0.485818224317,-0.504747847282,-0.0703621775666,0.0850150341362,-0.768984123668,0.629670569017,1374
1,1445363866,776000000,4.31782777375,0.230309556775,-0.701780942517,-0.0693638457319,0.0898550440323,-0.764146738608,0.634975975799,1461
1,1445363867,456000000,4.28673342532,0.194087699593,-0.739050240524,-0.0728601051491,0.0914608624232,-0.76413620204,0.634367543664,1521
1,1445363868,549000000,4.06281421303,0.285673631838,-0.693159426435,-0.0758056964161,0.0897248843462,-0.764460794888,0.633879037829,1613
1,1445363870,53000000,4.06188039271,0.604407431062,-0.432027316314,-0.0741534971314,0.089309874234,-0.756574756738,0.643521283793,1739
1,1445363870,839000000,4.07776783521,0.591857403055,-0.490555380177,-0.0901747357528,0.0900959917632,-0.758879885981,0.63863334391,1805
1,1445363872,645000000,3.90757073681,0.058902611639,-0.747813695657,-0.0853290674406,0.10307774151,-0.759521416538,0.636569829065,1966
1,1445363874,228000000,4.40984317991,0.255251569185,-0.716436239084,-0.0962023346368,0.106205509994,-0.759695457682,0.634293553519,2109
1,1445363876,250000000,4.22479052889,0.438029148927,-0.896056917787,-0.0995193116323,0.0866211264322,-0.757717857591,0.639105887436,2285
1,1445363879,473000000,4.19123530167,0.436133665365,-0.91613916696,-0.0984278713317,0.0873922303726,-0.758166433089,0.638637778363,2570
1,1445363880,440000000,4.15812707119,0.420426250908,-0.903384591492,-0.0940708450081,0.0871894152023,-0.755605405911,0.642346598461,2653
1,1445363881,485000000,3.89524583466,0.494461959731,-0.948795964742,-0.0915562047943,0.0892065339548,-0.753382637668,0.645038182532,2741
