1,1445363116,809000000,5.01780483555,-2.22573973211,-1.45317803359,-0.0834121875766,0.107577188582,-0.932978586157,0.333197408803,0
1,1445363118,16000000,4.82189033386,-1.15566365077,-1.21021586633,-0.0707981677514,0.113765222713,-0.927559459735,0.348824514907,114
1,1445363119,17000000,6.05695975948,-1.72941777128,-1.51584474229,-0.0719709180781,0.112484026872,-0.923282043444,0.360163572428,202
1,1445363119,461000000,7.62461115649,-1.82741677169,-1.45119154997,-0.0710335899511,0.115259152271,-0.922872128027,0.360522665344,239
1,1445363120,209000000,8.24116613123,-1.63311150035,-1.36458182384,-0.0708873515433,0.115924097736,-0.92301687014,0.359967282391,305
1,1445363121,109000000,8.2579094686,-0.771593824646,-1.56032723534,-0.0681598093991,0.117044323991,-0.923395032849,0.359160799524,367
1,1445363122,722000000,8.49739156676,-0.7235721329,-1.20498371509,-0.0678393799015,0.116903208957,-0.923370996681,0.359329181613,505
1,1445363123,625000000,10.5135906371,-1.37475345657,-1.23051147691,-0.0678167296663,0.116856771211,-0.922550597376,0.361449555928,575
1,1445363124,261000000,10.2582731703,-1.78665592572,-0.997916069179,-0.0540944033953,0.117011191606,-0.924780503552,0.357998878225,627
1,1445363126,126000000,14.4127168449,-1.97492536999,-0.0893524431371,-0.0515838166618,0.118021477043,-0.923956154415,0.360159777786,799
1,1445363126,736000000,15.2056113455,-2.05277500516,0.144306653013,-0.0491378764523,0.117748256396,-0.923746538502,0.361127608774,853
1,1445363127,736000000,16.7055261227,-1.57708819013,0.0617315114923,-0.0616694668506,0.110231191894,-0.922837479636,0.363891395021,942
1,1445363128,926000000,17.0044082559,-1.13016526317,0.467033880416,-0.0608716313634,0.108408433641,-0.922958696718,0.364265699955,1040
1,1445363131,108000000,16.7446280284,-0.405736237009,-0.106079038907,-0.0639834389955,0.106295875162,-0.922739685466,0.364909275471,1231
1,1445363131,849000000,16.2056640811,-0.157631923114,-0.426854338204,-0.0670448751576,0.109003851271,-0.922804845365,0.363392848712,1285
1,1445363133,138000000,17.4294144813,-0.781424796673,-0.228082502589,-0.0667429414006,0.110228617578,-0.924373008611,0.359067643477,1393
1,1445363133,516000000,15.8333912558,-2.17771444918,-0.421943352391,-0.0683115629666,0.103953206528,-0.9211734299,0.368736726219,1417
1,1445363133,636000000,15.8333912558,-2.17771444918,-0.421943352391,-0.0683115629666,0.103953206528,-0.9211734299,0.368736726219,1428
