1,1445363621,852000000,3.48666537489,-1.44629335802,-0.3429707724,-0.0246535760736,-0.161696980233,0.937034028946,0.308566875033,0
1,1445363623,180000000,3.34546361493,-1.55770490471,-0.463803589902,-0.0245393856805,-0.161364718766,0.937156037397,0.308379324305,110
1,1445363623,751000000,3.62159067248,-1.63424682828,-0.24523699242,-0.0241819183167,-0.159536063291,0.937370751347,0.308706258204,162
1,1445363625,970000000,3.5872949762,-1.61341552366,-0.291828969565,-0.0235073552763,-0.158002484428,0.937879756971,0.308000293226,358
1,1445363628,463000000,3.68199481635,-1.65834560382,0.238072834535,-0.0232409697101,-0.155631559968,0.938638896119,0.306913175933,578
1,1445363629,339000000,3.72822357222,-1.53925202385,0.279669761299,-0.0228433216533,-0.152636259718,0.939429258973,0.306027812889,658
2,1445363630,161000000,0.0,0.0,0.0,-0.0797399667325,-0.0797399667325,0.702596283584,0.702596283584,730
0,1445363633,655000000,0.0,0.0,0.0,-0.0797399667325,-0.0797399667325,0.702596283584,0.702596283584,735
1,1445363635,360000000,5.14557635923,0.572171361499,2.0949433068,-0.0113340555882,-0.0904167764937,0.860587669846,0.501084033094,736
1,1445363635,766000000,6.37592169361,0.580210413883,2.64303016464,-0.0202811107866,-0.0850431385281,0.86210211861,0.499135530916,772
1,1445363635,955000000,7.28200872814,1.46952059499,2.58513245698,-0.00907608662849,-0.094221253216,0.871335406943,0.481471275053,773
2,1445363639,179000000,0.0,0.0,0.0,-0.0797399667325,-0.0797399667325,0.702596283584,0.702596283584,1043
0,1445363647,841000000,0.0,0.0,0.0,-0.0797399667325,-0.0797399667325,0.702596283584,0.702596283584,1044
2,1445363651,43000000,0.0,0.0,0.0,-0.0797399667325,-0.0797399667325,0.702596283584,0.702596283584,1045
0,1445363654,383000000,0.0,0.0,0.0,-0.0797399667325,-0.0797399667325,0.702596283584,0.702596283584,1047
