1,1445363012,813000000,4.33955735248,0.393381908347,-0.560045018572,-0.0991345578717,0.116392524645,-0.9387001269,0.30897765518,0
1,1445363014,224000000,4.17289753485,0.319711769045,-0.525961725962,-0.0945470601717,0.114262694224,-0.940713881413,0.305061114269,127
1,1445363015,702000000,4.30413522423,-0.135142266554,-0.900830066537,-0.0823644742533,0.104111392183,-0.938666713859,0.318247877748,258
1,1445363016,733000000,4.28846868097,-0.468643360093,-0.935543966782,-0.0754236296287,0.107970763006,-0.94200783568,0.308666207977,349
1,1445363017,698000000,4.17167924233,-0.592186149129,-0.862532187027,-0.0701686207125,0.109240910277,-0.941830837501,0.309995905975,439
1,1445363018,109000000,3.7255109423,-0.533746711965,-0.751987846465,-0.0646648966803,0.0999889869622,-0.9427617123,0.311481953641,470
1,1445363018,817000000,3.68202590862,-0.652174823865,-0.645009628598,-0.0639631138242,0.0985162326929,-0.943986704543,0.308370513524,503
1,1445363019,124000000,3.51265197825,-1.19478390857,-0.699148425755,-0.0605143687411,0.0987543937989,-0.943778049247,0.309626508297,534
1,1445363019,623000000,3.70795639477,-1.18875137353,-0.477328826926,-0.0441364487102,0.0889932092343,-0.945628849025,0.30970673628,582
1,1445363020,15000000,3.70795639477,-1.18875137353,-0.477328826926,-0.0441364487102,0.0889932092343,-0.945628849025,0.30970673628,615
1,1445363020,217000000,3.70795639477,-1.18875137353,-0.477328826926,-0.0441364487102,0.0889932092343,-0.945628849025,0.30970673628,623
1,1445363020,416000000,-7.95660880753,4.06023495771,0.152036066338,-0.0479049653065,0.0883493040531,-0.935466540501,0.338824241126,650
1,1445363021,425000000,-8.51812419402,5.82088261171,-0.0276440197386,-0.046403166097,0.0920672711374,-0.937159487429,0.333320354739,731
1,1445363022,613000000,-14.0242155344,9.12141353092,0.712322090904,-0.0450403335773,0.0897663228778,-0.938719957986,0.329724454821,835
1,1445363023,714000000,-18.4108566444,9.64550881159,1.00062112346,-0.0389248416857,0.0871503055515,-0.942229222661,0.321082190266,926
1,1445363023,930000000,-18.7616345177,9.85265556969,1.03312016948,-0.0390044039672,0.0870497585228,-0.942180801387,0.321241861392,949
1,1445363024,135000000,-19.3461054998,10.8103488314,0.646676901649,-0.0275787624131,0.0813474031537,-0.945877975277,0.312948666319,968
1,1445363025,26000000,-24.0265563411,15.6134863774,0.589100980293,-0.0283602449626,0.0808580948315,-0.946423127156,0.311353383457,1048
1,1445363025,234000000,-23.4275798036,16.6120762443,0.788635159434,-0.0263729762207,0.0831056439419,-0.94610265259,0.311909744688,1066
1,1445363026,420000000,-23.4275798036,16.6120762443,0.788635159434,-0.0263729762207,0.0831056439419,-0.94610265259,0.311909744688,1168
1,1445363026,616000000,-23.4275798036,16.6120762443,0.788635159434,-0.0263729762207,0.0831056439419,-0.94610265259,0.311909744688,1186
1,1445363027,712000000,-28.4913103703,24.302737541,2.06851008297,-0.0315966922733,0.10480594845,-0.949374284638,0.294458536768,1282
1,1445363027,906000000,-31.1754635956,25.5096075366,4.22286901693,-0.0320433669666,0.107126534128,-0.950768218277,0.289027547882,1299
1,1445363028,153000000,-31.1412028823,25.925272395,4.43924483593,-0.0299977210967,0.106798847376,-0.951168635312,0.288049249483,1318
1,1445363029,11000000,-31.25161216,27.9538173886,5.21561451817,-0.030306512725,0.106943393625,-0.951188275633,0.287898402469,1397
1,1445363030,129000000,-33.8715386396,30.8205249094,6.01106785865,-0.0303256376823,0.106925641106,-0.951174942078,0.287947030782,1489
1,1445363030,304000000,-34.4403782071,31.4310873558,6.24503322473,-0.0304185631564,0.106835376075,-0.951157285224,0.288029047492,1502
1,1445363030,623000000,-36.993972001,33.4171220441,6.57128320897,-0.0300907130282,0.106933936279,-0.951162215467,0.288010628501,1533
1,1445363031,411000000,-37.9702346063,34.01712826,6.1218996794,-0.0310045767138,0.105649914301,-0.952980209615,0.282321681621,1596
1,1445363031,636000000,-37.9066386331,33.9595798967,6.09081445692,-0.030985880319,0.105706796412,-0.953146936244,0.281739003939,1617
1,1445363031,874000000,-38.2168240194,34.0793883852,5.90476300075,-0.0309292807253,0.105153278145,-0.9531048483,0.282094515786,1632
1,1445363032,19000000,-38.6571253685,33.8179795332,5.89043158175,-0.0292138877488,0.106125036099,-0.952987395007,0.282310202495,1640
1,1445363032,153000000,-38.0791610368,34.3687025279,6.0973095968,-0.0273985884964,0.10864516446,-0.955616415524,0.272475341947,1655
1,1445363032,231000000,-38.8391974889,34.1507366734,5.53562128442,-0.0272943740151,0.104402629126,-0.953227647092,0.28233342168,1662
1,1445363032,930000000,-38.8391974889,34.1507366734,5.53562128442,-0.0272943740151,0.104402629126,-0.953227647092,0.28233342168,1720
1,1445363033,252000000,-38.8391974889,34.1507366734,5.53562128442,-0.0272943740151,0.104402629126,-0.953227647092,0.28233342168,1746
