0,1445361477,122000000,0.0,0.0,0.0,-0.0797399667325,-0.0797399667325,0.702596283584,0.702596283584,1
1,1445361482,465000000,2.6372055741,-0.949381041866,-0.392558830223,-0.0158672030479,0.116816970312,-0.985451471175,0.122423140266,1
1,1445361484,680000000,2.56074226075,-1.27500430356,-0.282100700949,-0.0166190854657,0.116896081469,-0.98548175672,0.122003357774,204
1,1445361486,870000000,2.93399651717,-2.06803410243,-0.582408590189,-0.0161968841341,0.116339405508,-0.98554030167,0.122119275523,403
1,1445361488,80000000,3.77210198393,-1.11033798376,-0.693789623325,-0.0143984447597,0.117101559772,-0.985542848797,0.121594418758,506
1,1445361489,165000000,3.66760665227,-1.01161189815,-0.674564685275,-0.0144192663624,0.116950613734,-0.985551230124,0.121669270999,593
1,1445361490,675000000,3.67617414654,-0.873115143464,-0.626936536395,-0.0144801917753,0.117593828189,-0.985472126073,0.121682802201,741
1,1445361491,676000000,4.19034579933,-0.824278762742,-0.652179426458,-0.0170251682403,0.117847948282,-0.985171463104,0.123528106184,835
1,1445361493,195000000,4.36575216743,-0.916057293156,-0.307632546363,-0.0163263363938,0.116728930554,-0.98527344358,0.12387109787,971
1,1445361494,896000000,4.11692348567,-0.993117108201,-0.438383082522,-0.0162669262704,0.116498800786,-0.98524957017,0.124284757732,1111
1,1445361497,301000000,4.02357852123,-0.920765790008,-0.49440684927,-0.0231838517982,0.117784405329,-0.985333900071,0.12127014574,1328
