0.0917959506126,-0.108612426974,0.0829421324336,0.016479258334,-0.668376364254,0.166162657562,0.724838906918,0
0.0918236013224,-0.10865403241,0.0831983729293,0.0202271756218,-0.666366495396,0.161384607606,0.727668580886,1
0.0918040631628,-0.108698092814,0.0827583257886,0.00833220391523,-0.673695615546,0.176085145582,0.717675980842,2
0.0918029916949,-0.108651965874,0.0833038899875,0.0191252928145,-0.666527126637,0.161937460996,0.727428396035,3
0.0917399222203,-0.10879169601,0.0829115258824,0.0125133561149,-0.670992140689,0.172436002034,0.721026204971,4
0.0917771316767,-0.108731512244,0.0831382458709,0.0179813153943,-0.668357454341,0.165431468864,0.724987872059,5
0.0917864276019,-0.10869714159,0.0829075936951,0.016785145344,-0.66921119356,0.167647348803,0.72371887066,6
0.0918588766645,-0.108742392994,0.0831658576919,0.0218088284434,-0.666566238348,0.161256420101,0.727468344241,7
0.0918042458522,-0.10866339248,0.0829095696413,0.0179959324547,-0.669054902493,0.165337149559,0.724365453926,8
0.0918015103411,-0.108594453496,0.0829089649127,0.0148423412516,-0.669500864403,0.1676834695,0.723485004355,9
0.0918157617473,-0.108635213574,0.0831116071879,0.018790699459,-0.667847033781,0.163292971428,0.725921934209,10
0.0917550393353,-0.108609891534,0.0830737677966,0.0180110834151,-0.667623770217,0.163487998112,0.726103144731,11
0.0918233694968,-0.108644118491,0.0831890650564,0.0188797004426,-0.667570403464,0.162746630443,0.72629666639,12
0.0917767434038,-0.10856234769,0.0832208623363,0.0214885491166,-0.664517644478,0.159961964848,0.72963464298,13
0.0918316592247,-0.108603561796,0.0832312695437,0.0193750052854,-0.666353641503,0.16190077406,0.727588876348,14
0.0917414442462,-0.108608321609,0.083046713035,0.0140323026412,-0.668436763524,0.167689329982,0.7244830407,15
0.0917133437946,-0.10876681221,0.0829362055882,0.013668918147,-0.669930991935,0.17120541278,0.722284108475,16
0.0917747102789,-0.108576100742,0.0828956160688,0.0125073158703,-0.670413419809,0.169928627136,0.72215903738,17
0.0918167110185,-0.10860374823,0.0830127076369,0.0162655833045,-0.668269903177,0.165533907218,0.725085714153,18
0.0918509107442,-0.108608881776,0.0832725439358,0.0209139919997,-0.665805594006,0.159354836784,0.728609327364,19
0.0918609584777,-0.108630770144,0.0831889983871,0.0195456995062,-0.667170560216,0.162305659014,0.726744991221,20
0.0917872537519,-0.108592476627,0.0831876544278,0.0201938963813,-0.665927704482,0.162173967567,0.727895667796,21
0.0917798242085,-0.108625696612,0.0830283439135,0.0142073025609,-0.669851259162,0.168408026209,0.723004965309,22
0.0917666301668,-0.108492874992,0.0832157883237,0.0210613111216,-0.664936382242,0.160285712682,0.729194431585,23
0.0917921801054,-0.108599495262,0.0831609148414,0.0180544293266,-0.666881149446,0.163292066948,0.72682822659,24
0.091773506597,-0.108576791198,0.0832082597918,0.0192284533841,-0.665746273962,0.161975391172,0.728131950913,25
0.0918095914183,-0.108616497704,0.0832926298607,0.0194231003178,-0.66627094452,0.160406646193,0.727994147998,26
0.0918003328662,-0.108652747617,0.083228994069,0.0176923992296,-0.6676067085,0.163270209751,0.726175667716,27
0.0917750778282,-0.10865212688,0.082885682467,0.0110792011597,-0.671162682586,0.171888167355,0.721021749137,28
0.0918308364769,-0.108684577494,0.0830615495587,0.0156298214172,-0.669210785495,0.166469739063,0.72401689154,29
0.0918196580491,-0.108608374056,0.0832329245758,0.0202523190398,-0.665676592293,0.161197767925,0.728340440772,30
0.0918387079105,-0.108631277316,0.083053766212,0.0160846125758,-0.668584709517,0.166931091547,0.724478972858,31
0.0916485367553,-0.108686147762,0.0831302569086,0.0178456199379,-0.668720171038,0.166142772533,0.724493923943,32
0.0917317824314,-0.108721967589,0.0828494455428,0.0119864564239,-0.671072735586,0.171270894266,0.721237817362,33
0.0918228085376,-0.10860834687,0.0831931537462,0.0192736097103,-0.666609553698,0.161329657486,0.727484001544,34
0.0917416411294,-0.108621642091,0.0829937374592,0.0159599709749,-0.668053395781,0.166142549777,0.725152806563,35
0.0917731998716,-0.10873457923,0.0832522322969,0.0215716516796,-0.665742030177,0.161575092931,0.728159118905,36
0.0917771793109,-0.108688645351,0.0831774485809,0.0216909647237,-0.666776605324,0.160886117785,0.727361064222,37
0.0918083490477,-0.108635523261,0.083098898068,0.0144703500099,-0.669224449802,0.167159463434,0.723869434734,38
0.0918171438088,-0.108684022036,0.0831096887352,0.0156250576762,-0.669189996429,0.166521969412,0.724024198459,39
0.0917290318298,-0.10869167753,0.0827946522171,0.0122869196785,-0.67110698565,0.171065569792,0.721249621316,40
0.0917503186391,-0.108693804134,0.083081313877,0.0172462732355,-0.668521307171,0.164059827767,0.725166326321,41
0.0918014348673,-0.108605607401,0.0831869672078,0.023247140533,-0.664491024433,0.158686413589,0.729883464019,42
0.0918381120686,-0.108646131968,0.0831893613623,0.021104593968,-0.666164980975,0.160231365817,0.728082909869,43
0.0917612472763,-0.108580979368,0.0828869544113,0.0116587564841,-0.670793042334,0.171394464062,0.721473981126,44
0.0917211643545,-0.108628753989,0.083051465664,0.0124535161342,-0.669887164397,0.169562900141,0.72273405884,45
0.0917109130027,-0.108518895636,0.0832287555587,0.0194616739608,-0.664877990201,0.160796898188,0.72917957934,46
0.0918334656375,-0.108673196455,0.0832297046816,0.0189175362882,-0.666651859973,0.161896900815,0.727328548815,47
0.0917099963641,-0.108665508017,0.0829206471889,0.0153299945348,-0.669020989704,0.167310043373,0.724005011025,48
0.0917913293381,-0.108635219796,0.082856577274,0.0118589791716,-0.671237180938,0.171501022096,0.721032184413,49
0.0918388012927,-0.108602746305,0.0830512900143,0.015469818348,-0.669179757578,0.166989996811,0.723929193868,50
0.0918194052362,-0.108564337145,0.0829668432304,0.0140997154211,-0.669281132284,0.168822939657,0.723438165319,51
0.0918564728292,-0.108575184688,0.0832259322402,0.019074075269,-0.666606586163,0.162125520075,0.727315031246,52
0.09187506923,-0.10854789131,0.083288506354,0.0205200362315,-0.666366982931,0.160804101314,0.727788439846,53
0.0917461670548,-0.108653626201,0.0831104827353,0.0170514011095,-0.668230363946,0.164248297909,0.725396393053,54
0.091682405633,-0.108658493038,0.082706743916,0.00988099223968,-0.672366363258,0.173416282533,0.719550298801,55
0.0917156115595,-0.108673006702,0.0827795840845,0.0103318942936,-0.672242976362,0.173591037594,0.719617109552,56
0.0917720696522,-0.108583667907,0.0830178977439,0.0144969742741,-0.669213503406,0.166899326217,0.723939044053,57
0.0917205100986,-0.108699461391,0.0830951938325,0.022299650038,-0.665693522531,0.161134674675,0.728279119765,58
0.0917999072363,-0.108563857693,0.0831438847613,0.0184523999513,-0.666330991539,0.162333336786,0.727537219954,59
0.0918205397751,-0.108592328534,0.0830685845265,0.0148318753722,-0.669605821735,0.167727117014,0.723377960122,60
0.0918238444984,-0.108701494646,0.0831154084314,0.0170595449967,-0.668682439078,0.164705055694,0.72487585987,61
0.0917913866145,-0.108560778805,0.0831504833578,0.0201677394597,-0.66561644566,0.160249588121,0.728606944147,62
0.0917974064371,-0.108515618433,0.0832506645204,0.0219438389869,-0.664147234987,0.15810291622,0.730363187785,63
0.0917658088943,-0.108572529428,0.0829057329539,0.0139931694171,-0.669302060128,0.168891870402,0.723404782698,64
0.091745949396,-0.108583564685,0.0831673685509,0.0163633844821,-0.667567984865,0.164693117469,0.725921071667,65
0.091675655209,-0.10875896808,0.0828995638963,0.0149974323723,-0.669681862911,0.170956816075,0.7225476085,66
0.0916961335426,-0.108610736109,0.0829508242245,0.0147475998472,-0.668581747044,0.168057614083,0.724249676677,67
0.0918086715618,-0.108600766309,0.083108061649,0.0178815579729,-0.667599767638,0.163806324276,0.726056670145,68
0.0918062099553,-0.108618799757,0.0829582517364,0.0147355268789,-0.669115450446,0.167893518281,0.723794960428,69
0.0918474218436,-0.10852820426,0.0832677474465,0.0219913257827,-0.664862830963,0.157920041038,0.729749997076,70
0.0918028784832,-0.108519533503,0.0832287587113,0.0223566160978,-0.664917245677,0.158552385808,0.729552177074,71
0.0918059727773,-0.108521767894,0.0831770651497,0.0207278718804,-0.666002088508,0.160897185083,0.728095920372,72
0.0917778575039,-0.108678968261,0.0831405237205,0.0169756378624,-0.668048326064,0.164609378362,0.725483986259,73
0.0917442597834,-0.108500456755,0.0831334491257,0.019276670026,-0.665755056339,0.16175338866,0.728171996309,74
0.0917671559315,-0.108579236869,0.0832949692687,0.0201808397824,-0.665617335293,0.160875776598,0.728467762614,75
0.0917028000232,-0.108579304128,0.0831158238002,0.0158480341173,-0.667412783865,0.16595833618,0.725787053068,76
0.091773765089,-0.108604161446,0.0828953231343,0.0129423156798,-0.669933685024,0.169520147033,0.722692378461,77
0.0918318362516,-0.108597601662,0.0829834605534,0.0150831837276,-0.669279019228,0.165921770791,0.72409119451,78
0.0917432676407,-0.108689486727,0.0831049026767,0.0184279301666,-0.667452135228,0.161965767764,0.726591459241,79
0.0917340007988,-0.108727046631,0.0828663044344,0.0122854520975,-0.67104479243,0.170514748677,0.721437921586,80
0.0917760390176,-0.108623660814,0.0829701009265,0.0151292088,-0.669212704267,0.167816809306,0.723714710368,81
0.09180350233,-0.10862120659,0.083290192338,0.0174174813445,-0.667191201213,0.163322495342,0.726552334579,82
0.0917705457472,-0.10855059193,0.083293878631,0.0207541488777,-0.66507095825,0.160667615032,0.72899643571,83
0.0917337704786,-0.108742617661,0.0829570569685,0.012477697884,-0.670249230909,0.170106744056,0.722270012633,84
0.0920026539043,-0.108508307588,0.0836273169631,0.0267208401605,-0.661361975034,0.149559674769,0.734519052417,85
0.0919398091896,-0.108560199929,0.0831616564224,0.0168575574325,-0.668188469123,0.161957765423,0.725954319987,86
0.091754758409,-0.108631739319,0.0828474410656,0.0126918699729,-0.670163764649,0.169477561938,0.722493460861,87
0.0918142322209,-0.108599065597,0.083012876748,0.0156253387128,-0.668709510173,0.1658236166,0.724628158418,88
0.0918301449169,-0.108589550746,0.0829756487492,0.0151769587606,-0.669279345804,0.166935592613,0.72385587317,89
0.0918096935493,-0.108595440034,0.0832426612077,0.018204512939,-0.667143119319,0.163136833657,0.726618901184,90
0.091802365135,-0.108569419655,0.0832277516404,0.019371848054,-0.665803507127,0.162678157007,0.727919115447,91
0.0918343788075,-0.108658476128,0.0830827976217,0.0161275080312,-0.668157554922,0.164933574502,0.725329098608,92
0.0918518025396,-0.108668174222,0.0831315539074,0.0164202728184,-0.668706419372,0.163755665792,0.725083568461,93
0.0917944673068,-0.108663966029,0.0829551124227,0.0137059453122,-0.669772905131,0.168113880771,0.723155671835,94
0.0918342405933,-0.1085766942,0.0832562558704,0.0197328091313,-0.665995616278,0.160627748457,0.72818897394,95
0.0916765575599,-0.108753822774,0.0830108457745,0.0155597888863,-0.668476536755,0.169329891652,0.724033425037,96
0.0917617929492,-0.108825314257,0.083224802429,0.0192788012522,-0.666857360637,0.164841066363,0.726468864596,97
0.0917047009481,-0.108740156766,0.083366474176,0.02390406265,-0.663746971329,0.159782139833,0.730300090121,98
0.091792128363,-0.108596453938,0.0831919307271,0.0183793094707,-0.667064207614,0.163426345856,0.726621891621,99
0.0917606246904,-0.108732441256,0.0827721932044,0.0131134241355,-0.670909583152,0.170388650143,0.721578878048,100
0.0917538678933,-0.108708703151,0.0827738274674,0.0119790338964,-0.671253966456,0.170575914288,0.721233993049,101
0.0917687955731,-0.10863403232,0.0830052258152,0.0173592756665,-0.66901446692,0.164965885854,0.72450297108,102
0.091852068929,-0.108589644228,0.0831936606344,0.0186503670241,-0.667288242498,0.161687820249,0.72679819346,103
0.0918267286318,-0.108547228952,0.0829306127818,0.0134245442933,-0.669617031738,0.169010090227,0.723096398704,104
0.091816689978,-0.108585677801,0.0831478726925,0.0157873974003,-0.668075545467,0.166690245892,0.725010472722,105
0.0917712587646,-0.108689389803,0.0831855472545,0.015514754218,-0.667628803762,0.165521742017,0.725695270557,106
0.0918210113065,-0.108648436123,0.0831875174352,0.0174328176085,-0.66675957338,0.163636677051,0.726877435404,107
0.0917097330128,-0.108662875575,0.0827575586017,0.0122702395629,-0.670903536771,0.169828870654,0.721731279814,108
0.0917375649822,-0.10860657639,0.0830421980195,0.0189447790081,-0.667938494294,0.163419988038,0.725805187842,109
0.0918562472993,-0.108641145239,0.0831847087249,0.0200894309845,-0.666944019305,0.161320806492,0.727157264468,110
0.0917991060727,-0.108537437745,0.0831583619769,0.0188598788572,-0.666401784993,0.163196723295,0.727268722986,111
0.0917898317468,-0.108682289516,0.0831953687437,0.0161371801712,-0.667699501322,0.165688299322,0.725578634483,112
0.0918199032191,-0.108647762886,0.0828725101023,0.0116518908472,-0.670240231912,0.171619511806,0.721934213162,113
0.0917991201736,-0.108651827102,0.0831878779719,0.0157312921684,-0.668039923396,0.165229999891,0.7253786834,114
0.0917487379634,-0.108678791001,0.0828681405728,0.0116100185565,-0.67101464624,0.170697748082,0.721433871398,115
0.0917309763221,-0.108688536797,0.0828533592209,0.0120777853989,-0.671074188492,0.170533332597,0.721409691585,116
0.0917339745559,-0.108586356478,0.0833020364659,0.0214312485355,-0.665085007867,0.156409155432,0.729889587536,117
0.0916746094187,-0.108729336361,0.0831076212237,0.0219559034258,-0.666194347548,0.15985961057,0.728112583677,118
0.0917718875098,-0.10864055039,0.0830966930292,0.0178784724404,-0.667727334265,0.163500533613,0.726008362766,119
0.0917792343349,-0.10862623221,0.0830929968701,0.017305969557,-0.667665172784,0.164377196383,0.725881435069,120
0.0917779445152,-0.10856126688,0.0830772828082,0.0163941319759,-0.667774082711,0.165822004904,0.72547368635,121
0.0918016586734,-0.108644170575,0.0831295613126,0.0177823904666,-0.667074563851,0.16503333834,0.726263939686,122
0.0918783069289,-0.10854141852,0.0831312698939,0.0172112201725,-0.667659788877,0.163652001504,0.726052479246,123
0.0918557640669,-0.10867686392,0.0829460352387,0.0139987366139,-0.669773998773,0.167511296733,0.723288871342,124
0.0918168183139,-0.108621625308,0.0829179916717,0.013468669309,-0.669997169642,0.167841795162,0.723015573425,125
0.0917943489862,-0.108627209735,0.0830348781799,0.015048901406,-0.668957566727,0.166550565487,0.724244581355,126
0.091765413449,-0.108632709156,0.0830075334216,0.0136401490131,-0.669324420993,0.167633056413,0.723683580161,127
0.0918005383671,-0.108679199939,0.0831292643733,0.016313095864,-0.667565073647,0.165755968154,0.72568292964,128
0.0917267080021,-0.108759584372,0.0831820715181,0.0219675680884,-0.665314662463,0.162804628953,0.728264017136,129
0.0918354282856,-0.108633127139,0.0830720186794,0.0188158862586,-0.667685506379,0.164696922092,0.725752678844,130
0.0919121032263,-0.10853492715,0.0830897731682,0.0181593445878,-0.668088226391,0.163712656405,0.725621475767,131
0.0916893815796,-0.108598027387,0.0830569081968,0.0184801992148,-0.668509195121,0.164802735416,0.724978618082,132
0.0918011059853,-0.108580866038,0.0827048820864,0.011559603238,-0.671991572953,0.170634716341,0.720539724812,133
0.0917568399743,-0.108673167927,0.0830730243764,0.0180749570174,-0.668014670334,0.163616787174,0.725712920584,134
0.0917441694285,-0.108696911892,0.0830834629946,0.0165884147704,-0.668304037963,0.165180961597,0.725127428293,135
