0,1445362570,630000000,0.0,0.0,0.0,-0.0797399667325,-0.0797399667325,0.702596283584,0.702596283584,0
1,1445362578,11000000,3.30606162256,-0.796017689038,-0.360697753651,-0.0619416701723,0.0868368475394,-0.827119491011,0.551811506762,2
1,1445362582,193000000,3.29662990547,-1.12092974361,-0.554304323282,-0.0641187323706,0.083440208458,-0.828570721552,0.549906427638,369
1,1445362584,802000000,3.2275446293,-1.12050812754,-0.534325577573,-0.0695323562254,0.0895590979809,-0.828082533775,0.549020706953,604
1,1445362585,933000000,3.28834553904,-1.15034526439,-0.681755835,-0.0746677481451,0.0889444276121,-0.831088578356,0.543879941817,699
1,1445362586,907000000,3.08612655671,-1.13757794573,-0.727096583407,-0.0745134944764,0.090910229795,-0.828501919344,0.547510400725,786
1,1445362587,827000000,2.77562628193,-0.814589739335,-0.825078524633,-0.0700693376834,0.0922778022539,-0.824982031501,0.553154357145,859
1,1445362588,691000000,2.76718160284,-0.877522204035,-0.80948203201,-0.0704930485045,0.0920841092281,-0.82448560455,0.553872489686,934
1,1445362590,406000000,2.84886256974,-0.836867644359,-0.751191601007,-0.0737479912881,0.0891342239234,-0.822393538224,0.557032487556,1082
1,1445362591,389000000,2.8746273279,-0.844521401779,-0.734494951536,-0.0742973590036,0.0884020246205,-0.821906333049,0.557794733017,1170
1,1445362593,786000000,3.05644973299,-0.95009184513,-0.703762489313,-0.0637084937472,0.0855954794457,-0.827781028156,0.550811411599,1384
1,1445362595,291000000,3.02635103352,-0.895270357394,-0.684574485285,-0.0633802918314,0.0891799699477,-0.829935827109,0.547025040056,1522
1,1445362595,679000000,2.9433726642,-0.950631790133,-0.673138592954,-0.0639538248108,0.0887849864997,-0.829390755065,0.54784861949,1558
1,1445362598,11000000,3.0105600352,-0.96184498455,-0.673537455849,-0.0639319427954,0.0886826394976,-0.829469559784,0.547748432708,1760
1,1445362599,220000000,3.01907057582,-0.958317492785,-0.646843841373,-0.0638504023889,0.0887311960582,-0.829431180987,0.547808193593,1864
1,1445362599,808000000,3.03259024496,-0.592278352281,-0.598275167657,-0.0637917849889,0.0882355791018,-0.829056677574,0.548461590376,1917
1,1445362601,124000000,3.09997785102,-0.887836205965,-0.531411805049,-0.0643001128072,0.0880898991071,-0.828886778781,0.548682397321,2036
1,1445362601,812000000,3.08906580704,-0.835466036641,-0.483518138557,-0.0640849430815,0.0884342316163,-0.828685746921,0.548955771988,2090
1,1445362603,803000000,3.18062577739,-1.27548942066,-0.480120554038,-0.0640968535226,0.0879407369369,-0.828670785299,0.549056235505,2258
1,1445362605,890000000,3.22223355837,-0.490258218424,-0.385549025786,-0.0629630438005,0.0876455663142,-0.828844918202,0.548971776498,2443
1,1445362607,705000000,3.21998837176,-0.478596678924,-0.453250363766,-0.0569513380686,0.0767754318672,-0.826756056793,0.554379383373,2606
1,1445362609,793000000,3.15547830743,-0.458094681056,-0.459574524902,-0.0564382769784,0.0786245799688,-0.827154958594,0.553577068518,2789
1,1445362612,99000000,3.28366920708,-0.753689234865,-0.276307279757,-0.0575813331626,0.0833498889369,-0.825041545865,0.555916930558,3000
1,1445362615,321000000,3.28366920708,-0.753689234865,-0.276307279757,-0.0575813331626,0.0833498889369,-0.825041545865,0.555916930558,3286
1,1445362616,642000000,3.28366920708,-0.753689234865,-0.276307279757,-0.0575813331626,0.0833498889369,-0.825041545865,0.555916930558,3402
