1,1445361872,310000000,2.98314947163,-0.78055204873,-0.403268588504,-0.0454327909273,0.109351757748,-0.888382575445,0.443570123241,0
1,1445361874,259000000,2.56675461377,-0.719113871331,-0.458008643441,-0.0469782346337,0.117963694262,-0.892365066749,0.433084518257,178
1,1445361877,847000000,2.78447135126,-0.65576959311,-0.70640306519,-0.052175469081,0.112183916933,-0.896642251982,0.425117820338,499
1,1445361879,224000000,2.81553594643,-0.793579066919,-0.750885653275,-0.053024872577,0.11335859537,-0.89646663454,0.425071482106,621
1,1445361880,56000000,2.75759137127,-0.792707011451,-0.683208544479,-0.0528069689383,0.111580846201,-0.896383863841,0.425743006328,695
1,1445361880,830000000,2.61425971023,-0.837920416462,-0.697732770802,-0.0573093359725,0.109907359459,-0.897691462619,0.422830994947,756
1,1445361883,537000000,2.72031223358,-1.24380590479,-0.656687564348,-0.0574980373783,0.10365589563,-0.895535405835,0.428912307931,997
1,1445361884,436000000,3.12044959709,-0.986113288538,-0.707312245707,-0.0619488373081,0.102024527788,-0.893880331478,0.432124160725,1079
1,1445361885,907000000,3.15737335044,-1.04761886109,-0.736050156086,-0.0616723634155,0.101654634386,-0.894087678237,0.431821813394,1214
1,1445361887,316000000,3.41041931023,-0.730239953052,-0.664777093893,-0.0634307223461,0.102967904203,-0.893990318118,0.431457373651,1346
1,1445361888,340000000,3.38937847565,-0.703065009806,-0.650787146573,-0.0609440570596,0.104861443065,-0.893992908618,0.43135435434,1428
1,1445361888,927000000,2.97861849996,-0.638569587484,-0.558323370451,-0.0604197351022,0.105281380478,-0.894421362812,0.43043665304,1483
1,1445361890,414000000,3.66285749065,0.146347458273,-0.448319715682,-0.056356443427,0.097567482396,-0.89203741185,0.437691436429,1609
1,1445361894,627000000,3.7881050386,0.0559719487389,-0.501998310532,-0.0513277789395,0.0935886746213,-0.89228242733,0.438678343401,1970
1,1445361897,517000000,3.60012267025,0.245659000761,-0.520938373121,-0.0554413211975,0.093437936665,-0.892005757038,0.438772539372,2220
1,1445361901,931000000,3.54720048579,-0.133995426569,-0.368526519872,-0.0676895112659,0.0966571074104,-0.889223054769,0.441993091031,2588
