1,1445363066,497000000,2.51910324788,-0.685000459788,-0.814659483458,-0.00235443649995,-0.118005310665,0.991052184515,0.0623279299412,1
1,1445363067,498000000,2.47844754494,-0.519126364846,-0.53764513467,-0.0019822769334,-0.119906394678,0.990853817721,0.0618646829918,87
1,1445363068,803000000,2.52534119691,-0.534935880351,-0.572058123211,-0.00206849662804,-0.122871618512,0.990345991449,0.0641334850653,202
1,1445363069,888000000,2.6365919307,-0.402392745845,-0.816174181406,-0.000658921532405,-0.126781090428,0.989943524879,0.062752995797,298
1,1445363070,521000000,3.26246271725,-1.2242603251,-0.9163061871,-0.00154706813953,-0.124898817771,0.990144129131,0.0633442613525,354
1,1445363071,992000000,3.35022396727,-1.50099810776,-0.897495214817,-0.00205609514405,-0.124716191019,0.990172742564,0.0632422647768,477
1,1445363073,517000000,3.64090545154,-1.37617371831,-0.931324093566,-0.00243205457924,-0.124009069091,0.990231893855,0.0636916971577,611
1,1445363074,694000000,3.65362956368,-1.50570910908,-0.86987305377,-0.00233926062815,-0.124216570825,0.990191497479,0.0639184614309,709
1,1445363075,893000000,3.44129454051,-1.51661339253,-0.709908184772,-0.00301769893998,-0.123454525371,0.990313220033,0.0634791295368,819
1,1445363077,322000000,3.56677951649,-1.33033412268,-0.676190280891,-0.00345787362319,-0.123228215105,0.990279337943,0.0644180328369,935
1,1445363078,413000000,3.52345071989,-1.44466260932,-0.593930219012,-0.0102611981814,-0.118928193971,0.990668134158,0.0657832840109,1039
1,1445363080,803000000,3.76876900249,-1.97106321994,-0.393044914984,-0.00233174642576,-0.119967705931,0.990442097411,0.0680203217246,1258
1,1445363082,114000000,3.07830525603,-2.07123287569,-0.364383785731,-0.00121736481209,-0.115438040649,0.991204613052,0.0646992415548,1362
1,1445363083,307000000,3.87312911664,-1.79918000335,-0.490505922242,0.00488892158403,-0.111405651473,0.991656456036,0.0646711099885,1467
