2,1455140752,705000000,0.0,0.0,0.0,-0.0797399667325,-0.0797399667325,0.702596283584,0.702596283584,0
2,1455140752,736000000,0.0,0.0,0.0,-0.0797399667325,-0.0797399667325,0.702596283584,0.702596283584,1
2,1455140752,739000000,0.0,0.0,0.0,-0.0797399667325,-0.0797399667325,0.702596283584,0.702596283584,2
2,1455140752,741000000,0.0,0.0,0.0,-0.0797399667325,-0.0797399667325,0.702596283584,0.702596283584,3
2,1455140752,765000000,0.0,0.0,0.0,-0.0797399667325,-0.0797399667325,0.702596283584,0.702596283584,4
2,1455140752,773000000,0.0,0.0,0.0,-0.0797399667325,-0.0797399667325,0.702596283584,0.702596283584,5
2,1455140752,784000000,0.0,0.0,0.0,-0.0797399667325,-0.0797399667325,0.702596283584,0.702596283584,6
2,1455140752,804000000,0.0,0.0,0.0,-0.0797399667325,-0.0797399667325,0.702596283584,0.702596283584,7
2,1455140752,824000000,0.0,0.0,0.0,-0.0797399667325,-0.0797399667325,0.702596283584,0.702596283584,8
2,1455140752,826000000,0.0,0.0,0.0,-0.0797399667325,-0.0797399667325,0.702596283584,0.702596283584,9
2,1455140752,838000000,0.0,0.0,0.0,-0.0797399667325,-0.0797399667325,0.702596283584,0.702596283584,10
2,1455140752,857000000,0.0,0.0,0.0,-0.0797399667325,-0.0797399667325,0.702596283584,0.702596283584,11
2,1455140752,876000000,0.0,0.0,0.0,-0.0797399667325,-0.0797399667325,0.702596283584,0.702596283584,12
2,1455140752,890000000,0.0,0.0,0.0,-0.0797399667325,-0.0797399667325,0.702596283584,0.702596283584,13
2,1455140752,906000000,0.0,0.0,0.0,-0.0797399667325,-0.0797399667325,0.702596283584,0.702596283584,14
2,1455140752,940000000,0.0,0.0,0.0,-0.0797399667325,-0.0797399667325,0.702596283584,0.702596283584,15
2,1455140752,942000000,0.0,0.0,0.0,-0.0797399667325,-0.0797399667325,0.702596283584,0.702596283584,16
2,1455140752,956000000,0.0,0.0,0.0,-0.0797399667325,-0.0797399667325,0.702596283584,0.702596283584,17
2,1455140752,977000000,0.0,0.0,0.0,-0.0797399667325,-0.0797399667325,0.702596283584,0.702596283584,18
2,1455140753,13000000,0.0,0.0,0.0,-0.0797399667325,-0.0797399667325,0.702596283584,0.702596283584,19
2,1455140753,13000000,0.0,0.0,0.0,-0.0797399667325,-0.0797399667325,0.702596283584,0.702596283584,20
2,1455140753,26000000,0.0,0.0,0.0,-0.0797399667325,-0.0797399667325,0.702596283584,0.702596283584,21
2,1455140753,42000000,0.0,0.0,0.0,-0.0797399667325,-0.0797399667325,0.702596283584,0.702596283584,22
2,1455140753,57000000,0.0,0.0,0.0,-0.0797399667325,-0.0797399667325,0.702596283584,0.702596283584,23
2,1455140753,74000000,0.0,0.0,0.0,-0.0797399667325,-0.0797399667325,0.702596283584,0.702596283584,24
2,1455140753,96000000,0.0,0.0,0.0,-0.0797399667325,-0.0797399667325,0.702596283584,0.702596283584,25
2,1455140753,105000000,0.0,0.0,0.0,-0.0797399667325,-0.0797399667325,0.702596283584,0.702596283584,26
2,1455140753,127000000,0.0,0.0,0.0,-0.0797399667325,-0.0797399667325,0.702596283584,0.702596283584,27
2,1455140753,142000000,0.0,0.0,0.0,-0.0797399667325,-0.0797399667325,0.702596283584,0.702596283584,28
2,1455140753,163000000,0.0,0.0,0.0,-0.0797399667325,-0.0797399667325,0.702596283584,0.702596283584,29
2,1455140753,176000000,0.0,0.0,0.0,-0.0797399667325,-0.0797399667325,0.702596283584,0.702596283584,30
2,1455140753,176000000,0.0,0.0,0.0,-0.0797399667325,-0.0797399667325,0.702596283584,0.702596283584,31
2,1455140753,192000000,0.0,0.0,0.0,-0.0797399667325,-0.0797399667325,0.702596283584,0.702596283584,32
2,1455140753,210000000,0.0,0.0,0.0,-0.0797399667325,-0.0797399667325,0.702596283584,0.702596283584,33
2,1455140753,227000000,0.0,0.0,0.0,-0.0797399667325,-0.0797399667325,0.702596283584,0.702596283584,34
2,1455140753,240000000,0.0,0.0,0.0,-0.0797399667325,-0.0797399667325,0.702596283584,0.702596283584,35
2,1455140753,270000000,0.0,0.0,0.0,-0.0797399667325,-0.0797399667325,0.702596283584,0.702596283584,36
2,1455140753,270000000,0.0,0.0,0.0,-0.0797399667325,-0.0797399667325,0.702596283584,0.702596283584,37
2,1455140753,290000000,0.0,0.0,0.0,-0.0797399667325,-0.0797399667325,0.702596283584,0.702596283584,38
2,1455140753,330000000,0.0,0.0,0.0,-0.0797399667325,-0.0797399667325,0.702596283584,0.702596283584,39
2,1455140753,330000000,0.0,0.0,0.0,-0.0797399667325,-0.0797399667325,0.702596283584,0.702596283584,40
2,1455140753,330000000,0.0,0.0,0.0,-0.0797399667325,-0.0797399667325,0.702596283584,0.702596283584,41
2,1455140753,341000000,0.0,0.0,0.0,-0.0797399667325,-0.0797399667325,0.702596283584,0.702596283584,42
2,1455140753,371000000,0.0,0.0,0.0,-0.0797399667325,-0.0797399667325,0.702596283584,0.702596283584,43
2,1455140753,406000000,0.0,0.0,0.0,-0.0797399667325,-0.0797399667325,0.702596283584,0.702596283584,44
2,1455140753,414000000,0.0,0.0,0.0,-0.0797399667325,-0.0797399667325,0.702596283584,0.702596283584,45
2,1455140753,417000000,0.0,0.0,0.0,-0.0797399667325,-0.0797399667325,0.702596283584,0.702596283584,46
2,1455140753,451000000,0.0,0.0,0.0,-0.0797399667325,-0.0797399667325,0.702596283584,0.702596283584,47
2,1455140753,465000000,0.0,0.0,0.0,-0.0797399667325,-0.0797399667325,0.702596283584,0.702596283584,48
2,1455140753,456000000,0.0,0.0,0.0,-0.0797399667325,-0.0797399667325,0.702596283584,0.702596283584,49
2,1455140753,477000000,0.0,0.0,0.0,-0.0797399667325,-0.0797399667325,0.702596283584,0.702596283584,50
2,1455140753,492000000,0.0,0.0,0.0,-0.0797399667325,-0.0797399667325,0.702596283584,0.702596283584,51
2,1455140753,509000000,0.0,0.0,0.0,-0.0797399667325,-0.0797399667325,0.702596283584,0.702596283584,52
2,1455140753,530000000,0.0,0.0,0.0,-0.0797399667325,-0.0797399667325,0.702596283584,0.702596283584,53
2,1455140753,533000000,0.0,0.0,0.0,-0.0797399667325,-0.0797399667325,0.702596283584,0.702596283584,54
2,1455140753,543000000,0.0,0.0,0.0,-0.0797399667325,-0.0797399667325,0.702596283584,0.702596283584,55
2,1455140753,566000000,0.0,0.0,0.0,-0.0797399667325,-0.0797399667325,0.702596283584,0.702596283584,56
2,1455140753,592000000,0.0,0.0,0.0,-0.0797399667325,-0.0797399667325,0.702596283584,0.702596283584,57
2,1455140753,613000000,0.0,0.0,0.0,-0.0797399667325,-0.0797399667325,0.702596283584,0.702596283584,58
2,1455140753,613000000,0.0,0.0,0.0,-0.0797399667325,-0.0797399667325,0.702596283584,0.702596283584,59
2,1455140753,634000000,0.0,0.0,0.0,-0.0797399667325,-0.0797399667325,0.702596283584,0.702596283584,60
2,1455140753,652000000,0.0,0.0,0.0,-0.0797399667325,-0.0797399667325,0.702596283584,0.702596283584,61
2,1455140753,672000000,0.0,0.0,0.0,-0.0797399667325,-0.0797399667325,0.702596283584,0.702596283584,62
2,1455140753,696000000,0.0,0.0,0.0,-0.0797399667325,-0.0797399667325,0.702596283584,0.702596283584,63
2,1455140753,697000000,0.0,0.0,0.0,-0.0797399667325,-0.0797399667325,0.702596283584,0.702596283584,64
2,1455140753,707000000,0.0,0.0,0.0,-0.0797399667325,-0.0797399667325,0.702596283584,0.702596283584,65
2,1455140753,727000000,0.0,0.0,0.0,-0.0797399667325,-0.0797399667325,0.702596283584,0.702596283584,66
2,1455140753,740000000,0.0,0.0,0.0,-0.0797399667325,-0.0797399667325,0.702596283584,0.702596283584,67
2,1455140753,762000000,0.0,0.0,0.0,-0.0797399667325,-0.0797399667325,0.702596283584,0.702596283584,68
2,1455140753,788000000,0.0,0.0,0.0,-0.0797399667325,-0.0797399667325,0.702596283584,0.702596283584,69
2,1455140753,807000000,0.0,0.0,0.0,-0.0797399667325,-0.0797399667325,0.702596283584,0.702596283584,70
2,1455140753,836000000,0.0,0.0,0.0,-0.0797399667325,-0.0797399667325,0.702596283584,0.702596283584,71
2,1455140753,838000000,0.0,0.0,0.0,-0.0797399667325,-0.0797399667325,0.702596283584,0.702596283584,72
2,1455140753,862000000,0.0,0.0,0.0,-0.0797399667325,-0.0797399667325,0.702596283584,0.702596283584,73
2,1455140753,862000000,0.0,0.0,0.0,-0.0797399667325,-0.0797399667325,0.702596283584,0.702596283584,74
2,1455140753,881000000,0.0,0.0,0.0,-0.0797399667325,-0.0797399667325,0.702596283584,0.702596283584,75
2,1455140753,896000000,0.0,0.0,0.0,-0.0797399667325,-0.0797399667325,0.702596283584,0.702596283584,76
2,1455140753,913000000,0.0,0.0,0.0,-0.0797399667325,-0.0797399667325,0.702596283584,0.702596283584,77
2,1455140753,929000000,0.0,0.0,0.0,-0.0797399667325,-0.0797399667325,0.702596283584,0.702596283584,78
2,1455140753,974000000,0.0,0.0,0.0,-0.0797399667325,-0.0797399667325,0.702596283584,0.702596283584,79
2,1455140753,977000000,0.0,0.0,0.0,-0.0797399667325,-0.0797399667325,0.702596283584,0.702596283584,80
2,1455140753,989000000,0.0,0.0,0.0,-0.0797399667325,-0.0797399667325,0.702596283584,0.702596283584,81
2,1455140754,2000000,0.0,0.0,0.0,-0.0797399667325,-0.0797399667325,0.702596283584,0.702596283584,82
2,1455140754,2000000,0.0,0.0,0.0,-0.0797399667325,-0.0797399667325,0.702596283584,0.702596283584,83
2,1455140754,19000000,0.0,0.0,0.0,-0.0797399667325,-0.0797399667325,0.702596283584,0.702596283584,84
2,1455140754,50000000,0.0,0.0,0.0,-0.0797399667325,-0.0797399667325,0.702596283584,0.702596283584,85
2,1455140754,50000000,0.0,0.0,0.0,-0.0797399667325,-0.0797399667325,0.702596283584,0.702596283584,86
2,1455140754,71000000,0.0,0.0,0.0,-0.0797399667325,-0.0797399667325,0.702596283584,0.702596283584,87
2,1455140754,94000000,0.0,0.0,0.0,-0.0797399667325,-0.0797399667325,0.702596283584,0.702596283584,88
2,1455140754,94000000,0.0,0.0,0.0,-0.0797399667325,-0.0797399667325,0.702596283584,0.702596283584,89
2,1455140754,113000000,0.0,0.0,0.0,-0.0797399667325,-0.0797399667325,0.702596283584,0.702596283584,90
2,1455140754,131000000,0.0,0.0,0.0,-0.0797399667325,-0.0797399667325,0.702596283584,0.702596283584,91
2,1455140754,154000000,0.0,0.0,0.0,-0.0797399667325,-0.0797399667325,0.702596283584,0.702596283584,92
2,1455140754,187000000,0.0,0.0,0.0,-0.0797399667325,-0.0797399667325,0.702596283584,0.702596283584,93
2,1455140754,154000000,0.0,0.0,0.0,-0.0797399667325,-0.0797399667325,0.702596283584,0.702596283584,94
2,1455140754,191000000,0.0,0.0,0.0,-0.0797399667325,-0.0797399667325,0.702596283584,0.702596283584,95
2,1455140754,216000000,0.0,0.0,0.0,-0.0797399667325,-0.0797399667325,0.702596283584,0.702596283584,96
2,1455140754,236000000,0.0,0.0,0.0,-0.0797399667325,-0.0797399667325,0.702596283584,0.702596283584,97
2,1455140754,269000000,0.0,0.0,0.0,-0.0797399667325,-0.0797399667325,0.702596283584,0.702596283584,98
2,1455140754,264000000,0.0,0.0,0.0,-0.0797399667325,-0.0797399667325,0.702596283584,0.702596283584,99
2,1455140754,219000000,0.0,0.0,0.0,-0.0797399667325,-0.0797399667325,0.702596283584,0.702596283584,100
2,1455140754,280000000,0.0,0.0,0.0,-0.0797399667325,-0.0797399667325,0.702596283584,0.702596283584,101
2,1455140754,297000000,0.0,0.0,0.0,-0.0797399667325,-0.0797399667325,0.702596283584,0.702596283584,102
2,1455140754,310000000,0.0,0.0,0.0,-0.0797399667325,-0.0797399667325,0.702596283584,0.702596283584,103
2,1455140754,329000000,0.0,0.0,0.0,-0.0797399667325,-0.0797399667325,0.702596283584,0.702596283584,104
2,1455140754,343000000,0.0,0.0,0.0,-0.0797399667325,-0.0797399667325,0.702596283584,0.702596283584,105
2,1455140754,364000000,0.0,0.0,0.0,-0.0797399667325,-0.0797399667325,0.702596283584,0.702596283584,106
2,1455140754,395000000,0.0,0.0,0.0,-0.0797399667325,-0.0797399667325,0.702596283584,0.702596283584,107
2,1455140754,395000000,0.0,0.0,0.0,-0.0797399667325,-0.0797399667325,0.702596283584,0.702596283584,108
2,1455140754,428000000,0.0,0.0,0.0,-0.0797399667325,-0.0797399667325,0.702596283584,0.702596283584,109
2,1455140754,412000000,0.0,0.0,0.0,-0.0797399667325,-0.0797399667325,0.702596283584,0.702596283584,110
2,1455140754,449000000,0.0,0.0,0.0,-0.0797399667325,-0.0797399667325,0.702596283584,0.702596283584,111
2,1455140754,452000000,0.0,0.0,0.0,-0.0797399667325,-0.0797399667325,0.702596283584,0.702596283584,112
2,1455140754,467000000,0.0,0.0,0.0,-0.0797399667325,-0.0797399667325,0.702596283584,0.702596283584,113
2,1455140754,495000000,0.0,0.0,0.0,-0.0797399667325,-0.0797399667325,0.702596283584,0.702596283584,114
2,1455140754,515000000,0.0,0.0,0.0,-0.0797399667325,-0.0797399667325,0.702596283584,0.702596283584,115
2,1455140754,529000000,0.0,0.0,0.0,-0.0797399667325,-0.0797399667325,0.702596283584,0.702596283584,116
2,1455140754,544000000,0.0,0.0,0.0,-0.0797399667325,-0.0797399667325,0.702596283584,0.702596283584,117
2,1455140754,573000000,0.0,0.0,0.0,-0.0797399667325,-0.0797399667325,0.702596283584,0.702596283584,118
2,1455140754,499000000,0.0,0.0,0.0,-0.0797399667325,-0.0797399667325,0.702596283584,0.702596283584,119
2,1455140754,595000000,0.0,0.0,0.0,-0.0797399667325,-0.0797399667325,0.702596283584,0.702596283584,120
2,1455140754,612000000,0.0,0.0,0.0,-0.0797399667325,-0.0797399667325,0.702596283584,0.702596283584,121
2,1455140754,629000000,0.0,0.0,0.0,-0.0797399667325,-0.0797399667325,0.702596283584,0.702596283584,122
2,1455140754,643000000,0.0,0.0,0.0,-0.0797399667325,-0.0797399667325,0.702596283584,0.702596283584,123
2,1455140754,663000000,0.0,0.0,0.0,-0.0797399667325,-0.0797399667325,0.702596283584,0.702596283584,124
2,1455140754,688000000,0.0,0.0,0.0,-0.0797399667325,-0.0797399667325,0.702596283584,0.702596283584,125
2,1455140754,688000000,0.0,0.0,0.0,-0.0797399667325,-0.0797399667325,0.702596283584,0.702596283584,126
2,1455140754,699000000,0.0,0.0,0.0,-0.0797399667325,-0.0797399667325,0.702596283584,0.702596283584,127
2,1455140754,710000000,0.0,0.0,0.0,-0.0797399667325,-0.0797399667325,0.702596283584,0.702596283584,128
2,1455140754,731000000,0.0,0.0,0.0,-0.0797399667325,-0.0797399667325,0.702596283584,0.702596283584,129
2,1455140754,749000000,0.0,0.0,0.0,-0.0797399667325,-0.0797399667325,0.702596283584,0.702596283584,130
2,1455140754,762000000,0.0,0.0,0.0,-0.0797399667325,-0.0797399667325,0.702596283584,0.702596283584,131
2,1455140754,779000000,0.0,0.0,0.0,-0.0797399667325,-0.0797399667325,0.702596283584,0.702596283584,132
2,1455140754,799000000,0.0,0.0,0.0,-0.0797399667325,-0.0797399667325,0.702596283584,0.702596283584,133
2,1455140754,811000000,0.0,0.0,0.0,-0.0797399667325,-0.0797399667325,0.702596283584,0.702596283584,134
2,1455140754,832000000,0.0,0.0,0.0,-0.0797399667325,-0.0797399667325,0.702596283584,0.702596283584,135
2,1455140754,848000000,0.0,0.0,0.0,-0.0797399667325,-0.0797399667325,0.702596283584,0.702596283584,136
2,1455140754,861000000,0.0,0.0,0.0,-0.0797399667325,-0.0797399667325,0.702596283584,0.702596283584,137
2,1455140754,890000000,0.0,0.0,0.0,-0.0797399667325,-0.0797399667325,0.702596283584,0.702596283584,138
2,1455140754,892000000,0.0,0.0,0.0,-0.0797399667325,-0.0797399667325,0.702596283584,0.702596283584,139
2,1455140754,904000000,0.0,0.0,0.0,-0.0797399667325,-0.0797399667325,0.702596283584,0.702596283584,140
2,1455140754,928000000,0.0,0.0,0.0,-0.0797399667325,-0.0797399667325,0.702596283584,0.702596283584,141
2,1455140754,953000000,0.0,0.0,0.0,-0.0797399667325,-0.0797399667325,0.702596283584,0.702596283584,142
2,1455140754,970000000,0.0,0.0,0.0,-0.0797399667325,-0.0797399667325,0.702596283584,0.702596283584,143
2,1455140754,968000000,0.0,0.0,0.0,-0.0797399667325,-0.0797399667325,0.702596283584,0.702596283584,144
2,1455140754,996000000,0.0,0.0,0.0,-0.0797399667325,-0.0797399667325,0.702596283584,0.702596283584,145
2,1455140755,13000000,0.0,0.0,0.0,-0.0797399667325,-0.0797399667325,0.702596283584,0.702596283584,146
2,1455140755,16000000,0.0,0.0,0.0,-0.0797399667325,-0.0797399667325,0.702596283584,0.702596283584,147
2,1455140755,29000000,0.0,0.0,0.0,-0.0797399667325,-0.0797399667325,0.702596283584,0.702596283584,148
2,1455140755,50000000,0.0,0.0,0.0,-0.0797399667325,-0.0797399667325,0.702596283584,0.702596283584,149
2,1455140755,63000000,0.0,0.0,0.0,-0.0797399667325,-0.0797399667325,0.702596283584,0.702596283584,150
2,1455140755,80000000,0.0,0.0,0.0,-0.0797399667325,-0.0797399667325,0.702596283584,0.702596283584,151
2,1455140755,96000000,0.0,0.0,0.0,-0.0797399667325,-0.0797399667325,0.702596283584,0.702596283584,152
2,1455140755,113000000,0.0,0.0,0.0,-0.0797399667325,-0.0797399667325,0.702596283584,0.702596283584,153
2,1455140755,128000000,0.0,0.0,0.0,-0.0797399667325,-0.0797399667325,0.702596283584,0.702596283584,154
2,1455140755,143000000,0.0,0.0,0.0,-0.0797399667325,-0.0797399667325,0.702596283584,0.702596283584,155
2,1455140755,164000000,0.0,0.0,0.0,-0.0797399667325,-0.0797399667325,0.702596283584,0.702596283584,156
2,1455140755,192000000,0.0,0.0,0.0,-0.0797399667325,-0.0797399667325,0.702596283584,0.702596283584,157
2,1455140755,196000000,0.0,0.0,0.0,-0.0797399667325,-0.0797399667325,0.702596283584,0.702596283584,158
2,1455140755,216000000,0.0,0.0,0.0,-0.0797399667325,-0.0797399667325,0.702596283584,0.702596283584,159
2,1455140755,220000000,0.0,0.0,0.0,-0.0797399667325,-0.0797399667325,0.702596283584,0.702596283584,160
2,1455140755,238000000,0.0,0.0,0.0,-0.0797399667325,-0.0797399667325,0.702596283584,0.702596283584,161
2,1455140755,262000000,0.0,0.0,0.0,-0.0797399667325,-0.0797399667325,0.702596283584,0.702596283584,162
2,1455140755,267000000,0.0,0.0,0.0,-0.0797399667325,-0.0797399667325,0.702596283584,0.702596283584,163
2,1455140755,312000000,0.0,0.0,0.0,-0.0797399667325,-0.0797399667325,0.702596283584,0.702596283584,164
2,1455140755,293000000,0.0,0.0,0.0,-0.0797399667325,-0.0797399667325,0.702596283584,0.702596283584,165
2,1455140755,313000000,0.0,0.0,0.0,-0.0797399667325,-0.0797399667325,0.702596283584,0.702596283584,166
2,1455140755,344000000,0.0,0.0,0.0,-0.0797399667325,-0.0797399667325,0.702596283584,0.702596283584,167
2,1455140755,363000000,0.0,0.0,0.0,-0.0797399667325,-0.0797399667325,0.702596283584,0.702596283584,168
2,1455140755,400000000,0.0,0.0,0.0,-0.0797399667325,-0.0797399667325,0.702596283584,0.702596283584,169
2,1455140755,403000000,0.0,0.0,0.0,-0.0797399667325,-0.0797399667325,0.702596283584,0.702596283584,170
2,1455140755,415000000,0.0,0.0,0.0,-0.0797399667325,-0.0797399667325,0.702596283584,0.702596283584,171
2,1455140755,334000000,0.0,0.0,0.0,-0.0797399667325,-0.0797399667325,0.702596283584,0.702596283584,172
2,1455140755,449000000,0.0,0.0,0.0,-0.0797399667325,-0.0797399667325,0.702596283584,0.702596283584,173
2,1455140755,430000000,0.0,0.0,0.0,-0.0797399667325,-0.0797399667325,0.702596283584,0.702596283584,174
2,1455140755,455000000,0.0,0.0,0.0,-0.0797399667325,-0.0797399667325,0.702596283584,0.702596283584,175
2,1455140755,471000000,0.0,0.0,0.0,-0.0797399667325,-0.0797399667325,0.702596283584,0.702596283584,176
2,1455140755,498000000,0.0,0.0,0.0,-0.0797399667325,-0.0797399667325,0.702596283584,0.702596283584,177
2,1455140755,498000000,0.0,0.0,0.0,-0.0797399667325,-0.0797399667325,0.702596283584,0.702596283584,178
2,1455140755,513000000,0.0,0.0,0.0,-0.0797399667325,-0.0797399667325,0.702596283584,0.702596283584,179
2,1455140755,529000000,0.0,0.0,0.0,-0.0797399667325,-0.0797399667325,0.702596283584,0.702596283584,180
2,1455140755,548000000,0.0,0.0,0.0,-0.0797399667325,-0.0797399667325,0.702596283584,0.702596283584,181
2,1455140755,582000000,0.0,0.0,0.0,-0.0797399667325,-0.0797399667325,0.702596283584,0.702596283584,182
2,1455140755,582000000,0.0,0.0,0.0,-0.0797399667325,-0.0797399667325,0.702596283584,0.702596283584,183
2,1455140755,599000000,0.0,0.0,0.0,-0.0797399667325,-0.0797399667325,0.702596283584,0.702596283584,184
2,1455140755,631000000,0.0,0.0,0.0,-0.0797399667325,-0.0797399667325,0.702596283584,0.702596283584,185
2,1455140755,642000000,0.0,0.0,0.0,-0.0797399667325,-0.0797399667325,0.702596283584,0.702596283584,186
2,1455140755,617000000,0.0,0.0,0.0,-0.0797399667325,-0.0797399667325,0.702596283584,0.702596283584,187
2,1455140755,673000000,0.0,0.0,0.0,-0.0797399667325,-0.0797399667325,0.702596283584,0.702596283584,188
2,1455140755,710000000,0.0,0.0,0.0,-0.0797399667325,-0.0797399667325,0.702596283584,0.702596283584,189
2,1455140755,714000000,0.0,0.0,0.0,-0.0797399667325,-0.0797399667325,0.702596283584,0.702596283584,190
2,1455140755,732000000,0.0,0.0,0.0,-0.0797399667325,-0.0797399667325,0.702596283584,0.702596283584,191
2,1455140755,684000000,0.0,0.0,0.0,-0.0797399667325,-0.0797399667325,0.702596283584,0.702596283584,192
2,1455140755,736000000,0.0,0.0,0.0,-0.0797399667325,-0.0797399667325,0.702596283584,0.702596283584,193
2,1455140755,752000000,0.0,0.0,0.0,-0.0797399667325,-0.0797399667325,0.702596283584,0.702596283584,194
2,1455140755,765000000,0.0,0.0,0.0,-0.0797399667325,-0.0797399667325,0.702596283584,0.702596283584,195
2,1455140755,797000000,0.0,0.0,0.0,-0.0797399667325,-0.0797399667325,0.702596283584,0.702596283584,196
2,1455140755,817000000,0.0,0.0,0.0,-0.0797399667325,-0.0797399667325,0.702596283584,0.702596283584,197
2,1455140755,832000000,0.0,0.0,0.0,-0.0797399667325,-0.0797399667325,0.702596283584,0.702596283584,198
2,1455140755,850000000,0.0,0.0,0.0,-0.0797399667325,-0.0797399667325,0.702596283584,0.702596283584,199
2,1455140755,867000000,0.0,0.0,0.0,-0.0797399667325,-0.0797399667325,0.702596283584,0.702596283584,200
1,1455140755,891000000,2.74123541182,2.52831133944,-0.565997918269,0.196228897366,-0.522521070833,-0.748769813883,0.357504847787,201
1,1455140755,891000000,2.74123541182,2.52831133944,-0.565997918269,0.196228897366,-0.522521070833,-0.748769813883,0.357504847787,202
1,1455140755,929000000,2.73208161204,2.56122817379,-0.590523433013,0.228685190796,-0.51113609951,-0.73163351855,0.388787044309,203
1,1455140755,939000000,2.72924952139,2.5686901285,-0.595721821805,0.236007974818,-0.508217074143,-0.727437204964,0.396043879142,204
1,1455140755,961000000,2.72619986301,2.57574608612,-0.600549257656,0.242848404211,-0.505315514323,-0.723370328914,0.403008995933,205
1,1455140755,968000000,2.72292586359,2.58236844332,-0.605046736595,0.249239763841,-0.502492672312,-0.719404717348,0.409679761584,206
1,1455140755,989000000,2.71160404418,2.59968444075,-0.616839601928,0.264855205308,-0.496331556451,-0.708531007198,0.426017039719,207
1,1455140756,9000000,2.70294687947,2.60863216051,-0.621891581228,0.271830734664,-0.495468856525,-0.701614173581,0.434000248084,208
1,1455140756,12000000,2.70294687947,2.60863216051,-0.621891581228,0.271830734664,-0.495468856525,-0.701614173581,0.434000248084,209
1,1455140756,33000000,2.69415368609,2.61623894727,-0.625662058184,0.277393719127,-0.496316661113,-0.694741132316,0.440519302142,210
1,1455140756,52000000,2.685382741,2.62281437722,-0.628651703521,0.284232787061,-0.49662193388,-0.687716254158,0.44679383536,211
1,1455140756,72000000,2.68095974649,2.62578088793,-0.629947731839,0.288409693441,-0.496438174386,-0.684332177964,0.44950912999,212
1,1455140756,94000000,2.66744821582,2.63312538242,-0.63297834027,0.302376381605,-0.496857216243,-0.674140562092,0.455231735556,213
1,1455140756,94000000,2.66744821582,2.63312538242,-0.63297834027,0.302376381605,-0.496857216243,-0.674140562092,0.455231735556,214
1,1455140756,119000000,2.65386333695,2.63868379779,-0.634691408562,0.312456596008,-0.501643175645,-0.664297556759,0.457639329629,215
1,1455140756,127000000,2.64959967141,2.64041365136,-0.634903378771,0.314926512865,-0.503903708806,-0.660926404187,0.458343356006,216
1,1455140756,144000000,2.64547713311,2.64202989811,-0.634968418445,0.317629858614,-0.506215137838,-0.657126257232,0.459393719152,217
1,1455140756,185000000,2.63034785203,2.64701179712,-0.634619170433,0.332556239594,-0.514081299412,-0.639051651742,0.465553167219,218
1,1455140756,192000000,2.62672140698,2.64792133557,-0.634517350655,0.336492778973,-0.515859613262,-0.634914100889,0.466417788678,219
1,1455140756,198000000,2.62672140698,2.64792133557,-0.634517350655,0.336492778973,-0.515859613262,-0.634914100889,0.466417788678,220
1,1455140756,221000000,2.61633180929,2.65025877212,-0.633600181677,0.347082545728,-0.522110626671,-0.624047247595,0.466368130062,221
1,1455140756,227000000,2.61297570531,2.65093340098,-0.633017150813,0.349968628167,-0.524683621089,-0.62080016942,0.465656747731,222
1,1455140756,250000000,2.60644551817,2.65211753883,-0.631671757441,0.354486415974,-0.530063447185,-0.615156991545,0.463631317537,223
1,1455140756,281000000,2.59741678846,2.65339228475,-0.629929259648,0.357912135502,-0.538228092824,-0.60934702352,0.45924462793,224
1,1455140756,286000000,2.59464612655,2.65363991,-0.62947236681,0.358331745889,-0.540844862809,-0.608176547502,0.457390950206,225
1,1455140756,259000000,2.60644551817,2.65211753883,-0.631671757441,0.354486415974,-0.530063447185,-0.615156991545,0.463631317537,226
1,1455140756,307000000,2.5919895096,2.65377708079,-0.629063622379,0.3583910169,-0.543392837311,-0.60741378701,0.455333498345,227
1,1455140756,337000000,2.58475744072,2.65383569389,-0.62795440728,0.354778144445,-0.551453909325,-0.608803518836,0.446530323234,228
1,1455140756,344000000,2.5825567957,2.65371745991,-0.627555845829,0.352552680657,-0.554570566255,-0.609967662736,0.442829024367,229
1,1455140756,359000000,2.5825567957,2.65371745991,-0.627555845829,0.352552680657,-0.554570566255,-0.609967662736,0.442829024367,230
1,1455140756,378000000,2.57532332003,2.65322667193,-0.625780491766,0.340916559229,-0.566787350047,-0.616681004608,0.426887031925,231
1,1455140756,399000000,2.57286485083,2.65366543014,-0.624971854995,0.335791655307,-0.571034349469,-0.619918652955,0.420552731142,232
1,1455140756,404000000,2.57286485083,2.65366543014,-0.624971854995,0.335791655307,-0.571034349469,-0.619918652955,0.420552731142,233
1,1455140756,422000000,2.57150934348,2.65490604794,-0.624136225594,0.33316682856,-0.57302492334,-0.622007215767,0.416832490471,234
1,1455140756,436000000,2.5709607726,2.6567213837,-0.62315594903,0.333206394883,-0.573261014819,-0.622460736029,0.415797955022,235
1,1455140756,468000000,2.57093950125,2.65994905623,-0.621723548877,0.335502273016,-0.571591659214,-0.621779129457,0.417267197476,236
1,1455140756,468000000,2.57093950125,2.65994905623,-0.621723548877,0.335502273016,-0.571591659214,-0.621779129457,0.417267197476,237
1,1455140756,496000000,2.57106970723,2.66203887396,-0.620902140078,0.336706921604,-0.57002363324,-0.621421351597,0.418971371662,238
1,1455140756,501000000,2.57106970723,2.66203887396,-0.620902140078,0.336706921604,-0.57002363324,-0.621421351597,0.418971371662,239
1,1455140756,518000000,2.57133180101,2.66489978393,-0.619892637854,0.335783732074,-0.567889248614,-0.622217685581,0.421421687071,240
1,1455140756,530000000,2.57133180101,2.66489978393,-0.619892637854,0.335783732074,-0.567889248614,-0.622217685581,0.421421687071,241
1,1455140756,543000000,2.57243436104,2.6666077818,-0.619264923015,0.333393731476,-0.565901154867,-0.623745987378,0.423728033015,242
1,1455140756,580000000,2.58064877014,2.66926793952,-0.618279421009,0.324893762734,-0.55749711307,-0.628180708404,0.434775815156,243
1,1455140756,580000000,2.58064877014,2.66926793952,-0.618279421009,0.324893762734,-0.55749711307,-0.628180708404,0.434775815156,244
1,1455140756,600000000,2.5888247842,2.67043777324,-0.617904017088,0.317322473178,-0.549798949651,-0.632518699012,0.443787852898,245
1,1455140756,609000000,2.59399301443,2.67096536451,-0.617588911821,0.31299237678,-0.544967604344,-0.635269231614,0.448864217396,246
1,1455140756,634000000,2.60641164344,2.67193600445,-0.616089610206,0.303045743254,-0.533677480137,-0.641906837454,0.459681668897,247
1,1455140756,640000000,2.61428141509,2.67211765354,-0.614970903937,0.297208887701,-0.526906362029,-0.645696289288,0.465953715217,248
1,1455140756,677000000,2.65337164213,2.67461108386,-0.605330432785,0.265842759,-0.497830022919,-0.660963408196,0.494591011639,249
1,1455140756,683000000,2.65337164213,2.67461108386,-0.605330432785,0.265842759,-0.497830022919,-0.660963408196,0.494591011639,250
1,1455140756,683000000,2.65337164213,2.67461108386,-0.605330432785,0.265842759,-0.497830022919,-0.660963408196,0.494591011639,251
1,1455140756,706000000,2.68875572187,2.68142648027,-0.591508473581,0.248484562226,-0.4658425923,-0.668956048426,0.523205415501,252
1,1455140756,738000000,2.72944558072,2.69126247124,-0.570982826172,0.245770836782,-0.435530885071,-0.670172943142,0.548432101739,253
1,1455140756,740000000,2.72944558072,2.69126247124,-0.570982826172,0.245770836782,-0.435530885071,-0.670172943142,0.548432101739,254
1,1455140756,769000000,2.77409727414,2.70137477779,-0.545208523462,0.252928209236,-0.415593146484,-0.668749660442,0.562213081694,255
1,1455140756,772000000,2.77409727414,2.70137477779,-0.545208523462,0.252928209236,-0.415593146484,-0.668749660442,0.562213081694,256
1,1455140756,788000000,2.80524434564,2.70832595849,-0.524735442649,0.261211844694,-0.410206799787,-0.667221040959,0.564193970281,257
1,1455140756,793000000,2.80524434564,2.70832595849,-0.524735442649,0.261211844694,-0.410206799787,-0.667221040959,0.564193970281,258
1,1455140756,816000000,2.85314891855,2.71955564244,-0.48696857439,0.280380865058,-0.412242253344,-0.66150218306,0.560230092796,259
1,1455140756,845000000,2.88522862268,2.72780522791,-0.457651306535,0.297108716734,-0.418768750931,-0.655992487225,0.553202494923,260
1,1455140756,849000000,2.88522862268,2.72780522791,-0.457651306535,0.297108716734,-0.418768750931,-0.655992487225,0.553202494923,261
1,1455140756,873000000,2.94826993906,2.74656786505,-0.391844294997,0.339374486003,-0.438176313598,-0.640355781591,0.531762117337,262
1,1455140756,879000000,2.94826993906,2.74656786505,-0.391844294997,0.339374486003,-0.438176313598,-0.640355781591,0.531762117337,263
1,1455140756,903000000,2.97767699075,2.75748447383,-0.355548385355,0.36800027668,-0.450294698248,-0.626969020722,0.518382414968,264
1,1455140756,908000000,2.99130550036,2.76327800331,-0.336556960285,0.384477177821,-0.457384597148,-0.618166332417,0.510731843037,265
1,1455140756,927000000,3.01674569449,2.77542677746,-0.29779995728,0.420336258527,-0.471177667621,-0.596431065233,0.495559299911,266
1,1455140756,929000000,3.01674569449,2.77542677746,-0.29779995728,0.420336258527,-0.471177667621,-0.596431065233,0.495559299911,267
1,1455140756,952000000,3.03926346848,2.7879998847,-0.258440442093,0.458208245466,-0.484727350725,-0.56956793032,0.480288425841,268
1,1455140756,968000000,3.05882538108,2.80010680596,-0.219192960575,0.495210640608,-0.499596243708,-0.539929117901,0.462219171328,269
1,1455140756,996000000,3.0756854541,2.81145328648,-0.180865070679,0.531129445099,-0.515009789399,-0.507925692887,0.441223208679,270
1,1455140756,996000000,3.0756854541,2.81145328648,-0.180865070679,0.531129445099,-0.515009789399,-0.507925692887,0.441223208679,271
1,1455140757,16000000,3.09587878411,2.82736867844,-0.126827657734,0.583882704121,-0.537845878655,-0.454159766641,0.404402899356,272
1,1455140757,30000000,3.10130227655,2.83234228994,-0.110137756592,0.601024010333,-0.545418320255,-0.434829505858,0.390143942371,273
1,1455140757,79000000,3.1201698227,2.85313447468,-0.0387102159924,0.678936167282,-0.580872014838,-0.331443662346,0.302949635789,274
1,1455140757,79000000,3.1201698227,2.85313447468,-0.0387102159924,0.678936167282,-0.580872014838,-0.331443662346,0.302949635789,275
1,1455140757,79000000,3.1201698227,2.85313447468,-0.0387102159924,0.678936167282,-0.580872014838,-0.331443662346,0.302949635789,276
1,1455140757,105000000,3.12540360736,2.86134123425,-0.00668194377833,0.713138876392,-0.600457149652,-0.271417505956,0.239200108427,277
1,1455140757,132000000,3.12630017414,2.86575384453,0.0107852968478,0.728507384104,-0.609877959427,-0.238863697998,0.200673863992,278
1,1455140757,132000000,3.12630017414,2.86575384453,0.0107852968478,0.728507384104,-0.609877959427,-0.238863697998,0.200673863992,279
1,1455140757,160000000,3.12354336691,2.87056724823,0.0327329181966,0.741025495746,-0.620677866687,-0.204223787363,0.154702440626,280
1,1455140757,160000000,3.12354336691,2.87056724823,0.0327329181966,0.741025495746,-0.620677866687,-0.204223787363,0.154702440626,281
1,1455140757,190000000,3.11958396764,2.87447414031,0.0482030586804,0.745746897709,-0.625492882287,-0.188221217039,0.13112205086,282
1,1455140757,185000000,3.12074759349,2.87310565297,0.0439188684946,0.744631995746,-0.624800774808,-0.191625962282,0.135744883109,283
1,1455140757,206000000,3.11758859204,2.87778795538,0.0543326158021,0.74708829157,-0.624853226512,-0.185092670493,0.130989439449,284
1,1455140757,240000000,3.11422782217,2.88313239064,0.0569995019471,0.746052195794,-0.622725021251,-0.185495267766,0.145640566791,285
1,1455140757,253000000,3.11288190244,2.88468435756,0.0559946228039,0.744608774718,-0.622124913167,-0.187635078135,0.152680851726,286
1,1455140757,272000000,3.10973719415,2.88707119998,0.0511486274584,0.739980699571,-0.620993088744,-0.196464846776,0.167921743607,287
1,1455140757,276000000,3.10973719415,2.88707119998,0.0511486274584,0.739980699571,-0.620993088744,-0.196464846776,0.167921743607,288
1,1455140757,295000000,3.10338255532,2.88860400783,0.0364985476266,0.726879422434,-0.617262669461,-0.224862489886,0.200174830522,289
1,1455140757,300000000,3.10338255532,2.88860400783,0.0364985476266,0.726879422434,-0.617262669461,-0.224862489886,0.200174830522,290
1,1455140757,321000000,3.09730121345,2.88827535381,0.0228698822805,0.715170197037,-0.61377549188,-0.248027042897,0.224262838717,291
1,1455140757,339000000,3.08966675898,2.88687531613,0.0064705093333,0.700339421364,-0.609330035128,-0.274786388008,0.250467650884,292
1,1455140757,352000000,3.08966675898,2.88687531613,0.0064705093333,0.700339421364,-0.609330035128,-0.274786388008,0.250467650884,293
1,1455140757,368000000,3.07455508818,2.88256349365,-0.0222597390082,0.672280728058,-0.60041371425,-0.319078953307,0.292797909791,294
1,1455140757,402000000,3.05220076425,2.87698128885,-0.0561283794131,0.638231519101,-0.588396686645,-0.365743994851,0.335680201087,295
1,1455140757,405000000,3.0433930495,2.87463163927,-0.0680487943178,0.625264527361,-0.583745331851,-0.381818922708,0.349999955184,296
1,1455140757,429000000,3.02353788913,2.86939040721,-0.0923808390413,0.596604114085,-0.573622750936,-0.414814207199,0.378086820945,297
1,1455140757,429000000,3.02353788913,2.86939040721,-0.0923808390413,0.596604114085,-0.573622750936,-0.414814207199,0.378086820945,298
1,1455140757,463000000,2.97549217191,2.85726760459,-0.139756927361,0.532469515433,-0.548500067389,-0.477859909176,0.432751427971,299
1,1455140757,489000000,2.94816635918,2.85100669881,-0.163029478415,0.498565260301,-0.533924880139,-0.506385025575,0.458182397592,300
1,1455140757,493000000,2.94816635918,2.85100669881,-0.163029478415,0.498565260301,-0.533924880139,-0.506385025575,0.458182397592,301
1,1455140757,463000000,2.97549217191,2.85726760459,-0.139756927361,0.532469515433,-0.548500067389,-0.477859909176,0.432751427971,302
1,1455140757,524000000,2.88826556472,2.83783108189,-0.205961309502,0.430139220163,-0.501439982753,-0.557651419967,0.502556552821,303
1,1455140757,524000000,2.88826556472,2.83783108189,-0.205961309502,0.430139220163,-0.501439982753,-0.557651419967,0.502556552821,304
1,1455140757,540000000,2.87265423508,2.8343903136,-0.215784541272,0.413590335265,-0.492667749613,-0.569256756354,0.512023699072,305
1,1455140757,583000000,2.79268192783,2.81529184421,-0.262090934759,0.336425179886,-0.451254450238,-0.6230670683,0.543115961723,306
1,1455140757,583000000,2.79268192783,2.81529184421,-0.262090934759,0.336425179886,-0.451254450238,-0.6230670683,0.543115961723,307
1,1455140757,586000000,2.79268192783,2.81529184421,-0.262090934759,0.336425179886,-0.451254450238,-0.6230670683,0.543115961723,308
1,1455140757,618000000,2.74253966297,2.80244918866,-0.287788208931,0.29022132756,-0.436689499513,-0.655558201718,0.543431050093,309
1,1455140757,623000000,2.74253966297,2.80244918866,-0.287788208931,0.29022132756,-0.436689499513,-0.655558201718,0.543431050093,310
1,1455140757,638000000,2.70860325714,2.79412467412,-0.303007456569,0.260246191216,-0.432072562899,-0.675471776624,0.537887627048,311
1,1455140757,644000000,2.69166229078,2.79017672809,-0.310056484453,0.2462184081,-0.431009087738,-0.68452054653,0.533890703401,312
1,1455140757,674000000,2.64172741427,2.77951228685,-0.330724773686,0.21050126613,-0.432239449492,-0.707330259062,0.518210555543,313
1,1455140757,684000000,2.62549666759,2.7764743249,-0.33797101221,0.200719786503,-0.434139270543,-0.71383371781,0.511542847077,314
1,1455140757,703000000,2.59333922746,2.77160772818,-0.351489374397,0.182943021051,-0.440259424283,-0.7254164546,0.496461939904,315
1,1455140757,728000000,2.56214179368,2.76841198766,-0.363224157373,0.167623397712,-0.449774695743,-0.734563485816,0.479605676483,316
1,1455140757,732000000,2.56214179368,2.76841198766,-0.363224157373,0.167623397712,-0.449774695743,-0.734563485816,0.479605676483,317
1,1455140757,707000000,2.59333922746,2.77160772818,-0.351489374397,0.182943021051,-0.440259424283,-0.7254164546,0.496461939904,318
1,1455140757,753000000,2.51803194721,2.76680534631,-0.377569386906,0.151750490675,-0.467891507302,-0.742714355658,0.45433986384,319
1,1455140757,801000000,2.46429863319,2.76909743039,-0.394081780283,0.145277405105,-0.497180659888,-0.746582515291,0.41751696356,320
1,1455140757,804000000,2.4516880935,2.77059701262,-0.397431088509,0.14419127339,-0.506132453718,-0.746580545992,0.407008973265,321
1,1455140757,772000000,2.49046004177,2.76732518621,-0.386188854767,0.147255310827,-0.481261446056,-0.745449180411,0.437045550712,322
1,1455140757,832000000,2.42752535519,2.77466862694,-0.402865196286,0.142042553,-0.525546821881,-0.74497500249,0.385534300437,323
1,1455140757,854000000,2.3936988554,2.78310561013,-0.408781245464,0.14028807067,-0.555476496976,-0.739420776227,0.353584550311,324
1,1455140757,859000000,2.3936988554,2.78310561013,-0.408781245464,0.14028807067,-0.555476496976,-0.739420776227,0.353584550311,325
1,1455140757,886000000,2.37404976431,2.78970654722,-0.411308741732,0.139676953022,-0.575441004745,-0.734345396714,0.331805420657,326
1,1455140757,829000000,2.42752535519,2.77466862694,-0.402865196286,0.142042553,-0.525546821881,-0.74497500249,0.385534300437,327
1,1455140757,906000000,2.34944761537,2.8011242806,-0.412335556669,0.138199501605,-0.604559462386,-0.724274869564,0.301387902068,328
1,1455140757,931000000,2.32844341522,2.8143766518,-0.41138850238,0.139792140586,-0.624902957312,-0.714663889149,0.281442670752,329
1,1455140757,935000000,2.32844341522,2.8143766518,-0.41138850238,0.139792140586,-0.624902957312,-0.714663889149,0.281442670752,330
1,1455140757,969000000,2.31612965815,2.82432976362,-0.410218044921,0.141151088087,-0.634294686794,-0.711376462121,0.267750162982,331
1,1455140757,987000000,2.30121042384,2.83931836958,-0.40561856827,0.145260446212,-0.649101277223,-0.703468279276,0.250398312146,332
1,1455140758,12000000,2.29321191523,2.8488647237,-0.40123616349,0.146023261874,-0.65959924574,-0.697097585921,0.240127044946,333
1,1455140757,969000000,2.31612965815,2.82432976362,-0.410218044921,0.141151088087,-0.634294686794,-0.711376462121,0.267750162982,334
1,1455140758,35000000,2.28395079719,2.86246903751,-0.39414900646,0.14322195567,-0.672232697895,-0.69100697659,0.223830358976,335
1,1455140758,38000000,2.28395079719,2.86246903751,-0.39414900646,0.14322195567,-0.672232697895,-0.69100697659,0.223830358976,336
1,1455140758,58000000,2.27974991668,2.87050260963,-0.389859581848,0.14286956087,-0.677767477664,-0.688015734822,0.216457578836,337
1,1455140758,93000000,2.2754574439,2.88276122189,-0.382698513052,0.14474902532,-0.681660137777,-0.685374464867,0.211303145131,338
1,1455140758,93000000,2.2754574439,2.88276122189,-0.382698513052,0.14474902532,-0.681660137777,-0.685374464867,0.211303145131,339
1,1455140758,24000000,2.28664927765,2.85809851753,-0.39649000655,0.144057847544,-0.668543908164,-0.692770005901,0.228836400822,340
1,1455140758,123000000,2.2752244503,2.88896460182,-0.378046234236,0.148876777951,-0.680347597269,-0.684872833938,0.214270980795,341
1,1455140758,130000000,2.2752244503,2.88896460182,-0.378046234236,0.148876777951,-0.680347597269,-0.684872833938,0.214270980795,342
1,1455140758,155000000,2.27700686562,2.8940291768,-0.373904174073,0.155071088813,-0.676208327552,-0.685474287586,0.220953063392,343
1,1455140758,178000000,2.27884417235,2.89720658632,-0.37128887674,0.158606236629,-0.672451362797,-0.686812265662,0.225703651081,344
1,1455140758,159000000,2.27700686562,2.8940291768,-0.373904174073,0.155071088813,-0.676208327552,-0.685474287586,0.220953063392,345
1,1455140758,183000000,2.27984439878,2.89880322232,-0.369983098449,0.159834780423,-0.670597087099,-0.687659385387,0.227765140946,346
1,1455140758,202000000,2.28189541354,2.90200917744,-0.367439729512,0.161511652812,-0.666610696143,-0.689786219509,0.231817033819,347
1,1455140758,221000000,2.28294640152,2.90368373263,-0.366187930871,0.162013773401,-0.664713717799,-0.690923391023,0.23352104474,348
1,1455140758,243000000,2.28617756122,2.90905587407,-0.362587221559,0.163042567557,-0.658873235595,-0.69469511299,0.238121566788,349
1,1455140758,243000000,2.28617756122,2.90905587407,-0.362587221559,0.163042567557,-0.658873235595,-0.69469511299,0.238121566788,350
1,1455140758,271000000,2.28940651702,2.91462523086,-0.359250770761,0.164780468096,-0.652390944814,-0.698613086325,0.243255437913,351
1,1455140758,304000000,2.29268813189,2.91981573497,-0.356337270171,0.166509081747,-0.645264850832,-0.702786654338,0.24899581615,352
1,1455140758,314000000,2.29268813189,2.91981573497,-0.356337270171,0.166509081747,-0.645264850832,-0.702786654338,0.24899581615,353
1,1455140758,331000000,2.29629982725,2.92446570895,-0.35354985274,0.169178989362,-0.637298886459,-0.707000521857,0.255692903635,354
1,1455140758,338000000,2.29629982725,2.92446570895,-0.35354985274,0.169178989362,-0.637298886459,-0.707000521857,0.255692903635,355
1,1455140758,357000000,2.29896167468,2.92737344418,-0.351638605386,0.171153130865,-0.63169731792,-0.709818151673,0.260429061134,356
1,1455140758,392000000,2.30320968499,2.93151995016,-0.348637026601,0.17426519326,-0.623086984529,-0.714072149403,0.267385896366,357
1,1455140758,395000000,2.30462801777,2.93288920924,-0.347608469112,0.175175959594,-0.62030220529,-0.715463990401,0.269536334715,358
1,1455140758,422000000,2.30918228554,2.93601943668,-0.345339429573,0.17686396354,-0.612430609567,-0.719828915409,0.274762114213,359
1,1455140758,429000000,2.30918228554,2.93601943668,-0.345339429573,0.17686396354,-0.612430609567,-0.719828915409,0.274762114213,360
1,1455140758,443000000,2.31200653259,2.93816515976,-0.343769767628,0.177633612802,-0.607636503845,-0.722660818566,0.277462646327,361
1,1455140758,453000000,2.31200653259,2.93816515976,-0.343769767628,0.177633612802,-0.607636503845,-0.722660818566,0.277462646327,362
1,1455140758,477000000,2.31585767301,2.94153960533,-0.341436874692,0.178630118654,-0.600940216466,-0.726666242322,0.280924027476,363
1,1455140758,506000000,2.31946555996,2.94469375622,-0.339355953807,0.179141188464,-0.5947121777,-0.730659592887,0.283482661927,364
1,1455140758,510000000,2.31946555996,2.94469375622,-0.339355953807,0.179141188464,-0.5947121777,-0.730659592887,0.283482661927,365
1,1455140758,544000000,2.32466065364,2.94802296011,-0.336790189172,0.180121929787,-0.587082246985,-0.73537309713,0.286560523629,366
1,1455140758,544000000,2.32466065364,2.94802296011,-0.336790189172,0.180121929787,-0.587082246985,-0.73537309713,0.286560523629,367
1,1455140758,566000000,2.32734748855,2.94979095308,-0.335326920176,0.181066813057,-0.583392021819,-0.737465353901,0.288120478069,368
1,1455140758,568000000,2.32734748855,2.94979095308,-0.335326920176,0.181066813057,-0.583392021819,-0.737465353901,0.288120478069,369
1,1455140758,596000000,2.33139968235,2.95263039636,-0.332879757753,0.183816777469,-0.578102573113,-0.739865427096,0.290874469608,370
1,1455140758,605000000,2.33267817261,2.95364358361,-0.332010915922,0.184968471295,-0.576411333227,-0.740532837234,0.29180088508,371
1,1455140758,630000000,2.33651527839,2.95555295759,-0.330487314798,0.188947796723,-0.571863456006,-0.742253136474,0.293821713277,372
1,1455140758,630000000,2.33651527839,2.95555295759,-0.330487314798,0.188947796723,-0.571863456006,-0.742253136474,0.293821713277,373
1,1455140758,660000000,2.33870877145,2.95630615427,-0.32977779413,0.191311376122,-0.569425021305,-0.743399551202,0.294129579865,374
1,1455140758,672000000,2.33870877145,2.95630615427,-0.32977779413,0.191311376122,-0.569425021305,-0.743399551202,0.294129579865,375
1,1455140758,696000000,2.34233205457,2.95706662245,-0.32842410511,0.194150457374,-0.56572557984,-0.746365545141,0.291888062863,376
1,1455140758,728000000,2.34510962325,2.95719628831,-0.327435267263,0.195070361458,-0.562788827391,-0.749430916131,0.289084056621,377
1,1455140758,699000000,2.34323400458,2.95713590255,-0.328135192987,0.194576238432,-0.564728064177,-0.747338432622,0.291045646066,378
1,1455140758,732000000,2.5535333159,2.53323549503,-0.540688333262,0.21846733492,-0.545644613478,-0.753952530862,0.29342726622,379
1,1455140758,754000000,2.55535530109,2.53240658296,-0.539978693634,0.217913487576,-0.544391253538,-0.755889538257,0.291175000572,380
1,1455140758,759000000,2.55535530109,2.53240658296,-0.539978693634,0.217913487576,-0.544391253538,-0.755889538257,0.291175000572,381
1,1455140758,780000000,2.5587854428,2.53139290787,-0.538956748391,0.216560331929,-0.54240411092,-0.758819975186,0.288256219969,382
1,1455140758,815000000,2.56169834539,2.53099142949,-0.53793875868,0.215509713924,-0.54139571748,-0.760412044089,0.286739888232,383
1,1455140758,815000000,2.56169834539,2.53099142949,-0.53793875868,0.215509713924,-0.54139571748,-0.760412044089,0.286739888232,384
1,1455140758,840000000,2.56673169137,2.53088960384,-0.535644001475,0.213667429643,-0.540479612789,-0.762304428206,0.284815688485,385
1,1455140758,840000000,2.56673169137,2.53088960384,-0.535644001475,0.213667429643,-0.540479612789,-0.762304428206,0.284815688485,386
1,1455140758,859000000,2.57027796622,2.53085224452,-0.53381818061,0.211764142031,-0.540334316774,-0.763555938,0.283155617657,387
1,1455140758,902000000,2.5772079377,2.5305797201,-0.530110042273,0.206381451054,-0.541086401785,-0.766307841459,0.27821663247,388
1,1455140758,902000000,2.5772079377,2.5305797201,-0.530110042273,0.206381451054,-0.541086401785,-0.766307841459,0.27821663247,389
1,1455140758,937000000,2.58396607951,2.52965089909,-0.526764943117,0.200288213444,-0.54257586903,-0.768959565341,0.272391712011,390
1,1455140758,902000000,2.5772079377,2.5305797201,-0.530110042273,0.206381451054,-0.541086401785,-0.766307841459,0.27821663247,391
1,1455140758,940000000,2.58579200509,2.52934470003,-0.525942273054,0.199073314333,-0.542883542794,-0.769478094483,0.271202390466,392
1,1455140758,972000000,2.59201766915,2.52826749748,-0.52335055776,0.196308044324,-0.543361139038,-0.770815296008,0.26845037485,393
1,1455140758,972000000,2.59201766915,2.52826749748,-0.52335055776,0.196308044324,-0.543361139038,-0.770815296008,0.26845037485,394
1,1455140759,0,2.59949358254,2.52678359257,-0.520903155533,0.193269719716,-0.543083516383,-0.772457737438,0.266488561753,395
1,1455140759,3000000,2.59949358254,2.52678359257,-0.520903155533,0.193269719716,-0.543083516383,-0.772457737438,0.266488561753,396
1,1455140759,23000000,2.60524663872,2.52538394537,-0.519411838815,0.190611450606,-0.542441920666,-0.773975495231,0.265303543857,397
1,1455140759,48000000,2.61420125441,2.52222044099,-0.518019845911,0.185279884844,-0.540653656103,-0.777073458285,0.263669924041,398
1,1455140759,48000000,2.61420125441,2.52222044099,-0.518019845911,0.185279884844,-0.540653656103,-0.777073458285,0.263669924041,399
1,1455140759,71000000,2.61731484536,2.52084319652,-0.517845135234,0.183000435913,-0.539678463709,-0.778444746512,0.263214309815,400
1,1455140759,75000000,2.62057086358,2.51930311735,-0.517745066264,0.180508412053,-0.538571659368,-0.779945163721,0.26276000931,401
1,1455140759,98000000,2.62755589444,2.51584941928,-0.517663192807,0.174949900495,-0.535877271045,-0.783305210088,0.262032499023,402
1,1455140759,138000000,2.64738002841,2.50527080879,-0.518707230471,0.158426263506,-0.524456219281,-0.794025391886,0.263382744556,403
1,1455140759,138000000,2.64738002841,2.50527080879,-0.518707230471,0.158426263506,-0.524456219281,-0.794025391886,0.263382744556,404
1,1455140759,146000000,2.64738002841,2.50527080879,-0.518707230471,0.158426263506,-0.524456219281,-0.794025391886,0.263382744556,405
1,1455140759,181000000,2.66517473581,2.49411555406,-0.520185686257,0.141941395944,-0.510713330414,-0.804942574694,0.266630804109,406
1,1455140759,187000000,2.66517473581,2.49411555406,-0.520185686257,0.141941395944,-0.510713330414,-0.804942574694,0.266630804109,407
1,1455140759,187000000,2.66517473581,2.49411555406,-0.520185686257,0.141941395944,-0.510713330414,-0.804942574694,0.266630804109,408
1,1455140759,236000000,2.69091414953,2.47509573933,-0.521610336845,0.114486817792,-0.488712693406,-0.821387524709,0.270878581856,409
1,1455140759,239000000,2.69670996217,2.47046168362,-0.522017799094,0.108904137793,-0.482899408169,-0.825071997866,0.272404568059,410
1,1455140759,203000000,2.67491523794,2.48729754003,-0.520796821671,0.131423932298,-0.502748706758,-0.811233110503,0.26809014957,411
1,1455140759,289000000,2.72997810629,2.44093654896,-0.525282677394,0.082083404222,-0.445769933744,-0.845552880906,0.282120198697,412
1,1455140759,258000000,2.7027823637,2.46548370668,-0.522494578537,0.103379186198,-0.47656946591,-0.828868228248,0.274174667366,413
1,1455140759,293000000,2.72997810629,2.44093654896,-0.525282677394,0.082083404222,-0.445769933744,-0.845552880906,0.282120198697,414
1,1455140759,325000000,2.75286386287,2.41628412633,-0.528351311848,0.0639981318704,-0.418051673926,-0.860002038717,0.28554076845,415
1,1455140759,325000000,2.75286386287,2.41628412633,-0.528351311848,0.0639981318704,-0.418051673926,-0.860002038717,0.28554076845,416
1,1455140759,263000000,2.70915626184,2.46009861861,-0.523048647633,0.0980240043227,-0.469671553498,-0.832781737798,0.276178390903,417
1,1455140759,369000000,2.78611344775,2.37322205729,-0.531297118226,0.0288754015935,-0.379619646439,-0.880608129982,0.282107172241,418
1,1455140759,413000000,2.83272866637,2.31040387087,-0.53361608516,-0.0225706701553,-0.335349587574,-0.903494090892,0.265950459083,419
1,1455140759,413000000,2.83272866637,2.31040387087,-0.53361608516,-0.0225706701553,-0.335349587574,-0.903494090892,0.265950459083,420
1,1455140759,363000000,2.78611344775,2.37322205729,-0.531297118226,0.0288754015935,-0.379619646439,-0.880608129982,0.282107172241,421
1,1455140759,438000000,2.85246844085,2.28371395002,-0.532819883085,-0.0368801524594,-0.322048444366,-0.910600520809,0.256381249974,422
1,1455140759,460000000,2.88298154194,2.24285562607,-0.530725459774,-0.0505931638688,-0.310544764277,-0.918231448675,0.240527104114,423
1,1455140759,430000000,2.85246844085,2.28371395002,-0.532819883085,-0.0368801524594,-0.322048444366,-0.910600520809,0.256381249974,424
1,1455140759,498000000,2.92216326283,2.1895040523,-0.528045942664,-0.0636043595485,-0.306861083271,-0.925866216913,0.211098340588,425
1,1455140759,398000000,2.8229283253,2.32320949011,-0.533364762855,-0.0138139825558,-0.343719848343,-0.899326443182,0.269958864152,426
1,1455140759,526000000,2.94106078891,2.1619129575,-0.525934477907,-0.0684694263257,-0.314527882881,-0.92728840603,0.19110301042,427
1,1455140759,502000000,2.92216326283,2.1895040523,-0.528045942664,-0.0636043595485,-0.306861083271,-0.925866216913,0.211098340588,428
1,1455140759,472000000,2.88298154194,2.24285562607,-0.530725459774,-0.0505931638688,-0.310544764277,-0.918231448675,0.240527104114,429
1,1455140759,555000000,2.96845640519,2.11820525454,-0.524461577506,-0.0681788773761,-0.335721476894,-0.925175622253,0.163379309034,430
1,1455140759,584000000,2.99424724638,2.07338350534,-0.524802411042,-0.0634630971372,-0.367110473301,-0.918251165688,0.134227912174,431
1,1455140759,609000000,3.01037485567,2.04364271072,-0.524940559264,-0.0560731293939,-0.394839844206,-0.909789543401,0.115066451696,432
1,1455140759,617000000,3.01037485567,2.04364271072,-0.524940559264,-0.0560731293939,-0.394839844206,-0.909789543401,0.115066451696,433
1,1455140759,638000000,3.04038074096,1.98323929127,-0.525287629407,-0.0382141577029,-0.462128628875,-0.882601664721,0.0774022606632,434
1,1455140759,589000000,3.00239354609,2.05854401519,-0.524818012373,-0.060044980828,-0.380542658313,-0.914357248406,0.124630284319,435
1,1455140759,660000000,3.05390735338,1.95300834501,-0.524660278486,-0.0310036167944,-0.501391689768,-0.862629166649,0.0592964587779,436
1,1455140759,641000000,3.04038074096,1.98323929127,-0.525287629407,-0.0382141577029,-0.462128628875,-0.882601664721,0.0774022606632,437
1,1455140759,693000000,3.07204906336,1.90884027807,-0.522535879684,-0.0244676617499,-0.565034560897,-0.824011424886,0.0338001505607,438
1,1455140759,702000000,3.07204906336,1.90884027807,-0.522535879684,-0.0244676617499,-0.565034560897,-0.824011424886,0.0338001505607,439
1,1455140759,728000000,3.0933933051,1.85431233209,-0.516862151839,-0.0188232201439,-0.650246979754,-0.759477785169,0.0042480040824,440
1,1455140759,742000000,3.0985953936,1.84153656796,-0.514872658578,0.0175573904459,0.669793981537,0.742338357422,0.00123427617211,441
1,1455140759,725000000,3.08819515088,1.86742846494,-0.518635694828,-0.0201628589745,-0.629652663652,-0.776541650498,0.0106792937542,442
1,1455140759,784000000,3.11991871834,1.79438465668,-0.505069670637,0.0112096579786,0.734358435658,0.678568438577,0.0117006714823,443
1,1455140759,814000000,3.13644519635,1.76263160624,-0.498325459854,0.00929633204233,0.764411742574,0.644613581386,0.0078483576649,444
1,1455140759,814000000,3.13644519635,1.76263160624,-0.498325459854,0.00929633204233,0.764411742574,0.644613581386,0.0078483576649,445
1,1455140759,784000000,3.11991871834,1.79438465668,-0.505069670637,0.0112096579786,0.734358435658,0.678568438577,0.0117006714823,446
1,1455140759,860000000,3.16254123261,1.70934289193,-0.499375928674,0.00634848835556,0.768459180646,0.639866634602,0.000935039855585,447
1,1455140759,866000000,3.16254123261,1.70934289193,-0.499375928674,0.00634848835556,0.768459180646,0.639866634602,0.000935039855585,448
1,1455140759,836000000,3.14716554351,1.74184270786,-0.496377515217,0.00856697484681,0.773443498547,0.633792805503,0.00429432053439,449
1,1455140759,897000000,3.18595859706,1.66672662944,-0.515065735434,-0.00663260602504,-0.740738148696,-0.67175894263,0.00171073074526,450
1,1455140759,897000000,3.18595859706,1.66672662944,-0.515065735434,-0.00663260602504,-0.740738148696,-0.67175894263,0.00171073074526,451
1,1455140759,561000000,2.96845640519,2.11820525454,-0.524461577506,-0.0681788773761,-0.335721476894,-0.925175622253,0.163379309034,452
1,1455140759,933000000,3.20519773316,1.63309028659,-0.522919158502,0.0004344521977,-0.725132830935,-0.688477677342,0.013441597884,453
1,1455140759,930000000,3.20519773316,1.63309028659,-0.522919158502,0.0004344521977,-0.725132830935,-0.688477677342,0.013441597884,454
1,1455140759,972000000,3.22662037808,1.60019940777,-0.529915352444,0.0178192805613,-0.705672738719,-0.707074552187,0.0418812215577,455
1,1455140759,997000000,3.25397859631,1.56889687611,-0.541711644561,0.045949069169,-0.677536436819,-0.730295457362,0.0741728035195,456
1,1455140759,977000000,3.23365919892,1.5912201443,-0.532799969093,0.0239123125145,-0.698152761004,-0.713743105047,0.050810467536,457
1,1455140759,967000000,3.22662037808,1.60019940777,-0.529915352444,0.0178192805613,-0.705672738719,-0.707074552187,0.0418812215577,458
1,1455140760,46000000,3.27611348862,1.53896980413,-0.551963622275,0.0549341456701,-0.656765613342,-0.748006549076,0.0782775274976,459
1,1455140760,39000000,3.2732591282,1.5444132687,-0.550452478296,0.0578018231107,-0.659636910853,-0.744885247535,0.0817561195899,460
1,1455140760,49000000,3.27611348862,1.53896980413,-0.551963622275,0.0549341456701,-0.656765613342,-0.748006549076,0.0782775274976,461
1,1455140760,80000000,3.2802709078,1.52868866223,-0.554960090869,0.0462459026492,-0.650897158559,-0.754710730209,0.0678669225404,462
1,1455140760,80000000,3.2802709078,1.52868866223,-0.554960090869,0.0462459026492,-0.650897158559,-0.754710730209,0.0678669225404,463
1,1455140760,117000000,3.2867112543,1.50629811477,-0.559607085708,0.0232229477993,-0.63869815397,-0.76816553753,0.0380403701716,464
1,1455140760,142000000,3.29144760076,1.49825362467,-0.560862430515,0.0192107830482,-0.635530713729,-0.77119074742,0.0315672110883,465
1,1455140760,0,3.25397859631,1.56889687611,-0.541711644561,0.045949069169,-0.677536436819,-0.730295457362,0.0741728035195,466
1,1455140760,153000000,3.29445028735,1.4944365789,-0.561484878743,0.0188098002667,-0.634221448379,-0.772351406831,0.0297094294226,467
1,1455140760,172000000,3.30140592828,1.48704710492,-0.562604109021,0.0201920019145,-0.632120013203,-0.774098792771,0.0280647643308,468
1,1455140760,195000000,3.30880321192,1.47972565417,-0.563159769025,0.0224243271856,-0.630758291001,-0.775158906129,0.0277452362303,469
1,1455140760,227000000,3.32235423416,1.46487162448,-0.56286085482,0.0203366947133,-0.629362288961,-0.776515598028,0.0226506975986,470
1,1455140760,227000000,3.32235423416,1.46487162448,-0.56286085482,0.0203366947133,-0.629362288961,-0.776515598028,0.0226506975986,471
1,1455140760,269000000,3.3336006334,1.44927961378,-0.562303219393,0.00576113819953,-0.626798806968,-0.779127695594,0.00707805266278,472
1,1455140760,272000000,3.3336006334,1.44927961378,-0.562303219393,0.00576113819953,-0.626798806968,-0.779127695594,0.00707805266278,473
1,1455140760,244000000,3.32533729966,1.46109557138,-0.562737488882,0.0177182619011,-0.62889718115,-0.777040958506,0.0195383607408,474
1,1455140760,296000000,3.33936428387,1.44092171754,-0.56193971215,0.00365710273866,0.625263501384,0.780403372587,0.00165996734012,475
1,1455140760,296000000,3.33936428387,1.44092171754,-0.56193971215,0.00365710273866,0.625263501384,0.780403372587,0.00165996734012,476
1,1455140760,330000000,3.35291135994,1.4227416809,-0.561889914277,0.0145258359869,0.620791600613,0.783755590416,0.0115742468045,477
1,1455140760,330000000,3.35291135994,1.4227416809,-0.561889914277,0.0145258359869,0.620791600613,0.783755590416,0.0115742468045,478
1,1455140760,369000000,3.36464620023,1.40809153955,-0.56233964206,0.018193430861,0.6168704743,0.786726880255,0.0141644941516,479
1,1455140760,369000000,3.36464620023,1.40809153955,-0.56233964206,0.018193430861,0.6168704743,0.786726880255,0.0141644941516,480
1,1455140760,398000000,3.38212169173,1.38692422729,-0.563377556985,0.026716124909,0.609983406108,0.791713817862,0.0198928014307,481
1,1455140760,398000000,3.38212169173,1.38692422729,-0.563377556985,0.026716124909,0.609983406108,0.791713817862,0.0198928014307,482
1,1455140760,429000000,3.39888041461,1.36886327567,-0.564318443643,0.0341490119355,0.603202261246,0.796488308882,0.0242332586753,483
1,1455140760,453000000,3.41059706959,1.35615096959,-0.565087467671,0.03758613907,0.598356536974,0.799922348046,0.0260954767471,484
1,1455140760,429000000,3.39888041461,1.36886327567,-0.564318443643,0.0341490119355,0.603202261246,0.796488308882,0.0242332586753,485
1,1455140760,455000000,3.41059706959,1.35615096959,-0.565087467671,0.03758613907,0.598356536974,0.799922348046,0.0260954767471,486
1,1455140760,500000000,3.4380528405,1.32257128241,-0.568136536706,0.0435032118426,0.584361408676,0.809864294704,0.0273685727305,487
1,1455140760,503000000,3.4380528405,1.32257128241,-0.568136536706,0.0435032118426,0.584361408676,0.809864294704,0.0273685727305,488
1,1455140760,503000000,3.4380528405,1.32257128241,-0.568136536706,0.0435032118426,0.584361408676,0.809864294704,0.0273685727305,489
1,1455140760,559000000,3.46610421682,1.27842857011,-0.573005932686,0.055699877212,0.562490581896,0.824399181785,0.0294594302137,490
1,1455140760,559000000,3.46610421682,1.27842857011,-0.573005932686,0.055699877212,0.562490581896,0.824399181785,0.0294594302137,491
1,1455140760,529000000,3.45189669653,1.30128382214,-0.570522741777,0.0489379336935,0.574378078372,0.816631239374,0.0284309797728,492
1,1455140760,598000000,3.48504273451,1.24477283182,-0.576738754015,0.06560001759,0.543170180209,0.836527597709,0.0297383808534,493
1,1455140760,604000000,3.48504273451,1.24477283182,-0.576738754015,0.06560001759,0.543170180209,0.836527597709,0.0297383808534,494
2,1455140760,629000000,0.0,0.0,0.0,-0.0797399667325,-0.0797399667325,0.702596283584,0.702596283584,495
2,1455140760,629000000,0.0,0.0,0.0,-0.0797399667325,-0.0797399667325,0.702596283584,0.702596283584,496
2,1455140760,629000000,0.0,0.0,0.0,-0.0797399667325,-0.0797399667325,0.702596283584,0.702596283584,497
2,1455140760,653000000,0.0,0.0,0.0,-0.0797399667325,-0.0797399667325,0.702596283584,0.702596283584,498
2,1455140760,669000000,0.0,0.0,0.0,-0.0797399667325,-0.0797399667325,0.702596283584,0.702596283584,499
2,1455140760,713000000,0.0,0.0,0.0,-0.0797399667325,-0.0797399667325,0.702596283584,0.702596283584,500
2,1455140760,713000000,0.0,0.0,0.0,-0.0797399667325,-0.0797399667325,0.702596283584,0.702596283584,501
2,1455140760,739000000,0.0,0.0,0.0,-0.0797399667325,-0.0797399667325,0.702596283584,0.702596283584,502
2,1455140760,761000000,0.0,0.0,0.0,-0.0797399667325,-0.0797399667325,0.702596283584,0.702596283584,503
2,1455140760,739000000,0.0,0.0,0.0,-0.0797399667325,-0.0797399667325,0.702596283584,0.702596283584,504
2,1455140760,790000000,0.0,0.0,0.0,-0.0797399667325,-0.0797399667325,0.702596283584,0.702596283584,505
2,1455140760,795000000,0.0,0.0,0.0,-0.0797399667325,-0.0797399667325,0.702596283584,0.702596283584,506
2,1455140760,808000000,0.0,0.0,0.0,-0.0797399667325,-0.0797399667325,0.702596283584,0.702596283584,507
2,1455140760,828000000,0.0,0.0,0.0,-0.0797399667325,-0.0797399667325,0.702596283584,0.702596283584,508
2,1455140760,831000000,0.0,0.0,0.0,-0.0797399667325,-0.0797399667325,0.702596283584,0.702596283584,509
2,1455140760,863000000,0.0,0.0,0.0,-0.0797399667325,-0.0797399667325,0.702596283584,0.702596283584,510
2,1455140760,863000000,0.0,0.0,0.0,-0.0797399667325,-0.0797399667325,0.702596283584,0.702596283584,511
2,1455140760,885000000,0.0,0.0,0.0,-0.0797399667325,-0.0797399667325,0.702596283584,0.702596283584,512
2,1455140760,913000000,0.0,0.0,0.0,-0.0797399667325,-0.0797399667325,0.702596283584,0.702596283584,513
2,1455140760,913000000,0.0,0.0,0.0,-0.0797399667325,-0.0797399667325,0.702596283584,0.702596283584,514
2,1455140760,933000000,0.0,0.0,0.0,-0.0797399667325,-0.0797399667325,0.702596283584,0.702596283584,515
2,1455140760,953000000,0.0,0.0,0.0,-0.0797399667325,-0.0797399667325,0.702596283584,0.702596283584,516
2,1455140760,978000000,0.0,0.0,0.0,-0.0797399667325,-0.0797399667325,0.702596283584,0.702596283584,517
2,1455140760,956000000,0.0,0.0,0.0,-0.0797399667325,-0.0797399667325,0.702596283584,0.702596283584,518
2,1455140761,4000000,0.0,0.0,0.0,-0.0797399667325,-0.0797399667325,0.702596283584,0.702596283584,519
2,1455140761,15000000,0.0,0.0,0.0,-0.0797399667325,-0.0797399667325,0.702596283584,0.702596283584,520
2,1455140761,37000000,0.0,0.0,0.0,-0.0797399667325,-0.0797399667325,0.702596283584,0.702596283584,521
2,1455140761,41000000,0.0,0.0,0.0,-0.0797399667325,-0.0797399667325,0.702596283584,0.702596283584,522
2,1455140761,58000000,0.0,0.0,0.0,-0.0797399667325,-0.0797399667325,0.702596283584,0.702596283584,523
2,1455140761,78000000,0.0,0.0,0.0,-0.0797399667325,-0.0797399667325,0.702596283584,0.702596283584,524
2,1455140761,108000000,0.0,0.0,0.0,-0.0797399667325,-0.0797399667325,0.702596283584,0.702596283584,525
2,1455140761,106000000,0.0,0.0,0.0,-0.0797399667325,-0.0797399667325,0.702596283584,0.702596283584,526
2,1455140761,128000000,0.0,0.0,0.0,-0.0797399667325,-0.0797399667325,0.702596283584,0.702596283584,527
2,1455140761,141000000,0.0,0.0,0.0,-0.0797399667325,-0.0797399667325,0.702596283584,0.702596283584,528
2,1455140761,163000000,0.0,0.0,0.0,-0.0797399667325,-0.0797399667325,0.702596283584,0.702596283584,529
2,1455140761,169000000,0.0,0.0,0.0,-0.0797399667325,-0.0797399667325,0.702596283584,0.702596283584,530
2,1455140761,191000000,0.0,0.0,0.0,-0.0797399667325,-0.0797399667325,0.702596283584,0.702596283584,531
2,1455140761,204000000,0.0,0.0,0.0,-0.0797399667325,-0.0797399667325,0.702596283584,0.702596283584,532
2,1455140761,225000000,0.0,0.0,0.0,-0.0797399667325,-0.0797399667325,0.702596283584,0.702596283584,533
2,1455140761,238000000,0.0,0.0,0.0,-0.0797399667325,-0.0797399667325,0.702596283584,0.702596283584,534
2,1455140761,253000000,0.0,0.0,0.0,-0.0797399667325,-0.0797399667325,0.702596283584,0.702596283584,535
2,1455140761,286000000,0.0,0.0,0.0,-0.0797399667325,-0.0797399667325,0.702596283584,0.702596283584,536
2,1455140761,286000000,0.0,0.0,0.0,-0.0797399667325,-0.0797399667325,0.702596283584,0.702596283584,537
2,1455140761,301000000,0.0,0.0,0.0,-0.0797399667325,-0.0797399667325,0.702596283584,0.702596283584,538
2,1455140761,327000000,0.0,0.0,0.0,-0.0797399667325,-0.0797399667325,0.702596283584,0.702596283584,539
2,1455140761,327000000,0.0,0.0,0.0,-0.0797399667325,-0.0797399667325,0.702596283584,0.702596283584,540
2,1455140761,340000000,0.0,0.0,0.0,-0.0797399667325,-0.0797399667325,0.702596283584,0.702596283584,541
2,1455140761,356000000,0.0,0.0,0.0,-0.0797399667325,-0.0797399667325,0.702596283584,0.702596283584,542
2,1455140761,369000000,0.0,0.0,0.0,-0.0797399667325,-0.0797399667325,0.702596283584,0.702596283584,543
2,1455140761,393000000,0.0,0.0,0.0,-0.0797399667325,-0.0797399667325,0.702596283584,0.702596283584,544
2,1455140761,419000000,0.0,0.0,0.0,-0.0797399667325,-0.0797399667325,0.702596283584,0.702596283584,545
2,1455140761,422000000,0.0,0.0,0.0,-0.0797399667325,-0.0797399667325,0.702596283584,0.702596283584,546
2,1455140761,436000000,0.0,0.0,0.0,-0.0797399667325,-0.0797399667325,0.702596283584,0.702596283584,547
2,1455140761,472000000,0.0,0.0,0.0,-0.0797399667325,-0.0797399667325,0.702596283584,0.702596283584,548
2,1455140761,488000000,0.0,0.0,0.0,-0.0797399667325,-0.0797399667325,0.702596283584,0.702596283584,549
2,1455140761,463000000,0.0,0.0,0.0,-0.0797399667325,-0.0797399667325,0.702596283584,0.702596283584,550
2,1455140761,515000000,0.0,0.0,0.0,-0.0797399667325,-0.0797399667325,0.702596283584,0.702596283584,551
2,1455140761,515000000,0.0,0.0,0.0,-0.0797399667325,-0.0797399667325,0.702596283584,0.702596283584,552
2,1455140761,529000000,0.0,0.0,0.0,-0.0797399667325,-0.0797399667325,0.702596283584,0.702596283584,553
2,1455140761,561000000,0.0,0.0,0.0,-0.0797399667325,-0.0797399667325,0.702596283584,0.702596283584,554
2,1455140761,561000000,0.0,0.0,0.0,-0.0797399667325,-0.0797399667325,0.702596283584,0.702596283584,555
2,1455140761,592000000,0.0,0.0,0.0,-0.0797399667325,-0.0797399667325,0.702596283584,0.702596283584,556
2,1455140761,605000000,0.0,0.0,0.0,-0.0797399667325,-0.0797399667325,0.702596283584,0.702596283584,557
2,1455140761,596000000,0.0,0.0,0.0,-0.0797399667325,-0.0797399667325,0.702596283584,0.702596283584,558
2,1455140761,624000000,0.0,0.0,0.0,-0.0797399667325,-0.0797399667325,0.702596283584,0.702596283584,559
2,1455140761,657000000,0.0,0.0,0.0,-0.0797399667325,-0.0797399667325,0.702596283584,0.702596283584,560
2,1455140761,637000000,0.0,0.0,0.0,-0.0797399667325,-0.0797399667325,0.702596283584,0.702596283584,561
2,1455140761,671000000,0.0,0.0,0.0,-0.0797399667325,-0.0797399667325,0.702596283584,0.702596283584,562
2,1455140761,689000000,0.0,0.0,0.0,-0.0797399667325,-0.0797399667325,0.702596283584,0.702596283584,563
2,1455140761,704000000,0.0,0.0,0.0,-0.0797399667325,-0.0797399667325,0.702596283584,0.702596283584,564
2,1455140761,735000000,0.0,0.0,0.0,-0.0797399667325,-0.0797399667325,0.702596283584,0.702596283584,565
2,1455140761,735000000,0.0,0.0,0.0,-0.0797399667325,-0.0797399667325,0.702596283584,0.702596283584,566
2,1455140761,758000000,0.0,0.0,0.0,-0.0797399667325,-0.0797399667325,0.702596283584,0.702596283584,567
2,1455140761,807000000,0.0,0.0,0.0,-0.0797399667325,-0.0797399667325,0.702596283584,0.702596283584,568
2,1455140761,807000000,0.0,0.0,0.0,-0.0797399667325,-0.0797399667325,0.702596283584,0.702596283584,569
2,1455140761,827000000,0.0,0.0,0.0,-0.0797399667325,-0.0797399667325,0.702596283584,0.702596283584,570
2,1455140761,843000000,0.0,0.0,0.0,-0.0797399667325,-0.0797399667325,0.702596283584,0.702596283584,571
2,1455140761,873000000,0.0,0.0,0.0,-0.0797399667325,-0.0797399667325,0.702596283584,0.702596283584,572
2,1455140761,898000000,0.0,0.0,0.0,-0.0797399667325,-0.0797399667325,0.702596283584,0.702596283584,573
2,1455140761,898000000,0.0,0.0,0.0,-0.0797399667325,-0.0797399667325,0.702596283584,0.702596283584,574
2,1455140761,898000000,0.0,0.0,0.0,-0.0797399667325,-0.0797399667325,0.702596283584,0.702596283584,575
2,1455140761,934000000,0.0,0.0,0.0,-0.0797399667325,-0.0797399667325,0.702596283584,0.702596283584,576
2,1455140761,934000000,0.0,0.0,0.0,-0.0797399667325,-0.0797399667325,0.702596283584,0.702596283584,577
2,1455140761,964000000,0.0,0.0,0.0,-0.0797399667325,-0.0797399667325,0.702596283584,0.702596283584,578
2,1455140761,964000000,0.0,0.0,0.0,-0.0797399667325,-0.0797399667325,0.702596283584,0.702596283584,579
2,1455140761,981000000,0.0,0.0,0.0,-0.0797399667325,-0.0797399667325,0.702596283584,0.702596283584,580
2,1455140762,48000000,0.0,0.0,0.0,-0.0797399667325,-0.0797399667325,0.702596283584,0.702596283584,581
2,1455140762,48000000,0.0,0.0,0.0,-0.0797399667325,-0.0797399667325,0.702596283584,0.702596283584,582
2,1455140762,24000000,0.0,0.0,0.0,-0.0797399667325,-0.0797399667325,0.702596283584,0.702596283584,583
2,1455140762,104000000,0.0,0.0,0.0,-0.0797399667325,-0.0797399667325,0.702596283584,0.702596283584,584
2,1455140762,158000000,0.0,0.0,0.0,-0.0797399667325,-0.0797399667325,0.702596283584,0.702596283584,585
2,1455140762,158000000,0.0,0.0,0.0,-0.0797399667325,-0.0797399667325,0.702596283584,0.702596283584,586
2,1455140762,158000000,0.0,0.0,0.0,-0.0797399667325,-0.0797399667325,0.702596283584,0.702596283584,587
2,1455140762,179000000,0.0,0.0,0.0,-0.0797399667325,-0.0797399667325,0.702596283584,0.702596283584,588
2,1455140762,179000000,0.0,0.0,0.0,-0.0797399667325,-0.0797399667325,0.702596283584,0.702596283584,589
2,1455140762,186000000,0.0,0.0,0.0,-0.0797399667325,-0.0797399667325,0.702596283584,0.702596283584,590
2,1455140762,186000000,0.0,0.0,0.0,-0.0797399667325,-0.0797399667325,0.702596283584,0.702596283584,591
2,1455140762,206000000,0.0,0.0,0.0,-0.0797399667325,-0.0797399667325,0.702596283584,0.702596283584,592
2,1455140762,239000000,0.0,0.0,0.0,-0.0797399667325,-0.0797399667325,0.702596283584,0.702596283584,593
2,1455140762,203000000,0.0,0.0,0.0,-0.0797399667325,-0.0797399667325,0.702596283584,0.702596283584,594
2,1455140762,293000000,0.0,0.0,0.0,-0.0797399667325,-0.0797399667325,0.702596283584,0.702596283584,595
2,1455140762,320000000,0.0,0.0,0.0,-0.0797399667325,-0.0797399667325,0.702596283584,0.702596283584,596
2,1455140762,320000000,0.0,0.0,0.0,-0.0797399667325,-0.0797399667325,0.702596283584,0.702596283584,597
2,1455140762,352000000,0.0,0.0,0.0,-0.0797399667325,-0.0797399667325,0.702596283584,0.702596283584,598
2,1455140762,355000000,0.0,0.0,0.0,-0.0797399667325,-0.0797399667325,0.702596283584,0.702596283584,599
2,1455140762,381000000,0.0,0.0,0.0,-0.0797399667325,-0.0797399667325,0.702596283584,0.702596283584,600
2,1455140762,381000000,0.0,0.0,0.0,-0.0797399667325,-0.0797399667325,0.702596283584,0.702596283584,601
2,1455140762,401000000,0.0,0.0,0.0,-0.0797399667325,-0.0797399667325,0.702596283584,0.702596283584,602
2,1455140762,445000000,0.0,0.0,0.0,-0.0797399667325,-0.0797399667325,0.702596283584,0.702596283584,603
2,1455140762,466000000,0.0,0.0,0.0,-0.0797399667325,-0.0797399667325,0.702596283584,0.702596283584,604
2,1455140762,466000000,0.0,0.0,0.0,-0.0797399667325,-0.0797399667325,0.702596283584,0.702596283584,605
2,1455140762,491000000,0.0,0.0,0.0,-0.0797399667325,-0.0797399667325,0.702596283584,0.702596283584,606
2,1455140762,499000000,0.0,0.0,0.0,-0.0797399667325,-0.0797399667325,0.702596283584,0.702596283584,607
2,1455140762,466000000,0.0,0.0,0.0,-0.0797399667325,-0.0797399667325,0.702596283584,0.702596283584,608
2,1455140762,523000000,0.0,0.0,0.0,-0.0797399667325,-0.0797399667325,0.702596283584,0.702596283584,609
2,1455140762,541000000,0.0,0.0,0.0,-0.0797399667325,-0.0797399667325,0.702596283584,0.702596283584,610
2,1455140762,541000000,0.0,0.0,0.0,-0.0797399667325,-0.0797399667325,0.702596283584,0.702596283584,611
2,1455140762,563000000,0.0,0.0,0.0,-0.0797399667325,-0.0797399667325,0.702596283584,0.702596283584,612
2,1455140762,604000000,0.0,0.0,0.0,-0.0797399667325,-0.0797399667325,0.702596283584,0.702596283584,613
2,1455140762,604000000,0.0,0.0,0.0,-0.0797399667325,-0.0797399667325,0.702596283584,0.702596283584,614
2,1455140762,626000000,0.0,0.0,0.0,-0.0797399667325,-0.0797399667325,0.702596283584,0.702596283584,615
2,1455140762,629000000,0.0,0.0,0.0,-0.0797399667325,-0.0797399667325,0.702596283584,0.702596283584,616
2,1455140762,652000000,0.0,0.0,0.0,-0.0797399667325,-0.0797399667325,0.702596283584,0.702596283584,617
2,1455140762,652000000,0.0,0.0,0.0,-0.0797399667325,-0.0797399667325,0.702596283584,0.702596283584,618
2,1455140762,715000000,0.0,0.0,0.0,-0.0797399667325,-0.0797399667325,0.702596283584,0.702596283584,619
2,1455140762,715000000,0.0,0.0,0.0,-0.0797399667325,-0.0797399667325,0.702596283584,0.702596283584,620
2,1455140762,737000000,0.0,0.0,0.0,-0.0797399667325,-0.0797399667325,0.702596283584,0.702596283584,621
2,1455140762,740000000,0.0,0.0,0.0,-0.0797399667325,-0.0797399667325,0.702596283584,0.702596283584,622
2,1455140762,786000000,0.0,0.0,0.0,-0.0797399667325,-0.0797399667325,0.702596283584,0.702596283584,623
2,1455140762,792000000,0.0,0.0,0.0,-0.0797399667325,-0.0797399667325,0.702596283584,0.702596283584,624
1,1455140762,795000000,2.92181202974,0.434031313251,-0.49828790088,-0.0440578339259,-0.366875014881,-0.917266595853,0.148605594975,625
2,1455140762,715000000,0.0,0.0,0.0,-0.0797399667325,-0.0797399667325,0.702596283584,0.702596283584,626
1,1455140762,821000000,2.92273527525,0.43611550121,-0.502109884522,-0.0328055039381,-0.371541697545,-0.91248451967,0.168085000101,627
1,1455140762,821000000,2.92273527525,0.43611550121,-0.502109884522,-0.0328055039381,-0.371541697545,-0.91248451967,0.168085000101,628
1,1455140762,852000000,2.92402306539,0.440841674156,-0.509687000425,-0.0114337254134,-0.383930466853,-0.901671527067,0.19863313878,629
1,1455140762,845000000,2.92402306539,0.440841674156,-0.509687000425,-0.0114337254134,-0.383930466853,-0.901671527067,0.19863313878,630
1,1455140762,905000000,2.9252477807,0.458819076856,-0.529824818291,0.0552928505477,-0.410321320926,-0.869031034346,0.270858220505,631
1,1455140762,914000000,2.9252477807,0.458819076856,-0.529824818291,0.0552928505477,-0.410321320926,-0.869031034346,0.270858220505,632
1,1455140762,933000000,2.92223760081,0.475476799253,-0.539453570876,0.0814248606891,-0.418346992336,-0.853249484363,0.300534695999,633
1,1455140762,885000000,2.92525099781,0.447700441164,-0.519078915415,0.0176707243712,-0.402333530133,-0.885876682964,0.230299758167,634
1,1455140762,957000000,2.91910608239,0.486779179627,-0.545999833299,0.102422205678,-0.427644018353,-0.840045202554,0.317733131759,635
1,1455140762,936000000,2.92223760081,0.475476799253,-0.539453570876,0.0814248606891,-0.418346992336,-0.853249484363,0.300534695999,636
1,1455140762,999000000,2.91051238992,0.5144803653,-0.558329558583,0.136590383951,-0.444582896933,-0.822973628941,0.326195525467,637
1,1455140763,2000000,2.90833111547,0.521662308504,-0.560124419039,0.142122553361,-0.450851057801,-0.819866495163,0.32303782072,638
1,1455140762,981000000,2.91518582364,0.499025887226,-0.553283154166,0.12264938465,-0.435268092414,-0.82924702949,0.32840246688,639
1,1455140763,35000000,2.90228311459,0.539655687267,-0.563628866935,0.154698860239,-0.474210268013,-0.807821668393,0.314033495708,640
1,1455140763,31000000,2.90228311459,0.539655687267,-0.563628866935,0.154698860239,-0.474210268013,-0.807821668393,0.314033495708,641
1,1455140763,73000000,2.89340048481,0.556262480681,-0.567225413477,0.169246778394,-0.504311048742,-0.791274979487,0.301512522056,642
1,1455140763,67000000,2.89552473493,0.552874895407,-0.566409495761,0.164227806575,-0.497863724101,-0.795834469722,0.302999070254,643
1,1455140763,106000000,2.88810980686,0.564571420108,-0.568592469653,0.183214609455,-0.521194254779,-0.778522037571,0.297812680529,644
1,1455140763,106000000,2.88810980686,0.564571420108,-0.568592469653,0.183214609455,-0.521194254779,-0.778522037571,0.297812680529,645
1,1455140763,110000000,2.88667344408,0.566902029255,-0.569080100471,0.187235785973,-0.52636549813,-0.774833194152,0.295830431276,646
1,1455140763,158000000,2.88404320692,0.573212810852,-0.570772452507,0.196698217583,-0.540354642648,-0.765567024628,0.28850269006,647
1,1455140763,158000000,2.88404320692,0.573212810852,-0.570772452507,0.196698217583,-0.540354642648,-0.765567024628,0.28850269006,648
1,1455140763,192000000,2.88652946613,0.580097175824,-0.570528782557,0.221654363109,-0.553447892115,-0.747862380082,0.292004511072,649
1,1455140763,202000000,2.88652946613,0.580097175824,-0.570528782557,0.221654363109,-0.553447892115,-0.747862380082,0.292004511072,650
1,1455140763,229000000,2.88967504713,0.581680954923,-0.568667934265,0.242334411269,-0.559118380282,-0.73426306931,0.299196281717,651
1,1455140763,232000000,2.88967504713,0.581680954923,-0.568667934265,0.242334411269,-0.559118380282,-0.73426306931,0.299196281717,652
1,1455140763,278000000,2.89073272844,0.583171635806,-0.567726306306,0.246204782482,-0.568915078676,-0.726763972048,0.295859708768,653
1,1455140763,278000000,2.89073272844,0.583171635806,-0.567726306306,0.246204782482,-0.568915078676,-0.726763972048,0.295859708768,654
1,1455140763,301000000,2.89237377223,0.584466771244,-0.567049440053,0.24860862569,-0.576124147673,-0.72115010568,0.293627728216,655
1,1455140763,310000000,2.89237377223,0.584466771244,-0.567049440053,0.24860862569,-0.576124147673,-0.72115010568,0.293627728216,656
1,1455140763,337000000,2.89525594411,0.586283883784,-0.566494711535,0.255434422031,-0.581671669928,-0.71374351177,0.294926302408,657
1,1455140763,365000000,2.89909798181,0.587888002475,-0.566061782936,0.263833147794,-0.585666476744,-0.706156632602,0.297875239614,658
1,1455140763,359000000,2.89909798181,0.587888002475,-0.566061782936,0.263833147794,-0.585666476744,-0.706156632602,0.297875239614,659
1,1455140763,392000000,2.90357784147,0.588678101975,-0.565702419663,0.270299429564,-0.589016833137,-0.699583162636,0.300966422074,660
1,1455140763,337000000,2.89525594411,0.586283883784,-0.566494711535,0.255434422031,-0.581671669928,-0.71374351177,0.294926302408,661
1,1455140763,417000000,2.90703129891,0.589024368507,-0.565663048948,0.27276355518,-0.591041512648,-0.696067103942,0.302920055627,662
1,1455140763,428000000,2.90703129891,0.589024368507,-0.565663048948,0.27276355518,-0.591041512648,-0.696067103942,0.302920055627,663
1,1455140763,400000000,2.90357784147,0.588678101975,-0.565702419663,0.270299429564,-0.589016833137,-0.699583162636,0.300966422074,664
1,1455140763,444000000,2.91351097237,0.589421102203,-0.565739572566,0.274669130793,-0.593264985912,-0.691966820117,0.306227766437,665
1,1455140763,487000000,2.92537165467,0.590629665835,-0.566208782472,0.277577868758,-0.593648877027,-0.686462757643,0.315119691467,666
1,1455140763,487000000,2.92537165467,0.590629665835,-0.566208782472,0.277577868758,-0.593648877027,-0.686462757643,0.315119691467,667
1,1455140763,518000000,2.93650804153,0.592240063416,-0.566870508886,0.280456118224,-0.591509939602,-0.682160028295,0.325757659772,668
1,1455140763,545000000,2.94898607162,0.594072812459,-0.567736431651,0.281884897099,-0.588555771953,-0.678482281891,0.337349672075,669
1,1455140763,545000000,2.94898607162,0.594072812459,-0.567736431651,0.281884897099,-0.588555771953,-0.678482281891,0.337349672075,670
1,1455140763,513000000,2.93650804153,0.592240063416,-0.566870508886,0.280456118224,-0.591509939602,-0.682160028295,0.325757659772,671
1,1455140763,570000000,2.96209471761,0.596095788165,-0.568941787886,0.279341014595,-0.585956614509,-0.676431901835,0.347941554947,672
1,1455140763,573000000,2.96209471761,0.596095788165,-0.568941787886,0.279341014595,-0.585956614509,-0.676431901835,0.347941554947,673
1,1455140763,624000000,2.98461331639,0.600003220137,-0.571688488782,0.267425179454,-0.582987051511,-0.675764496572,0.363252276438,674
1,1455140763,597000000,2.97109784553,0.597518584906,-0.569968776654,0.275253915689,-0.58464936131,-0.676034282162,0.354115878718,675
1,1455140763,660000000,3.00119281312,0.604911457116,-0.574325838086,0.257340941804,-0.580694838733,-0.674495031802,0.376331763229,676
1,1455140763,660000000,3.00119281312,0.604911457116,-0.574325838086,0.257340941804,-0.580694838733,-0.674495031802,0.376331763229,677
1,1455140763,694000000,3.0127364511,0.609156654932,-0.576123275487,0.249790847503,-0.580296680476,-0.672781459559,0.385000523125,678
1,1455140763,631000000,2.98879782345,0.601131123327,-0.572332864401,0.264805345321,-0.582361720931,-0.67553301515,0.366589825999,679
1,1455140763,726000000,3.02216379351,0.614281854593,-0.577493447147,0.241024003527,-0.582191419226,-0.67063296979,0.391423045993,680
1,1455140763,726000000,3.02216379351,0.614281854593,-0.577493447147,0.241024003527,-0.582191419226,-0.67063296979,0.391423045993,681
1,1455140763,740000000,3.0269703882,0.618297672889,-0.578110185953,0.234964408621,-0.58433575254,-0.668975308505,0.394734710402,682
1,1455140763,769000000,3.03128485504,0.622490034297,-0.578383740765,0.229098073915,-0.587186307972,-0.666846152981,0.397545620669,683
1,1455140763,764000000,3.03128485504,0.622490034297,-0.578383740765,0.229098073915,-0.587186307972,-0.666846152981,0.397545620669,684
1,1455140763,803000000,3.03820399055,0.631725565239,-0.578123598309,0.217860409383,-0.595071137771,-0.661336442366,0.401324423645,685
1,1455140763,800000000,3.03820399055,0.631725565239,-0.578123598309,0.217860409383,-0.595071137771,-0.661336442366,0.401324423645,686
1,1455140763,853000000,3.0426899462,0.642395621048,-0.576732993865,0.208986828859,-0.605401562853,-0.653968269998,0.402664817056,687
1,1455140763,698000000,3.01624182664,0.610716769609,-0.576624468179,0.247038416395,-0.580669672436,-0.672058313635,0.387469192855,688
1,1455140763,890000000,3.04513418921,0.657750007152,-0.573994659663,0.195854780704,-0.622198641418,-0.644090756313,0.39957083618,689
1,1455140763,938000000,3.04828590224,0.67584915675,-0.571478489277,0.182509950882,-0.638664634707,-0.633945158838,0.396120105258,690
1,1455140763,856000000,3.0426899462,0.642395621048,-0.576732993865,0.208986828859,-0.605401562853,-0.653968269998,0.402664817056,691
1,1455140763,934000000,3.04747845667,0.671727065089,-0.571948444654,0.184416104675,-0.635758951147,-0.636418739053,0.395945002437,692
1,1455140763,949000000,3.04828590224,0.67584915675,-0.571478489277,0.182509950882,-0.638664634707,-0.633945158838,0.396120105258,693
1,1455140763,906000000,3.04559795233,0.660983070214,-0.573457626208,0.19271002786,-0.625764568867,-0.642334254864,0.398356943634,694
1,1455140763,974000000,3.04927246282,0.684977823994,-0.570256457276,0.180523169502,-0.643746143906,-0.628018507437,0.398239929935,695
1,1455140764,0,3.05223967827,0.706602885134,-0.5681507523,0.180185046873,-0.650241941046,-0.614791097486,0.408351164367,696
1,1455140764,6000000,3.05223967827,0.706602885134,-0.5681507523,0.180185046873,-0.650241941046,-0.614791097486,0.408351164367,697
1,1455140764,35000000,3.05630462919,0.725260902311,-0.566835420028,0.182158696276,-0.652290686022,-0.604513073605,0.4194031642,698
1,1455140764,39000000,3.05779860403,0.731856166325,-0.566332113199,0.183707872566,-0.652274604619,-0.600465523912,0.424535525391,699
1,1455140764,61000000,3.0615850373,0.745715509141,-0.565473895658,0.188683339677,-0.650625680628,-0.591466823838,0.43732346991,700
1,1455140764,69000000,3.06622307718,0.760259080575,-0.56490810096,0.195913793325,-0.646712950302,-0.581420349725,0.453134110857,701
1,1455140764,82000000,3.06622307718,0.760259080575,-0.56490810096,0.195913793325,-0.646712950302,-0.581420349725,0.453134110857,702
1,1455140764,116000000,3.07400947419,0.782989719113,-0.564885182994,0.210737291728,-0.636184277085,-0.566527005512,0.479485673916,703
1,1455140764,155000000,3.08268103497,0.814110930445,-0.566621805645,0.238768228479,-0.614352224712,-0.563118960037,0.498455729135,704
1,1455140764,153000000,3.08268103497,0.814110930445,-0.566621805645,0.238768228479,-0.614352224712,-0.563118960037,0.498455729135,705
1,1455140764,116000000,3.07400947419,0.782989719113,-0.564885182994,0.210737291728,-0.636184277085,-0.566527005512,0.479485673916,706
1,1455140764,201000000,3.08994779091,0.85034284185,-0.569468605087,0.244161371139,-0.60532019478,-0.585803291646,0.480423969148,707
1,1455140764,198000000,3.08887863675,0.843269997755,-0.569001043958,0.246296083004,-0.604827776791,-0.579988961603,0.486964479545,708
1,1455140764,227000000,3.09173336223,0.864025087635,-0.570424270466,0.237826412975,-0.606414791144,-0.599318947695,0.465313332398,709
1,1455140764,231000000,3.09246162062,0.870650489229,-0.570908768312,0.2343147693,-0.606535802274,-0.606889926222,0.457050901868,710
1,1455140764,256000000,3.09389865337,0.883573733624,-0.571874633077,0.227620881984,-0.605657557331,-0.621887817833,0.441161194308,711
1,1455140764,286000000,3.0967255091,0.9025254387,-0.573609308987,0.221031317674,-0.598757875463,-0.641014878629,0.426302813215,712
1,1455140764,317000000,3.10071738312,0.921679685271,-0.5754412018,0.220840368248,-0.586152031395,-0.652925187298,0.425845074688,713
1,1455140764,321000000,3.10216668754,0.927833036719,-0.576174408824,0.22202083621,-0.581173454552,-0.655347189887,0.428327240225,714
1,1455140764,343000000,3.10520235249,0.93987716149,-0.577731852024,0.226106713764,-0.570358955302,-0.658614071217,0.435653441731,715
1,1455140764,352000000,3.10672192689,0.945647618165,-0.578493153078,0.228665447366,-0.56485998565,-0.659638473438,0.439911802697,716
1,1455140764,380000000,3.10957232919,0.956351450325,-0.579835217652,0.233590660196,-0.55471635366,-0.660842042929,0.448344694124,717
1,1455140764,380000000,3.10957232919,0.956351450325,-0.579835217652,0.233590660196,-0.55471635366,-0.660842042929,0.448344694124,718
1,1455140764,262000000,3.09389865337,0.883573733624,-0.571874633077,0.227620881984,-0.605657557331,-0.621887817833,0.441161194308,719
1,1455140764,420000000,3.11282731795,0.969763389774,-0.581262785486,0.235897754521,-0.54502077607,-0.662080023089,0.457115571918,720
1,1455140764,452000000,3.11583958547,0.986275302911,-0.58274279883,0.231836115343,-0.539981364426,-0.663212900186,0.463487638153,721
1,1455140764,449000000,3.11537166188,0.983329784299,-0.582513727024,0.232355107737,-0.540432064393,-0.663215448539,0.462698126756,722
1,1455140764,420000000,3.11282731795,0.969763389774,-0.581262785486,0.235897754521,-0.54502077607,-0.662080023089,0.457115571918,723
1,1455140764,495000000,3.11733560282,0.996908012748,-0.583690593146,0.232278037307,-0.5390171584,-0.663084263011,0.464571497708,724
1,1455140764,504000000,3.11760662737,0.99930804832,-0.583898630728,0.232517642027,-0.539122165328,-0.66324654495,0.46409789658,725
1,1455140764,504000000,3.11760662737,0.99930804832,-0.583898630728,0.232517642027,-0.539122165328,-0.66324654495,0.46409789658,726
1,1455140764,524000000,3.1179984767,1.00354436642,-0.584126130689,0.232464594826,-0.540158097636,-0.663997100064,0.4618411987,727
1,1455140764,527000000,3.11812000359,1.00556552204,-0.584182717695,0.232293268215,-0.540920831711,-0.66458801797,0.460181765973,728
1,1455140764,553000000,3.11824755544,1.00944865977,-0.584281279677,0.231766474688,-0.542574641926,-0.666237644065,0.456096986156,729
1,1455140764,558000000,3.11828949725,1.01129638304,-0.584363070797,0.23146232503,-0.543330269473,-0.667249945611,0.453866632886,730
1,1455140764,590000000,3.11829931997,1.01487065338,-0.58459199335,0.230743476162,-0.544612004245,-0.669565056648,0.449263673088,731
1,1455140764,618000000,3.1176521028,1.02150957288,-0.584926139711,0.227565668221,-0.547618030667,-0.675400443603,0.438363547658,732
1,1455140764,621000000,3.1176521028,1.02150957288,-0.584926139711,0.227565668221,-0.547618030667,-0.675400443603,0.438363547658,733
1,1455140764,648000000,3.11632647452,1.02601006913,-0.585205331006,0.223329717755,-0.550617440733,-0.680893393823,0.428168725359,734
1,1455140764,654000000,3.11632647452,1.02601006913,-0.585205331006,0.223329717755,-0.550617440733,-0.680893393823,0.428168725359,735
1,1455140764,682000000,3.11423922089,1.03044516352,-0.585702905439,0.21798048549,-0.55372860307,-0.687027940789,0.416967325653,736
1,1455140764,682000000,3.11423922089,1.03044516352,-0.585702905439,0.21798048549,-0.55372860307,-0.687027940789,0.416967325653,737
1,1455140764,702000000,3.1124892915,1.03361994861,-0.586227261835,0.214574778924,-0.555328469289,-0.691021693301,0.409947526929,738
1,1455140764,711000000,3.1124892915,1.03361994861,-0.586227261835,0.214574778924,-0.555328469289,-0.691021693301,0.409947526929,739
1,1455140764,726000000,3.10962355982,1.03803459429,-0.587206633129,0.210513065515,-0.556171263669,-0.69636587953,0.401786431505,740
1,1455140764,755000000,3.10756489413,1.04126937226,-0.588079033519,0.208785591856,-0.555284287336,-0.699439606648,0.398562634379,741
1,1455140764,755000000,3.10756489413,1.04126937226,-0.588079033519,0.208785591856,-0.555284287336,-0.699439606648,0.398562634379,742
1,1455140764,783000000,3.10419768413,1.04757479924,-0.589585256105,0.207959613592,-0.551556964732,-0.702762805542,0.398324180684,743
1,1455140764,812000000,3.10073358476,1.05591751512,-0.591662126954,0.209872485512,-0.544100741733,-0.70385586053,0.405579647256,744
1,1455140764,842000000,3.0971482661,1.06606090499,-0.594419253507,0.216027255838,-0.531292538781,-0.702069791467,0.422088226418,745
1,1455140764,852000000,3.09587573625,1.06992386311,-0.595429223541,0.219185555085,-0.526145524849,-0.700474073383,0.429493482654,746
1,1455140764,873000000,3.09312556547,1.07832774425,-0.597596856767,0.227289825063,-0.514746530521,-0.695722835809,0.446480772792,747
1,1455140764,873000000,3.09312556547,1.07832774425,-0.597596856767,0.227289825063,-0.514746530521,-0.695722835809,0.446480772792,748
1,1455140764,896000000,3.08833115978,1.09260350461,-0.601453471563,0.245093250886,-0.49454227469,-0.684949052744,0.475607014308,749
1,1455140764,902000000,3.08833115978,1.09260350461,-0.601453471563,0.245093250886,-0.49454227469,-0.684949052744,0.475607014308,750
1,1455140764,925000000,3.08463482675,1.10298431979,-0.604356934927,0.261093557354,-0.479341051806,-0.675148857747,0.496222057394,751
1,1455140764,952000000,3.07787321361,1.11862440575,-0.608857651153,0.288416054261,-0.458816949456,-0.655192130968,0.526333029606,752
1,1455140764,952000000,3.07787321361,1.11862440575,-0.608857651153,0.288416054261,-0.458816949456,-0.655192130968,0.526333029606,753
1,1455140765,10000000,3.06642748596,1.14026054041,-0.615006551373,0.329897264665,-0.445628120907,-0.615579251046,0.56004067558,754
1,1455140764,981000000,3.07039524674,1.13253842412,-0.613052534321,0.314683874299,-0.449039600281,-0.629976056049,0.54997060416,755
1,1455140764,989000000,3.06834045415,1.13651558692,-0.614151604046,0.322753151429,-0.447255435823,-0.621832939928,0.555982709434,756
1,1455140765,40000000,3.05915525321,1.15405632109,-0.616202493525,0.350901511283,-0.445140642406,-0.605980262931,0.558127099142,757
1,1455140765,45000000,3.05915525321,1.15405632109,-0.616202493525,0.350901511283,-0.445140642406,-0.605980262931,0.558127099142,758
1,1455140765,81000000,3.05319964881,1.16533689415,-0.615798649572,0.365707770509,-0.448822045566,-0.594658987961,0.55785059473,759
1,1455140765,88000000,3.05319964881,1.16533689415,-0.615798649572,0.365707770509,-0.448822045566,-0.594658987961,0.55785059473,760
1,1455140765,98000000,3.05319964881,1.16533689415,-0.615798649572,0.365707770509,-0.448822045566,-0.594658987961,0.55785059473,761
1,1455140765,117000000,3.05029335025,1.17137230964,-0.614385229095,0.379799278349,-0.445755734602,-0.583442748643,0.562715640702,762
1,1455140765,125000000,3.05029335025,1.17137230964,-0.614385229095,0.379799278349,-0.445755734602,-0.583442748643,0.562715640702,763
1,1455140765,153000000,3.04611390699,1.17771340501,-0.612157504752,0.392552058024,-0.445663352822,-0.574061815302,0.563684388558,764
1,1455140765,153000000,3.04611390699,1.17771340501,-0.612157504752,0.392552058024,-0.445663352822,-0.574061815302,0.563684388558,765
1,1455140765,189000000,3.04139767371,1.18450451371,-0.611372173755,0.397658997491,-0.451185612192,-0.569795133302,0.560028902049,766
1,1455140765,189000000,3.04139767371,1.18450451371,-0.611372173755,0.397658997491,-0.451185612192,-0.569795133302,0.560028902049,767
1,1455140765,212000000,3.03993147802,1.18860062771,-0.611052131115,0.40320296901,-0.450446286133,-0.565330635318,0.561183376323,768
1,1455140765,220000000,3.03935520107,1.19076542451,-0.610816071257,0.406611404285,-0.449286482079,-0.562511555073,0.562485176103,769
1,1455140765,242000000,3.03844460459,1.19510886485,-0.610316490237,0.413305624968,-0.446426595389,-0.556886627892,0.565472403371,770
1,1455140765,249000000,3.03807002634,1.19723429104,-0.610098864379,0.416116585462,-0.445073508256,-0.554452008692,0.566868176571,771
1,1455140765,283000000,3.03700000784,1.20326634713,-0.609535159626,0.420838487643,-0.4431586092,-0.549704034553,0.569500560848,772
1,1455140765,290000000,3.03661153844,1.20517680316,-0.609336143394,0.421215876829,-0.443413601204,-0.548885034066,0.569812936631,773
1,1455140765,309000000,3.0358749013,1.20896098184,-0.608872442958,0.420925709586,-0.444717165284,-0.547800452594,0.570055132465,774
1,1455140765,313000000,3.0358749013,1.20896098184,-0.608872442958,0.420925709586,-0.444717165284,-0.547800452594,0.570055132465,775
1,1455140765,334000000,3.03514776239,1.21284326114,-0.60833709589,0.420213993383,-0.446376394971,-0.546814428232,0.570230036788,776
1,1455140765,337000000,3.0347760838,1.21484197418,-0.608093564873,0.419848277093,-0.447145092855,-0.546272760585,0.570416305168,777
1,1455140765,367000000,3.03367960477,1.22107532083,-0.607522497983,0.419050645597,-0.449020439864,-0.544331701205,0.571384459074,778
1,1455140765,367000000,3.03367960477,1.22107532083,-0.607522497983,0.419050645597,-0.449020439864,-0.544331701205,0.571384459074,779
1,1455140765,393000000,3.03301460172,1.22549201155,-0.607249944849,0.418834852853,-0.449776768872,-0.542521901835,0.572667626331,780
1,1455140765,417000000,3.03219186347,1.23279139492,-0.606973549651,0.418916808629,-0.449856608047,-0.539086385393,0.575780868672,781
1,1455140765,419000000,3.03219186347,1.23279139492,-0.606973549651,0.418916808629,-0.449856608047,-0.539086385393,0.575780868672,782
1,1455140765,455000000,3.03159526658,1.24086963365,-0.606818865485,0.419004227897,-0.449089841608,-0.534946232881,0.580160580439,783
1,1455140765,455000000,3.03159526658,1.24086963365,-0.606818865485,0.419004227897,-0.449089841608,-0.534946232881,0.580160580439,784
1,1455140765,473000000,3.03139526034,1.24647869624,-0.606725152339,0.418210009618,-0.448986578051,-0.53236512393,0.583179916842,785
1,1455140765,509000000,3.03086400673,1.25796240306,-0.606364932502,0.413761793402,-0.451424510084,-0.528023770703,0.588394414988,786
1,1455140765,489000000,3.03131279005,1.24931584488,-0.606659297237,0.417497095686,-0.449190712123,-0.531148203892,0.58464131289,787
1,1455140765,531000000,3.03031433756,1.26382909881,-0.606138914077,0.410117671649,-0.454279094297,-0.526361730428,0.590234977468,788
1,1455140765,557000000,3.02953892155,1.26982309157,-0.605835582503,0.405956533282,-0.4579257843,-0.524671771301,0.591796250038,789
1,1455140765,585000000,3.02953892155,1.26982309157,-0.605835582503,0.405956533282,-0.4579257843,-0.524671771301,0.591796250038,790
1,1455140765,602000000,3.02709876298,1.28588851114,-0.605041907336,0.39423416063,-0.46847317855,-0.51950579648,0.596008418561,791
1,1455140765,613000000,3.02664473527,1.28942478982,-0.604903039326,0.391697543335,-0.470640431285,-0.518183093969,0.597123856591,792
1,1455140765,613000000,3.02664473527,1.28942478982,-0.604903039326,0.391697543335,-0.470640431285,-0.518183093969,0.597123856591,793
1,1455140765,639000000,3.02540854909,1.30103255605,-0.604620390319,0.383612505374,-0.476987433373,-0.513579203061,0.601299290128,794
1,1455140765,639000000,3.02540854909,1.30103255605,-0.604620390319,0.383612505374,-0.476987433373,-0.513579203061,0.601299290128,795
1,1455140765,674000000,3.02462971748,1.31422489513,-0.604814590381,0.374407892513,-0.482851263086,-0.508305449607,0.606876394055,796
1,1455140765,674000000,3.02462971748,1.31422489513,-0.604814590381,0.374407892513,-0.482851263086,-0.508305449607,0.606876394055,797
1,1455140765,706000000,3.0255611387,1.33369160445,-0.606191443697,0.359101218686,-0.488963618997,-0.501760120862,0.616601715168,798
1,1455140765,706000000,3.0255611387,1.33369160445,-0.606191443697,0.359101218686,-0.488963618997,-0.501760120862,0.616601715168,799
1,1455140765,738000000,3.02761567285,1.34417853176,-0.60758895027,0.349460975313,-0.490618074889,-0.499205035293,0.62286857688,800
