1,1445363407,872000000,3.41183779025,-1.40961981374,-0.711052326162,-0.0757531556594,0.118350077325,-0.900027606244,0.412559118918,0
1,1445363409,378000000,3.07770290651,-1.22108845906,-0.768247602475,-0.0717065537139,0.120782854635,-0.900841869661,0.410796297509,140
1,1445363411,883000000,3.10153249282,-1.31166170767,-0.628950743596,-0.0715208631999,0.118109299841,-0.901166644785,0.41089370614,359
1,1445363413,887000000,3.12569762688,-0.92224514153,-0.640107928023,-0.074068327768,0.123339556377,-0.902856443659,0.405156116575,528
1,1445363415,184000000,3.29357849328,-0.915024598358,-0.659486084095,-0.0667558781145,0.127630792808,-0.899248681396,0.413044601069,648
1,1445363416,208000000,3.13386127981,-1.43449631079,-0.726207897835,-0.0616128292233,0.133253045761,-0.899786133236,0.410892199375,734
1,1445363416,981000000,3.25632594576,-1.40955731416,-0.874084112073,-0.0606230683907,0.132022468075,-0.900206089358,0.410516635699,803
1,1445363418,782000000,3.3686460052,-1.46508780455,-0.87175625917,-0.0609990935063,0.130490558374,-0.9005082605,0.410287944665,955
1,1445363420,182000000,3.54820031067,-1.2785748384,-0.969890911296,-0.0597187520486,0.129085915289,-0.90090132062,0.410057688177,1085
1,1445363421,768000000,3.70355318059,-0.951752854546,-0.905566711248,-0.0589890836066,0.128399736144,-0.901843239225,0.408304503572,1225
1,1445363423,179000000,3.74337535511,-0.963633635132,-0.916637600564,-0.0588610855956,0.127696759027,-0.902049747044,0.408087201704,1341
1,1445363424,99000000,3.54183824943,-0.755571657591,-0.897651457361,-0.0583948567051,0.127323550223,-0.902208969221,0.407918778836,1408
1,1445363424,692000000,3.43063865422,-0.77401231064,-0.783583632827,-0.0547925681852,0.109685670692,-0.90922930225,0.397830245264,1464
1,1445363426,491000000,3.59731025606,-0.541730326465,-0.709815852267,-0.0555265291391,0.10941727513,-0.908119941146,0.400328411381,1616
1,1445363427,690000000,3.59988615678,-0.545363317821,-0.708622042316,-0.0557466112232,0.109317160115,-0.907796357149,0.401058409447,1719
1,1445363428,274000000,3.59465295707,-0.5465163327,-0.699719953913,-0.0553084938656,0.109267159189,-0.907922745911,0.400846536578,1772
1,1445363429,768000000,3.59465295707,-0.5465163327,-0.699719953913,-0.0553084938656,0.109267159189,-0.907922745911,0.400846536578,1903
1,1445363432,17000000,3.7284602833,-1.63552919204,-0.854321971912,-0.0558302376622,0.109001229775,-0.905875847635,0.405451187127,2096
1,1445363433,818000000,3.37194844799,-1.32262604096,-0.600051828195,-0.0538206206747,0.0985017909672,-0.898893645861,0.423545689858,2254
1,1445363435,572000000,3.39450436343,-1.1055801734,-0.67066909626,-0.0553587631968,0.0997841261501,-0.89950819046,0.421738723384,2410
1,1445363437,786000000,3.50239277606,-1.17636048825,-0.633614101969,-0.0554472008852,0.0994967960479,-0.900173029271,0.42037425333,2604
