0,1445365223,605000000,0.0,0.0,0.0,-0.0797399667325,-0.0797399667325,0.702596283584,0.702596283584,0
1,1445365228,967000000,6.88119539877,7.43479229708,-2.23265964738,-0.109558755891,0.0128804362923,0.097596088211,0.989093512735,2
1,1445365230,676000000,6.88119539877,7.43479229708,-2.23265964738,-0.109558755891,0.0128804362923,0.097596088211,0.989093512735,155
1,1445365231,957000000,6.88119539877,7.43479229708,-2.23265964738,-0.109558755891,0.0128804362923,0.097596088211,0.989093512735,260
1,1445365233,649000000,6.88119539877,7.43479229708,-2.23265964738,-0.109558755891,0.0128804362923,0.097596088211,0.989093512735,414
1,1445365234,578000000,6.88119539877,7.43479229708,-2.23265964738,-0.109558755891,0.0128804362923,0.097596088211,0.989093512735,499
1,1445365236,557000000,6.88119539877,7.43479229708,-2.23265964738,-0.109558755891,0.0128804362923,0.097596088211,0.989093512735,678
1,1445365238,151000000,6.88119539877,7.43479229708,-2.23265964738,-0.109558755891,0.0128804362923,0.097596088211,0.989093512735,801
1,1445365239,968000000,6.88119539877,7.43479229708,-2.23265964738,-0.109558755891,0.0128804362923,0.097596088211,0.989093512735,969
1,1445365241,958000000,9.34346199698,5.80709621373,-2.38564451609,-0.111958338035,0.00732070531913,0.0926643949459,0.989355875167,1142
1,1445365242,540000000,9.44327488229,4.75779448178,-2.12658305654,-0.10839578301,-0.00029161386195,0.0803871779241,0.990852244693,1193
1,1445365243,669000000,9.36934416023,4.87469164495,-2.12297765789,-0.107912989682,-0.00100480383839,0.0895291377809,0.990120351531,1286
1,1445365244,150000000,9.17170205774,5.04751857487,-2.15356880268,-0.108685486328,-0.00206727161253,0.100671935651,0.988963271726,1325
1,1445365245,147000000,9.4576338178,4.72781030845,-2.10141640306,-0.108119191457,-0.000925451067317,0.108177619769,0.988234277163,1414
1,1445365245,833000000,9.44794451067,4.70813621125,-2.13206706139,-0.11064646549,-0.000339768279435,0.109245455071,0.987837372637,1475
1,1445365246,805000000,9.44794451067,4.70813621125,-2.13206706139,-0.11064646549,-0.000339768279435,0.109245455071,0.987837372637,1560
1,1445365247,442000000,9.44794451067,4.70813621125,-2.13206706139,-0.11064646549,-0.000339768279435,0.109245455071,0.987837372637,1617
1,1445365248,382000000,8.63484306157,6.2288438233,-2.10097542783,-0.109145877396,0.0018723978654,0.109590458848,0.987964373297,1699
1,1445365249,140000000,8.55187719724,6.31452640935,-2.25222182041,-0.113474145044,0.00223685940645,0.112009213505,0.987204411941,1765
1,1445365251,185000000,7.38446386175,6.03419638433,-1.99667144179,-0.117324895957,0.0110388459955,0.104919935932,0.987473959004,1948
1,1445365254,665000000,7.2691383104,4.73797054545,-1.75597518745,-0.11159677794,0.0118263665733,0.104686872067,0.988153305426,2263
1,1445365255,876000000,8.68568137111,5.73238174246,-2.46688884081,-0.113191044404,0.00767221209697,0.102830090627,0.988207921993,2366
