1,1444951618,685000000,2.49157489657,1.06766652103,-0.620014098849,0.103955359934,0.642510180532,0.744372995914,0.149274224191,0
1,1444951618,687000000,2.49139978991,1.06682233815,-0.620420454233,0.103471417426,0.641739767552,0.745120507915,0.149195057568,1
1,1444951618,712000000,2.49121708009,1.06598126892,-0.620834190182,0.103040673634,0.641055606016,0.745791095055,0.149083775474,2
1,1444951618,716000000,2.49102470478,1.06514157496,-0.62125591619,0.102639333817,0.640445396816,0.746393684101,0.148967544064,3
1,1444951618,720000000,2.4903871028,1.06264284638,-0.622531604482,0.101384019721,0.638960042131,0.747912497825,0.14858748501,4
1,1444951618,724000000,2.48992602858,1.06100537421,-0.623369258195,0.100917628959,0.638148682755,0.748610318393,0.148877406141,5
1,1444951618,724000000,2.48992602858,1.06100537421,-0.623369258195,0.100917628959,0.638148682755,0.748610318393,0.148877406141,6
1,1444951618,726000000,2.48976977325,1.06104746974,-0.623374111678,0.100970127283,0.637824053696,0.748783993297,0.149358767088,7
1,1444951618,768000000,2.4894701942,1.06110842528,-0.62340541532,0.101625986231,0.637307938156,0.74880371342,0.151009104539,8
1,1444951618,774000000,2.48910368515,1.06110741838,-0.623432905006,0.102980540134,0.636667009958,0.748539007803,0.154076216796,9
1,1444951618,774000000,2.48910368515,1.06110741838,-0.623432905006,0.102980540134,0.636667009958,0.748539007803,0.154076216796,10
1,1444951618,774000000,2.48910368515,1.06110741838,-0.623432905006,0.102980540134,0.636667009958,0.748539007803,0.154076216796,11
1,1444951618,774000000,2.48910368515,1.06110741838,-0.623432905006,0.102980540134,0.636667009958,0.748539007803,0.154076216796,12
1,1444951618,821000000,2.48860491507,1.06115328467,-0.62344469702,0.103327304217,0.636151790218,0.748478084567,0.156252759743,13
1,1444951618,821000000,2.48860491507,1.06115328467,-0.62344469702,0.103327304217,0.636151790218,0.748478084567,0.156252759743,14
1,1444951618,821000000,2.48860491507,1.06115328467,-0.62344469702,0.103327304217,0.636151790218,0.748478084567,0.156252759743,15
1,1444951618,821000000,2.48860491507,1.06115328467,-0.62344469702,0.103327304217,0.636151790218,0.748478084567,0.156252759743,16
1,1444951618,847000000,2.48810860867,1.06151089354,-0.62332968336,0.10311102988,0.63528568496,0.749104536867,0.156915922863,17
1,1444951618,847000000,2.48810860867,1.06151089354,-0.62332968336,0.10311102988,0.63528568496,0.749104536867,0.156915922863,18
1,1444951618,847000000,2.48810860867,1.06151089354,-0.62332968336,0.10311102988,0.63528568496,0.749104536867,0.156915922863,19
1,1444951618,886000000,2.48739983592,1.06199781357,-0.62320490187,0.102942316662,0.633296038081,0.750684158229,0.157519212084,20
1,1444951618,886000000,2.48739983592,1.06199781357,-0.62320490187,0.102942316662,0.633296038081,0.750684158229,0.157519212084,21
1,1444951618,886000000,2.48739983592,1.06199781357,-0.62320490187,0.102942316662,0.633296038081,0.750684158229,0.157519212084,22
1,1444951618,886000000,2.48739983592,1.06199781357,-0.62320490187,0.102942316662,0.633296038081,0.750684158229,0.157519212084,23
1,1444951618,902000000,2.48722030723,1.06212986586,-0.623168071878,0.102768561133,0.632667096436,0.751228544682,0.157564721895,24
1,1444951618,904000000,2.48708330744,1.06181631603,-0.623222183827,0.10252787893,0.632027545984,0.751808364723,0.157522690085,25
1,1444951618,905000000,2.48695420864,1.06150824581,-0.623276161483,0.10221995005,0.631393966478,0.752410129202,0.157390401173,26
1,1444951618,926000000,2.48683039966,1.06120968335,-0.623331701169,0.101844901987,0.630784823377,0.753016065744,0.157178011401,27
1,1444951618,930000000,2.48670405519,1.06091813919,-0.623388803482,0.101436398155,0.630219819259,0.753597969775,0.156919522343,28
1,1444951618,947000000,2.48643743622,1.06032481759,-0.62350391272,0.100561825794,0.62913897919,0.754749097244,0.15628584154,29
1,1444951618,947000000,2.48643743622,1.06032481759,-0.62350391272,0.100561825794,0.62913897919,0.754749097244,0.15628584154,30
1,1444951618,976000000,2.48609248577,1.05944239546,-0.623647288856,0.0990543914823,0.6277286014,0.756449496236,0.154690627243,31
1,1444951618,976000000,2.48609248577,1.05944239546,-0.623647288856,0.0990543914823,0.6277286014,0.756449496236,0.154690627243,32
1,1444951618,976000000,2.48609248577,1.05944239546,-0.623647288856,0.0990543914823,0.6277286014,0.756449496236,0.154690627243,33
1,1444951619,0,2.48598962272,1.05915108963,-0.623702179964,0.0984499793317,0.627371584499,0.756976092877,0.153947040718,34
1,1444951619,2000000,2.48588465143,1.05885337014,-0.623761288849,0.0977492065271,0.627141642886,0.757459159116,0.152951216577,35
1,1444951619,27000000,2.48610342394,1.05850758739,-0.623734001345,0.0968694226622,0.626887163097,0.758024713759,0.15174759645,36
1,1444951619,32000000,2.48652302072,1.05783188158,-0.623667419449,0.0948355219437,0.626458232899,0.759211042406,0.14884521927,37
1,1444951619,32000000,2.48652302072,1.05783188158,-0.623667419449,0.0948355219437,0.626458232899,0.759211042406,0.14884521927,38
1,1444951619,57000000,2.48706966055,1.05686163379,-0.623589070165,0.0924736235284,0.625780291784,0.760801843254,0.145011070847,39
1,1444951619,57000000,2.48706966055,1.05686163379,-0.623589070165,0.0924736235284,0.625780291784,0.760801843254,0.145011070847,40
1,1444951619,118000000,2.48724059178,1.0565441157,-0.623574552322,0.0921771931031,0.625448419114,0.761256302541,0.144244521357,41
1,1444951619,123000000,2.48760776718,1.0559235551,-0.623533545087,0.092354226504,0.624612984212,0.762075013098,0.143425908442,42
1,1444951619,128000000,2.48785354782,1.05533865565,-0.623285364311,0.0940415455994,0.623345201243,0.762940219784,0.14324513543,43
1,1444951619,128000000,2.48785354782,1.05533865565,-0.623285364311,0.0940415455994,0.623345201243,0.762940219784,0.14324513543,44
1,1444951619,128000000,2.48785354782,1.05533865565,-0.623285364311,0.0940415455994,0.623345201243,0.762940219784,0.14324513543,45
1,1444951619,171000000,2.48822868473,1.05454864412,-0.622972546682,0.0960484026455,0.622143382681,0.763878319856,0.142134542559,46
1,1444951619,171000000,2.48822868473,1.05454864412,-0.622972546682,0.0960484026455,0.622143382681,0.763878319856,0.142134542559,47
1,1444951619,171000000,2.48822868473,1.05454864412,-0.622972546682,0.0960484026455,0.622143382681,0.763878319856,0.142134542559,48
1,1444951619,171000000,2.48822868473,1.05454864412,-0.622972546682,0.0960484026455,0.622143382681,0.763878319856,0.142134542559,49
1,1444951619,186000000,2.48830959976,1.05434957103,-0.622902406199,0.0963259963845,0.621935308067,0.764116964577,0.141573441882,50
1,1444951619,204000000,2.48838560819,1.05415271817,-0.622832277621,0.0965708952555,0.621739505863,0.76435727094,0.140968121929,51
1,1444951619,206000000,2.48845910524,1.05395457876,-0.622758702515,0.0967949324923,0.62154489566,0.764598656031,0.140362313026,52
1,1444951619,216000000,2.48898949191,1.05368423456,-0.622594022407,0.0972482960481,0.621119360907,0.765096444277,0.139215442307,53
1,1444951619,216000000,2.48898949191,1.05368423456,-0.622594022407,0.0972482960481,0.621119360907,0.765096444277,0.139215442307,54
1,1444951619,230000000,2.48924793782,1.05354712511,-0.622515599074,0.0975105485129,0.620872498978,0.765363314557,0.138665171088,55
1,1444951619,234000000,2.48950652663,1.05341366132,-0.622443440158,0.0977923160541,0.620590227723,0.765650789204,0.138142322145,56
1,1444951619,269000000,2.49030149928,1.05301659878,-0.622224116575,0.0987395007687,0.619571406255,0.766607097428,0.136730909863,57
1,1444951619,297000000,2.49113227898,1.05263684768,-0.622004289449,0.0996370500727,0.618476859716,0.767645636591,0.135199884881,58
1,1444951619,301000000,2.49113227898,1.05263684768,-0.622004289449,0.0996370500727,0.618476859716,0.767645636591,0.135199884881,59
1,1444951619,301000000,2.49113227898,1.05263684768,-0.622004289449,0.0996370500727,0.618476859716,0.767645636591,0.135199884881,60
1,1444951619,301000000,2.49113227898,1.05263684768,-0.622004289449,0.0996370500727,0.618476859716,0.767645636591,0.135199884881,61
1,1444951619,301000000,2.49113227898,1.05263684768,-0.622004289449,0.0996370500727,0.618476859716,0.767645636591,0.135199884881,62
1,1444951619,320000000,2.49141165452,1.05251175735,-0.621932786326,0.0998059658384,0.618138660322,0.768010074189,0.134550703239,63
1,1444951619,322000000,2.49165454204,1.05230052784,-0.621894293542,0.0999107475917,0.617826045929,0.7683735271,0.133831768794,64
1,1444951619,324000000,2.49189323532,1.05209454929,-0.621851636124,0.0999827748763,0.617539670907,0.768723951003,0.133085261162,65
1,1444951619,330000000,2.49212358806,1.05189566472,-0.621810798781,0.100091114857,0.617271785574,0.769049552374,0.13236350499,66
1,1444951619,351000000,2.49255892668,1.05151744053,-0.621733002505,0.100751613436,0.616717280901,0.769585042917,0.131330763903,67
1,1444951619,351000000,2.49255892668,1.05151744053,-0.621733002505,0.100751613436,0.616717280901,0.769585042917,0.131330763903,68
1,1444951619,397000000,2.49297093612,1.05114597278,-0.621658222445,0.102368897793,0.61612721994,0.769838821651,0.131362271192,69
1,1444951619,397000000,2.49297093612,1.05114597278,-0.621658222445,0.102368897793,0.61612721994,0.769838821651,0.131362271192,70
1,1444951619,405000000,2.4931808931,1.05095893964,-0.621623801811,0.103457146482,0.615823208307,0.769878396334,0.131702884595,71
1,1444951619,411000000,2.4933975444,1.05077189926,-0.621588498634,0.104667715183,0.61554535831,0.769880707864,0.132031348248,72
1,1444951619,431000000,2.49354801355,1.05078206992,-0.621337154305,0.105897501609,0.615294529028,0.769848133986,0.132409260626,73
1,1444951619,436000000,2.49354801355,1.05078206992,-0.621337154305,0.108117605008,0.614891405186,0.769691552385,0.133394368335,74
1,1444951619,436000000,2.49354801355,1.05078206992,-0.621337154305,0.108117605008,0.614891405186,0.769691552385,0.133394368335,75
1,1444951619,446000000,2.49351746627,1.05088275893,-0.621236299305,0.109079703615,0.614771089656,0.769582104594,0.133796524137,76
1,1444951619,494000000,2.49345861722,1.05107315472,-0.621036102431,0.110619611157,0.614627377708,0.769382897728,0.134337057,77
1,1444951619,494000000,2.49345861722,1.05107315472,-0.621036102431,0.110619611157,0.614627377708,0.769382897728,0.134337057,78
1,1444951619,509000000,2.49342620744,1.05116415682,-0.620934267782,0.111238469735,0.614605639533,0.769282024273,0.134503077421,79
1,1444951619,520000000,2.49331682373,1.05144290612,-0.620635031735,0.11281554658,0.614619871554,0.76898051338,0.134848196068,80
1,1444951619,591000000,2.49243287305,1.0525627949,-0.619722739239,0.119768262885,0.613609240361,0.768126920669,0.138276162412,81
1,1444951619,591000000,2.49243287305,1.0525627949,-0.619722739239,0.119768262885,0.613609240361,0.768126920669,0.138276162412,82
1,1444951619,603000000,2.49233225186,1.05269409207,-0.619616575632,0.120251053598,0.613491717616,0.768118285955,0.138426497849,83
1,1444951619,603000000,2.49233225186,1.05269409207,-0.619616575632,0.120251053598,0.613491717616,0.768118285955,0.138426497849,84
1,1444951619,603000000,2.49233225186,1.05269409207,-0.619616575632,0.120251053598,0.613491717616,0.768118285955,0.138426497849,85
1,1444951619,603000000,2.49233225186,1.05269409207,-0.619616575632,0.120251053598,0.613491717616,0.768118285955,0.138426497849,86
1,1444951619,603000000,2.49233225186,1.05269409207,-0.619616575632,0.120251053598,0.613491717616,0.768118285955,0.138426497849,87
1,1444951619,623000000,2.49222829739,1.0528267499,-0.619507472415,0.120590946155,0.613412246061,0.768127856228,0.138429897689,88
1,1444951619,623000000,2.49222829739,1.0528267499,-0.619507472415,0.120590946155,0.613412246061,0.768127856228,0.138429897689,89
1,1444951619,623000000,2.49222829739,1.0528267499,-0.619507472415,0.120590946155,0.613412246061,0.768127856228,0.138429897689,90
1,1444951619,633000000,2.49206656145,1.05291589091,-0.619379510057,0.121118042329,0.613301432545,0.768161486757,0.138274013916,91
1,1444951619,628000000,2.49206656145,1.05291589091,-0.619379510057,0.120857535753,0.613356344415,0.768143571106,0.138357887328,92
1,1444951619,623000000,2.49222829739,1.0528267499,-0.619507472415,0.120590946155,0.613412246061,0.768127856228,0.138429897689,93
1,1444951619,658000000,2.49189300862,1.0530270845,-0.619253602772,0.121857161566,0.613184071667,0.768132499118,0.138306146744,94
1,1444951619,661000000,2.49180528682,1.05308342276,-0.619190829681,0.122387430516,0.613127132221,0.768062764028,0.138477532836,95
1,1444951619,667000000,2.49171835727,1.05313699072,-0.619130018937,0.12300380108,0.613077722876,0.767959349189,0.138723497024,96
1,1444951619,711000000,2.49139921062,1.05332952537,-0.618916522924,0.125787000121,0.612853162926,0.767457764907,0.139990036708,97
1,1444951619,711000000,2.49139921062,1.05332952537,-0.618916522924,0.125787000121,0.612853162926,0.767457764907,0.139990036708,98
1,1444951619,711000000,2.49139921062,1.05332952537,-0.618916522924,0.125787000121,0.612853162926,0.767457764907,0.139990036708,99
1,1444951619,711000000,2.49139921062,1.05332952537,-0.618916522924,0.125787000121,0.612853162926,0.767457764907,0.139990036708,100
1,1444951619,745000000,2.49101796234,1.05361383994,-0.618748105784,0.127794695328,0.612581244234,0.767225953351,0.14063097654,101
1,1444951619,745000000,2.49101796234,1.05361383994,-0.618748105784,0.127794695328,0.612581244234,0.767225953351,0.14063097654,102
1,1444951619,745000000,2.49101796234,1.05361383994,-0.618748105784,0.127794695328,0.612581244234,0.767225953351,0.14063097654,103
1,1444951619,783000000,2.49053151349,1.05402095618,-0.618613816005,0.128908601766,0.612196934769,0.767351293191,0.140603976785,104
1,1444951619,783000000,2.49053151349,1.05402095618,-0.618613816005,0.128908601766,0.612196934769,0.767351293191,0.140603976785,105
1,1444951619,783000000,2.49053151349,1.05402095618,-0.618613816005,0.128908601766,0.612196934769,0.767351293191,0.140603976785,106
1,1444951619,783000000,2.49053151349,1.05402095618,-0.618613816005,0.128908601766,0.612196934769,0.767351293191,0.140603976785,107
1,1444951619,824000000,2.48991587301,1.05428033213,-0.618548303103,0.130208015999,0.611552189001,0.767578141509,0.14097371874,108
1,1444951619,824000000,2.48991587301,1.05428033213,-0.618548303103,0.130208015999,0.611552189001,0.767578141509,0.14097371874,109
1,1444951619,824000000,2.48991587301,1.05428033213,-0.618548303103,0.130208015999,0.611552189001,0.767578141509,0.14097371874,110
1,1444951619,824000000,2.48991587301,1.05428033213,-0.618548303103,0.130208015999,0.611552189001,0.767578141509,0.14097371874,111
1,1444951619,873000000,2.48956953155,1.05432801676,-0.61855791453,0.130502294219,0.611261877939,0.767775915668,0.140883679334,112
1,1444951619,873000000,2.48956953155,1.05432801676,-0.61855791453,0.130502294219,0.611261877939,0.767775915668,0.140883679334,113
1,1444951619,894000000,2.48923072512,1.05436516855,-0.618572439475,0.130220818998,0.611059483572,0.768091826989,0.140298934951,114
1,1444951619,894000000,2.48923072512,1.05436516855,-0.618572439475,0.130220818998,0.611059483572,0.768091826989,0.140298934951,115
1,1444951619,900000000,2.48906172146,1.05438560952,-0.618579557031,0.12986916954,0.610975065959,0.768306760771,0.139814838031,116
1,1444951619,902000000,2.48889295115,1.05441099286,-0.618583450065,0.129428452037,0.610901758834,0.768546529027,0.139224816669,117
1,1444951619,921000000,2.48872311708,1.05443926935,-0.618584651701,0.128947120745,0.610830789091,0.768800864791,0.13857711733,118
1,1444951619,925000000,2.48868217293,1.05436437166,-0.618612466428,0.128460749351,0.610764323543,0.769054457586,0.137913082159,119
1,1444951619,927000000,2.48864012777,1.05428822658,-0.618640628951,0.127976576155,0.610705308198,0.769302371886,0.137240238652,120
1,1444951619,931000000,2.48859790672,1.05421516456,-0.618669158577,0.127514601742,0.610647829652,0.769545836504,0.136559364392,121
1,1444951619,966000000,2.48839354646,1.0538403691,-0.618823864313,0.125728284072,0.61031055953,0.770677745012,0.133301286015,122
1,1444951619,966000000,2.48839354646,1.0538403691,-0.618823864313,0.125728284072,0.61031055953,0.770677745012,0.133301286015,123
1,1444951619,980000000,2.48835857574,1.05375935653,-0.618862185907,0.125250760323,0.610229811572,0.770958958665,0.132491917347,124
1,1444951619,980000000,2.48835857574,1.05375935653,-0.618862185907,0.125250760323,0.610229811572,0.770958958665,0.132491917347,125
1,1444951619,994000000,2.48842602509,1.05351009442,-0.618978278325,0.123948307554,0.610116692019,0.771614793464,0.130403411313,126
1,1444951619,994000000,2.48842602509,1.05351009442,-0.618978278325,0.123948307554,0.610116692019,0.771614793464,0.130403411313,127
1,1444951619,994000000,2.48842602509,1.05351009442,-0.618978278325,0.123948307554,0.610116692019,0.771614793464,0.130403411313,128
1,1444951620,22000000,2.4886316542,1.05317131116,-0.619137567328,0.122217414612,0.610012899265,0.77241921257,0.127733027635,129
1,1444951620,22000000,2.4886316542,1.05317131116,-0.619137567328,0.122217414612,0.610012899265,0.77241921257,0.127733027635,130
1,1444951620,73000000,2.48900921179,1.05251785078,-0.619446220596,0.117932277239,0.609523184754,0.774456988885,0.121613476228,131
1,1444951620,73000000,2.48900921179,1.05251785078,-0.619446220596,0.117932277239,0.609523184754,0.774456988885,0.121613476228,132
1,1444951620,73000000,2.48900921179,1.05251785078,-0.619446220596,0.117932277239,0.609523184754,0.774456988885,0.121613476228,133
1,1444951620,73000000,2.48900921179,1.05251785078,-0.619446220596,0.117932277239,0.609523184754,0.774456988885,0.121613476228,134
1,1444951620,84000000,2.48908790707,1.05237579909,-0.619523371621,0.116626931792,0.609375649603,0.7750319062,0.119937570525,135
1,1444951620,103000000,2.48928833004,1.05193852958,-0.619800694422,0.112349767789,0.609082248563,0.776640540507,0.115003543447,136
1,1444951620,105000000,2.48934903625,1.05173681177,-0.619931183976,0.111048278164,0.609085658882,0.777026175064,0.113636540455,137
1,1444951620,105000000,2.48934903625,1.05173681177,-0.619931183976,0.111048278164,0.609085658882,0.777026175064,0.113636540455,138
1,1444951620,105000000,2.48934903625,1.05173681177,-0.619931183976,0.111048278164,0.609085658882,0.777026175064,0.113636540455,139
1,1444951620,128000000,2.48941348569,1.05154149163,-0.620057159545,0.110007425455,0.609141757389,0.777274273485,0.112647190501,140
1,1444951620,133000000,2.48948088113,1.05134846042,-0.620181374456,0.109210130702,0.609290191234,0.777372505989,0.111940149858,141
1,1444951620,149000000,2.48954976772,1.05115214796,-0.6203063219,0.108676256511,0.609511958649,0.777331399353,0.111537164725,142
1,1444951620,153000000,2.48962035859,1.0509483837,-0.620433924193,0.1083648287,0.609794406509,0.777170916567,0.111414595693,143
1,1444951620,154000000,2.48969560383,1.05073469808,-0.620564572133,0.108191233136,0.610151615947,0.776903547995,0.111492330415,144
1,1444951620,177000000,2.48985834496,1.05027809695,-0.620838262336,0.107833484814,0.611049690764,0.776200433301,0.111817271982,145
1,1444951620,177000000,2.48985834496,1.05027809695,-0.620838262336,0.107833484814,0.611049690764,0.776200433301,0.111817271982,146
1,1444951620,203000000,2.48994564733,1.05003867975,-0.620978137095,0.107542111915,0.611569240315,0.775813515024,0.111942611954,147
1,1444951620,210000000,2.48950672302,1.05105189536,-0.62071964143,0.106768315252,0.612658055962,0.775047489326,0.112035809509,148
1,1444951620,210000000,2.48950672302,1.05105189536,-0.62071964143,0.106768315252,0.612658055962,0.775047489326,0.112035809509,149
1,1444951620,238000000,2.48907019182,1.05204831287,-0.620478422998,0.106033148782,0.613725607659,0.774279839583,0.112198840804,150
1,1444951620,238000000,2.48907019182,1.05204831287,-0.620478422998,0.106033148782,0.613725607659,0.774279839583,0.112198840804,151
1,1444951620,242000000,2.48885412472,1.05253736116,-0.620368464741,0.105791958216,0.61417959489,0.773924727426,0.112392184231,152
1,1444951620,266000000,2.48863912036,1.05301471359,-0.620263842159,0.105648468571,0.614545423715,0.773614416005,0.112663475132,153
1,1444951620,270000000,2.48842936993,1.05348028631,-0.620158523461,0.10558543485,0.614802373574,0.773371202874,0.112989999384,154
1,1444951620,273000000,2.48822563448,1.05394053733,-0.620048469565,0.105543904929,0.61495043027,0.77321309153,0.11330475511,155
1,1444951620,304000000,2.48802823373,1.05440135737,-0.619933662819,0.105461080082,0.615017586656,0.773136478794,0.113539921832,156
1,1444951620,306000000,2.48783603227,1.05486422959,-0.619818492312,0.10529725196,0.615017907242,0.773143402595,0.113643044329,157
1,1444951620,340000000,2.48745005972,1.0558017528,-0.61959206224,0.104635927918,0.614834991612,0.77342400658,0.113333850741,158
1,1444951620,368000000,2.48732675479,1.05539622026,-0.619853967616,0.102324554274,0.613718590903,0.774890060428,0.111465559802,159
1,1444951620,368000000,2.48732675479,1.05539622026,-0.619853967616,0.102324554274,0.613718590903,0.774890060428,0.111465559802,160
1,1444951620,368000000,2.48732675479,1.05539622026,-0.619853967616,0.102324554274,0.613718590903,0.774890060428,0.111465559802,161
1,1444951620,368000000,2.48732675479,1.05539622026,-0.619853967616,0.102324554274,0.613718590903,0.774890060428,0.111465559802,162
1,1444951620,368000000,2.48732675479,1.05539622026,-0.619853967616,0.102324554274,0.613718590903,0.774890060428,0.111465559802,163
1,1444951620,368000000,2.48732675479,1.05539622026,-0.619853967616,0.102324554274,0.613718590903,0.774890060428,0.111465559802,164
1,1444951620,389000000,2.48729899198,1.05532653702,-0.619894000171,0.10194902459,0.613406207578,0.775233797277,0.111138564186,165
1,1444951620,392000000,2.48727786133,1.05525867768,-0.619931921221,0.101555397271,0.613125352397,0.775560086219,0.110771639856,166
1,1444951620,395000000,2.48730648483,1.05510870954,-0.61999342619,0.101098279869,0.612873889527,0.775884211789,0.110310576286,167
1,1444951620,459000000,2.48746110228,1.05432080313,-0.6203768472,0.0987880086585,0.61210063765,0.777196496357,0.107421342307,168
1,1444951620,519000000,2.48772170798,1.05416989833,-0.620564773134,0.0991359253111,0.612697447063,0.776787531578,0.106653820654,169
1,1444951620,559000000,2.48818755484,1.05513479519,-0.620413821328,0.0996662729309,0.612886440478,0.776630463412,0.10621661084,170
1,1444951620,494000000,2.48754318444,1.05377666191,-0.620638734809,0.0991014680363,0.612434683581,0.77695462643,0.106977408124,171
1,1444951620,700000000,2.48937768846,1.05689334723,-0.620489512902,0.103378597924,0.612910629043,0.776065829518,0.106654838393,172
1,1444951620,679000000,2.48929261726,1.05668223742,-0.620502144958,0.102950092214,0.612837722402,0.776208528904,0.106449632083,173
1,1444951620,708000000,2.48954546086,1.0573011059,-0.620462776701,0.104223289867,0.613085583603,0.775754956478,0.107087910277,174
1,1444951620,674000000,2.4892081753,1.05647042734,-0.62051427636,0.102525511197,0.612787369806,0.776331707695,0.106250828642,175
1,1444951620,777000000,2.49012288713,1.05871120767,-0.620384647775,0.107184129076,0.613725502516,0.774588027531,0.108930976503,176
1,1444951620,624000000,2.48885365287,1.05604446934,-0.620432815686,0.101131615574,0.612697330697,0.776640597183,0.105847815732,177
1,1444951620,799000000,2.49029315049,1.05910874456,-0.620367841653,0.10802060879,0.613858087446,0.774271914806,0.109602912806,178
1,1444951620,797000000,2.49020764943,1.05891171622,-0.62037592969,0.107611662306,0.613796910901,0.774423762058,0.109274512419,179
1,1444951620,702000000,2.48946228045,1.05709982043,-0.620476069308,0.103801939082,0.612994805578,0.77591359782,0.106867275137,180
1,1444951620,826000000,2.49041675427,1.05974492508,-0.620260678202,0.109051375455,0.614008349984,0.773899318201,0.110369329746,181
1,1444951620,823000000,2.4903750245,1.059529831,-0.620296544659,0.108744803814,0.61395869312,0.774014487958,0.110140198007,182
1,1444951620,597000000,2.48848692022,1.05563067967,-0.62036208356,0.10036735275,0.612736984273,0.776663303612,0.10617860156,183
1,1444951620,807000000,2.49033363543,1.05931846976,-0.620332728875,0.108402754062,0.613909850638,0.77413689962,0.109889029702,184
1,1444951620,856000000,2.49053717915,1.0603896224,-0.620157176798,0.109918836198,0.614129233004,0.773580997325,0.111065634636,185
1,1444951620,856000000,2.49053717915,1.0603896224,-0.620157176798,0.109918836198,0.614129233004,0.773580997325,0.111065634636,186
1,1444951620,738000000,2.48979592894,1.05791019356,-0.620423986818,0.105459865765,0.613363603716,0.775272335644,0.107778067964,187
1,1444951620,872000000,2.49057561035,1.06060543872,-0.620123000462,0.110241988399,0.614163868087,0.773469201581,0.111332121761,188
1,1444951620,659000000,2.48911881318,1.05636444463,-0.62049459051,0.10211695438,0.612749623685,0.776439275541,0.106075811095,189
1,1444951620,849000000,2.49045907779,1.05996175933,-0.620225428358,0.109346860895,0.614059616675,0.773784407351,0.11059720666,190
1,1444951620,897000000,2.49061575884,1.06082235534,-0.620088672693,0.11059529889,0.614196292987,0.773349853468,0.111631526395,191
1,1444951620,600000000,2.48858310955,1.05573244036,-0.620376950889,0.1005540914,0.612717536692,0.776667707654,0.106081887336,192
1,1444951620,936000000,2.49064984755,1.06100178104,-0.620066624711,0.110956921331,0.614216957678,0.773236366708,0.111944681475,193
1,1444951620,940000000,2.49068550956,1.06117987048,-0.620045245553,0.111305754791,0.614233011413,0.773129496184,0.112248023461,194
1,1444951620,952000000,2.49075676598,1.06152847278,-0.620004520718,0.111943282672,0.614248283238,0.772943115064,0.112812627304,195
1,1444951620,952000000,2.49075676598,1.06152847278,-0.620004520718,0.111943282672,0.614248283238,0.772943115064,0.112812627304,196
1,1444951620,955000000,2.49079334914,1.06170541843,-0.61998249984,0.112214168149,0.614254271563,0.772863742982,0.113054434312,197
1,1444951620,958000000,2.49082913839,1.06188307564,-0.619958781522,0.112447809954,0.614265552193,0.772790401057,0.113262162526,198
1,1444951620,989000000,2.49086349979,1.06205797912,-0.619935579263,0.112637486243,0.614287134325,0.772722821685,0.113417609487,199
1,1444951620,993000000,2.49089630732,1.06222992464,-0.61991360553,0.112775925856,0.614309721525,0.772669127467,0.113523460334,200
1,1444951620,998000000,2.49093076952,1.0624057188,-0.6198905681,0.112875174435,0.614336159416,0.772620851749,0.113610288588,201
1,1444951621,0,2.49096661791,1.06258574753,-0.619865868014,0.112934819618,0.614366592239,0.772577419953,0.113681779707,202
1,1444951621,3000000,2.49100071582,1.06276635308,-0.619841152823,0.112939191841,0.614413831198,0.772533103255,0.113723292927,203
1,1444951621,7000000,2.4910809436,1.06291277888,-0.619857122009,0.112881188776,0.614466359929,0.772498191114,0.11373422731,204
1,1444951621,29000000,2.49115901157,1.06305784257,-0.619873614866,0.112793320308,0.614515105028,0.772472040394,0.113735655786,205
1,1444951621,34000000,2.4913138884,1.06335420543,-0.619905290094,0.112671225342,0.614594712986,0.772415065292,0.113813446739,206
1,1444951621,34000000,2.4913138884,1.06335420543,-0.619905290094,0.112671225342,0.614594712986,0.772415065292,0.113813446739,207
1,1444951621,36000000,2.49139468383,1.06350208471,-0.619919610982,0.112692340385,0.614606873675,0.77238465226,0.113933209397,208
1,1444951621,70000000,2.49164884,1.063922743,-0.619966256878,0.112951997803,0.614637713403,0.772243675685,0.114464111489,209
1,1444951621,70000000,2.49164884,1.063922743,-0.619966256878,0.112951997803,0.614637713403,0.772243675685,0.114464111489,210
1,1444951621,70000000,2.49164884,1.063922743,-0.619966256878,0.112951997803,0.614637713403,0.772243675685,0.114464111489,211
1,1444951621,102000000,2.49173774404,1.06406342723,-0.619985368762,0.112971319414,0.614653841211,0.772214536813,0.114554989454,212
1,1444951621,108000000,2.49182725299,1.06420444667,-0.620005529846,0.112897851929,0.614675194975,0.772206686351,0.114565759575,213
1,1444951621,112000000,2.49192277098,1.0642959973,-0.620037887829,0.112695382921,0.614703139178,0.772226451911,0.114481912639,214
1,1444951621,136000000,2.49232705902,1.06466594295,-0.620160370212,0.11017609299,0.615103671197,0.772535176259,0.112685862719,215
1,1444951621,136000000,2.49232705902,1.06466594295,-0.620160370212,0.11017609299,0.615103671197,0.772535176259,0.112685862719,216
1,1444951621,160000000,2.49241993056,1.06476483497,-0.620192581162,0.109214473383,0.615246709688,0.772666042617,0.111941375767,217
1,1444951621,160000000,2.49241993056,1.06476483497,-0.620192581162,0.109214473383,0.615246709688,0.772666042617,0.111941375767,218
1,1444951621,160000000,2.49241993056,1.06476483497,-0.620192581162,0.109214473383,0.615246709688,0.772666042617,0.111941375767,219
1,1444951621,166000000,2.49258692844,1.06497161475,-0.620242618647,0.107400874076,0.615490874537,0.772929531491,0.110525901753,220
1,1444951621,166000000,2.49258692844,1.06497161475,-0.620242618647,0.107400874076,0.615490874537,0.772929531491,0.110525901753,221
1,1444951621,198000000,2.49266163046,1.06508451925,-0.620261304046,0.106738337449,0.615588401428,0.773017865012,0.110005580397,222
1,1444951621,204000000,2.49273429579,1.06519948528,-0.620280503753,0.106326225737,0.615665163765,0.773054796189,0.109715185534,223
1,1444951621,210000000,2.49284444266,1.06531501396,-0.620317934757,0.106146602625,0.61572206344,0.773044025672,0.109645673499,224
1,1444951621,236000000,2.49295917831,1.06542633279,-0.620356087299,0.106153307318,0.615771820336,0.772988718013,0.109749635312,225
1,1444951621,259000000,2.49332514922,1.06573906046,-0.620477306262,0.106641494837,0.615933343709,0.772683569181,0.110516105635,226
1,1444951621,259000000,2.49332514922,1.06573906046,-0.620477306262,0.106641494837,0.615933343709,0.772683569181,0.110516105635,227
1,1444951621,259000000,2.49332514922,1.06573906046,-0.620477306262,0.106641494837,0.615933343709,0.772683569181,0.110516105635,228
1,1444951621,289000000,2.49396277388,1.06620715869,-0.620700329928,0.10688868024,0.616022929956,0.772500475747,0.111056628691,229
1,1444951621,289000000,2.49396277388,1.06620715869,-0.620700329928,0.10688868024,0.616022929956,0.772500475747,0.111056628691,230
1,1444951621,289000000,2.49396277388,1.06620715869,-0.620700329928,0.10688868024,0.616022929956,0.772500475747,0.111056628691,231
1,1444951621,289000000,2.49396277388,1.06620715869,-0.620700329928,0.10688868024,0.616022929956,0.772500475747,0.111056628691,232
1,1444951621,289000000,2.49396277388,1.06620715869,-0.620700329928,0.10688868024,0.616022929956,0.772500475747,0.111056628691,233
1,1444951621,321000000,2.49430522031,1.06641255684,-0.620861641513,0.107406532044,0.615751229091,0.772584671655,0.111477288589,234
1,1444951621,377000000,2.49493090322,1.06655494003,-0.621226472253,0.10988529476,0.614707556628,0.77284128634,0.113031800607,235
1,1444951621,377000000,2.49493090322,1.06655494003,-0.621226472253,0.10988529476,0.614707556628,0.77284128634,0.113031800607,236
1,1444951621,377000000,2.49493090322,1.06655494003,-0.621226472253,0.10988529476,0.614707556628,0.77284128634,0.113031800607,237
1,1444951621,377000000,2.49493090322,1.06655494003,-0.621226472253,0.10988529476,0.614707556628,0.77284128634,0.113031800607,238
1,1444951621,377000000,2.49493090322,1.06655494003,-0.621226472253,0.10988529476,0.614707556628,0.77284128634,0.113031800607,239
1,1444951621,377000000,2.49493090322,1.06655494003,-0.621226472253,0.10988529476,0.614707556628,0.77284128634,0.113031800607,240
1,1444951621,404000000,2.49503084283,1.0665815621,-0.621287003607,0.110312648219,0.614519425108,0.772899877278,0.113237694745,241
1,1444951621,412000000,2.49532186967,1.06666110487,-0.621461831711,0.111779036372,0.613953497813,0.77303340031,0.113955743844,242
1,1444951621,412000000,2.49532186967,1.06666110487,-0.621461831711,0.111779036372,0.613953497813,0.77303340031,0.113955743844,243
1,1444951621,450000000,2.49551422458,1.06672440024,-0.621581941616,0.112977317279,0.613594508142,0.773040370338,0.114658149241,244
1,1444951621,450000000,2.49551422458,1.06672440024,-0.621581941616,0.112977317279,0.613594508142,0.773040370338,0.114658149241,245
1,1444951621,489000000,2.49564622361,1.06675722958,-0.621631729822,0.113621652788,0.613415316229,0.773029165245,0.115055115119,246
1,1444951621,512000000,2.49618838116,1.06689245079,-0.62181666039,0.11650088818,0.612821045105,0.772806948598,0.116821787048,247
1,1444951621,512000000,2.49618838116,1.06689245079,-0.62181666039,0.11650088818,0.612821045105,0.772806948598,0.116821787048,248
1,1444951621,512000000,2.49618838116,1.06689245079,-0.62181666039,0.11650088818,0.612821045105,0.772806948598,0.116821787048,249
1,1444951621,512000000,2.49618838116,1.06689245079,-0.62181666039,0.11650088818,0.612821045105,0.772806948598,0.116821787048,250
1,1444951621,547000000,2.49632459646,1.06692412604,-0.621868912528,0.117271590206,0.612689891982,0.772721983417,0.117299645086,251
1,1444951621,554000000,2.49646071517,1.06695181389,-0.621918877087,0.118065507559,0.61255478658,0.7726317168,0.117802375008,252
1,1444951621,560000000,2.49661040874,1.06704595261,-0.621954586922,0.118869860446,0.612427910028,0.772531964422,0.118306277274,253
1,1444951621,564000000,2.49720995251,1.06742431196,-0.622095749478,0.120452847592,0.612251540646,0.772281733677,0.119248003391,254
1,1444951621,572000000,2.49720995251,1.06742431196,-0.622095749478,0.121909955925,0.612136096232,0.772020815119,0.120046754888,255
1,1444951621,572000000,2.49720995251,1.06742431196,-0.622095749478,0.121909955925,0.612136096232,0.772020815119,0.120046754888,256
1,1444951621,572000000,2.49720995251,1.06742431196,-0.622095749478,0.121909955925,0.612136096232,0.772020815119,0.120046754888,257
1,1444951621,597000000,2.49735662468,1.06752017413,-0.622129518533,0.122628411609,0.612111397355,0.771870394208,0.120407659388,258
1,1444951621,601000000,2.49750209867,1.0676207645,-0.622168523599,0.123377862081,0.612100162905,0.771701701528,0.120779872407,259
1,1444951621,611000000,2.49783050144,1.06788738343,-0.62222576529,0.125038902044,0.612045230086,0.771333905127,0.121695998731,260
1,1444951621,617000000,2.49801493622,1.06804832406,-0.622234067927,0.125970938762,0.611995871375,0.771133200725,0.122253681938,261
1,1444951621,617000000,2.49801493622,1.06804832406,-0.622234067927,0.125970938762,0.611995871375,0.771133200725,0.122253681938,262
1,1444951621,637000000,2.49820216447,1.06820742317,-0.622239422543,0.126957580275,0.611956193562,0.770906401489,0.122860531153,263
1,1444951621,658000000,2.49877139826,1.06867211964,-0.62226542707,0.130042657304,0.61189396759,0.770147972338,0.124686729094,264
1,1444951621,658000000,2.49877139826,1.06867211964,-0.62226542707,0.130042657304,0.61189396759,0.770147972338,0.124686729094,265
1,1444951621,658000000,2.49877139826,1.06867211964,-0.62226542707,0.130042657304,0.61189396759,0.770147972338,0.124686729094,266
1,1444951621,692000000,2.49895896711,1.06881541023,-0.622277802819,0.131038410885,0.611869081615,0.769907940136,0.125247457267,267
1,1444951621,696000000,2.49933375245,1.06909717839,-0.6223052994,0.132890402688,0.611783569389,0.76950048937,0.126214111568,268
1,1444951621,696000000,2.49933375245,1.06909717839,-0.6223052994,0.132890402688,0.611783569389,0.76950048937,0.126214111568,269
1,1444951621,699000000,2.49952268756,1.06924000448,-0.622318796801,0.133758692252,0.611704139704,0.7693457426,0.126624587103,270
1,1444951621,703000000,2.49975057862,1.06931350967,-0.622353215939,0.134579475131,0.611610386276,0.769217988575,0.126983409648,271
1,1444951621,734000000,2.50065656906,1.06962407424,-0.622486037438,0.137735712873,0.611107067255,0.768854092587,0.128220162465,272
1,1444951621,734000000,2.50065656906,1.06962407424,-0.622486037438,0.137735712873,0.611107067255,0.768854092587,0.128220162465,273
1,1444951621,734000000,2.50065656906,1.06962407424,-0.622486037438,0.137735712873,0.611107067255,0.768854092587,0.128220162465,274
1,1444951621,734000000,2.50065656906,1.06962407424,-0.622486037438,0.137735712873,0.611107067255,0.768854092587,0.128220162465,275
1,1444951621,765000000,2.50088238294,1.0697053968,-0.622518336819,0.138577018677,0.61094951295,0.76877012787,0.128567464837,276
1,1444951621,768000000,2.50110755112,1.06978402254,-0.622551348221,0.139425957388,0.61077938496,0.768693489848,0.128915724333,277
1,1444951621,780000000,2.50155672874,1.06995098256,-0.6226174452,0.141124759944,0.610456212308,0.768524028728,0.129606451433,278
1,1444951621,780000000,2.50155672874,1.06995098256,-0.6226174452,0.141124759944,0.610456212308,0.768524028728,0.129606451433,279
1,1444951621,801000000,2.50177848233,1.0700405359,-0.622651677128,0.142009967886,0.610301718573,0.768419335378,0.129987331476,280
1,1444951621,803000000,2.502016668,1.07006056585,-0.622695811082,0.142922979589,0.610142189595,0.768306964775,0.130399149764,281
1,1444951621,805000000,2.50225345069,1.07007775304,-0.622739141832,0.143876084818,0.609975867926,0.768181849137,0.130865424855,282
1,1444951621,843000000,2.503217235,1.07014125714,-0.622909092901,0.14792467392,0.609448484002,0.767468629112,0.132976462288,283
1,1444951621,843000000,2.503217235,1.07014125714,-0.622909092901,0.14792467392,0.609448484002,0.767468629112,0.132976462288,284
1,1444951621,843000000,2.503217235,1.07014125714,-0.622909092901,0.14792467392,0.609448484002,0.767468629112,0.132976462288,285
1,1444951621,843000000,2.503217235,1.07014125714,-0.622909092901,0.14792467392,0.609448484002,0.767468629112,0.132976462288,286
1,1444951621,870000000,2.50345721542,1.07015101418,-0.622955765949,0.148919187419,0.609343481537,0.767270879813,0.133487805126,287
1,1444951621,879000000,2.50369764172,1.07016148669,-0.623003853646,0.149887711985,0.609233982054,0.767082258442,0.13398670714,288
1,1444951621,882000000,2.50393727628,1.07017491564,-0.623050404961,0.150842277276,0.609124556849,0.766893963091,0.134489891829,289
1,1444951621,898000000,2.50417535256,1.07018887581,-0.623095341294,0.151791028048,0.60903054,0.766692379068,0.134996596368,290
1,1444951621,905000000,2.50461906626,1.07035971904,-0.623150946046,0.153664174453,0.608888483041,0.766249362345,0.136029597572,291
1,1444951621,917000000,2.50506720735,1.07052756363,-0.623208889014,0.155456341923,0.608747569941,0.76581488469,0.137066714535,292
1,1444951621,918000000,2.50506720735,1.07052756363,-0.623208889014,0.155456341923,0.608747569941,0.76581488469,0.137066714535,293
1,1444951621,918000000,2.50506720735,1.07052756363,-0.623208889014,0.155456341923,0.608747569941,0.76581488469,0.137066714535,294
1,1444951621,938000000,2.50551918715,1.0706899651,-0.623266700785,0.156991279108,0.608606507234,0.765459733885,0.137924810811,295
1,1444951621,938000000,2.50551918715,1.0706899651,-0.623266700785,0.156991279108,0.608606507234,0.765459733885,0.137924810811,296
1,1444951621,966000000,2.50574292712,1.07076881633,-0.623294817014,0.157664639536,0.608557724695,0.765295351007,0.138283704323,297
1,1444951621,970000000,2.50596646312,1.07084879794,-0.62332159461,0.158315683082,0.608531528993,0.76512105785,0.138619225022,298
1,1444951621,992000000,2.50618894407,1.07092945239,-0.623348188387,0.158939083244,0.608510151136,0.764951199575,0.138936769976,299
1,1444951621,997000000,2.50641120437,1.0710117762,-0.623376162579,0.159532042312,0.608492321657,0.764786426643,0.139242032387,300
1,1444951621,998000000,2.50663247918,1.07109459113,-0.623405855935,0.160124004093,0.608480797611,0.764616175669,0.139547576677,301
1,1444951622,19000000,2.50684369156,1.07113777458,-0.623409977391,0.160740080054,0.608465059267,0.764437993863,0.139883708321,302
1,1444951622,23000000,2.50705548363,1.07117994796,-0.623415312006,0.161388151456,0.608430960951,0.764259379365,0.140261296793,303
1,1444951622,41000000,2.50727113053,1.07122165614,-0.623423024977,0.162050929198,0.60837730341,0.764087712599,0.140664567308,304
1,1444951622,89000000,2.50748861059,1.07126014512,-0.623431150152,0.162701958327,0.608319249502,0.763921899627,0.141064151053,305
1,1444951622,95000000,2.50792847417,1.07132384205,-0.623439097159,0.163327678909,0.608248120827,0.763776420841,0.141435044383,306
1,1444951622,97000000,2.50792847417,1.07132384205,-0.623439097159,0.163910404135,0.608160810573,0.763660505323,0.141761914876,307
1,1444951622,102000000,2.50837167211,1.07138502877,-0.623446301816,0.164872128826,0.607983022668,0.763512591838,0.142205300143,308
1,1444951622,102000000,2.50837167211,1.07138502877,-0.623446301816,0.164872128826,0.607983022668,0.763512591838,0.142205300143,309
1,1444951622,105000000,2.50859245217,1.07141731788,-0.623451165121,0.165258071349,0.60788752924,0.763480732889,0.142336545396,310
1,1444951622,134000000,2.50969353376,1.0709470218,-0.623532387795,0.166587679118,0.60745044906,0.763487399632,0.142616575845,311
1,1444951622,134000000,2.50969353376,1.0709470218,-0.623532387795,0.166587679118,0.60745044906,0.763487399632,0.142616575845,312
1,1444951622,134000000,2.50969353376,1.0709470218,-0.623532387795,0.166587679118,0.60745044906,0.763487399632,0.142616575845,313
1,1444951622,134000000,2.50969353376,1.0709470218,-0.623532387795,0.166587679118,0.60745044906,0.763487399632,0.142616575845,314
1,1444951622,147000000,2.51104855556,1.07038545595,-0.623639761368,0.16759462121,0.60699570219,0.763565022663,0.142957044703,315
1,1444951622,183000000,2.51104855556,1.07038545595,-0.623639761368,0.16821409359,0.606669769755,0.763643793057,0.143192061611,316
1,1444951622,183000000,2.51104855556,1.07038545595,-0.623639761368,0.16821409359,0.606669769755,0.763643793057,0.143192061611,317
1,1444951622,183000000,2.51104855556,1.07038545595,-0.623639761368,0.16821409359,0.606669769755,0.763643793057,0.143192061611,318
1,1444951622,183000000,2.51104855556,1.07038545595,-0.623639761368,0.16821409359,0.606669769755,0.763643793057,0.143192061611,319
1,1444951622,202000000,2.51132384156,1.07027374537,-0.623654882124,0.168497710219,0.60652770269,0.763670849365,0.143316088945,320
1,1444951622,205000000,2.51160638147,1.07007644547,-0.623703374178,0.168776429031,0.606402130303,0.763683358493,0.143452784316,321
1,1444951622,207000000,2.51189038661,1.06987616132,-0.623752543043,0.169035091747,0.606299791485,0.763683318035,0.143580954025,322
1,1444951622,246000000,2.51304867894,1.06906576881,-0.623941189522,0.169786874437,0.605989240811,0.763685710417,0.1439916421,323
1,1444951622,246000000,2.51304867894,1.06906576881,-0.623941189522,0.169786874437,0.605989240811,0.763685710417,0.1439916421,324
1,1444951622,246000000,2.51304867894,1.06906576881,-0.623941189522,0.169786874437,0.605989240811,0.763685710417,0.1439916421,325
1,1444951622,263000000,2.51363509005,1.06865207839,-0.624022211276,0.170380321384,0.605817778175,0.763597483521,0.144479233432,326
1,1444951622,263000000,2.51363509005,1.06865207839,-0.624022211276,0.170380321384,0.605817778175,0.763597483521,0.144479233432,327
1,1444951622,263000000,2.51363509005,1.06865207839,-0.624022211276,0.170380321384,0.605817778175,0.763597483521,0.144479233432,328
1,1444951622,299000000,2.51392666967,1.06844618576,-0.624061113946,0.170827136111,0.605729013247,0.763494995726,0.144864914936,329
1,1444951622,303000000,2.51420991546,1.06823939563,-0.624107315202,0.171312245615,0.605635184046,0.763371215714,0.14533590529,330
1,1444951622,309000000,2.51498597294,1.06763441626,-0.624009496242,0.172150803023,0.605356722231,0.763196676449,0.146417802627,331
1,1444951622,309000000,2.51498597294,1.06763441626,-0.624009496242,0.172150803023,0.605356722231,0.763196676449,0.146417802627,332
1,1444951622,334000000,2.5164398214,1.066503515,-0.623543039776,0.173341002405,0.604801999158,0.762938310992,0.148635703386,333
1,1444951622,334000000,2.5164398214,1.066503515,-0.623543039776,0.173341002405,0.604801999158,0.762938310992,0.148635703386,334
1,1444951622,334000000,2.5164398214,1.066503515,-0.623543039776,0.173341002405,0.604801999158,0.762938310992,0.148635703386,335
1,1444951622,355000000,2.51690172152,1.0661452491,-0.623378376468,0.174152679347,0.604653788968,0.762625785557,0.149888461752,336
1,1444951622,362000000,2.51735269795,1.06579325758,-0.623210057683,0.175496403114,0.604507230651,0.76208165277,0.151669295169,337
1,1444951622,366000000,2.51780458333,1.06544502973,-0.623051859413,0.177505387887,0.604347212758,0.761249310841,0.154129070737,338
1,1444951622,394000000,2.51923280808,1.06435847348,-0.622650031894,0.186521487967,0.603662379058,0.757274942663,0.165336408122,339
1,1444951622,407000000,2.51973695982,1.06397004694,-0.622517274183,0.190040013116,0.60339743532,0.75560197591,0.169888146925,340
1,1444951622,407000000,2.51973695982,1.06397004694,-0.622517274183,0.190040013116,0.60339743532,0.75560197591,0.169888146925,341
1,1444951622,407000000,2.51973695982,1.06397004694,-0.622517274183,0.190040013116,0.60339743532,0.75560197591,0.169888146925,342
1,1444951622,433000000,2.51914832946,1.06461875745,-0.622212379359,0.197336088222,0.602207404119,0.752131246456,0.180840534213,343
1,1444951622,433000000,2.51914832946,1.06461875745,-0.622212379359,0.197336088222,0.602207404119,0.752131246456,0.180840534213,344
1,1444951622,468000000,2.51835843223,1.06561573738,-0.621778980466,0.207681971818,0.600760654702,0.746361277464,0.197230012539,345
1,1444951622,468000000,2.51835843223,1.06561573738,-0.621778980466,0.207681971818,0.600760654702,0.746361277464,0.197230012539,346
1,1444951622,468000000,2.51811071304,1.06596543446,-0.621625132957,0.210946411898,0.600436876811,0.744292818846,0.202497822426,347
1,1444951622,480000000,2.51811071304,1.06596543446,-0.621625132957,0.210946411898,0.600436876811,0.744292818846,0.202497822426,348
1,1444951622,487000000,2.51786056,1.06632249023,-0.621472233219,0.214187335559,0.600232637891,0.742086118771,0.207732419291,349
1,1444951622,507000000,2.51826076565,1.06772507927,-0.621848864454,0.220449415198,0.60022376062,0.737257858299,0.218138357248,350
1,1444951622,507000000,2.51848166583,1.06841386942,-0.622035483803,0.223330589838,0.600454289502,0.734725782608,0.223060794927,351
1,1444951622,513000000,2.51848166583,1.06841386942,-0.622035483803,0.223330589838,0.600454289502,0.734725782608,0.223060794927,352
1,1444951622,516000000,2.51871097038,1.06909105311,-0.622217875172,0.22592703514,0.600873058746,0.732213933628,0.227533068952,353
1,1444951622,553000000,2.5189194522,1.0697500549,-0.622386238579,0.228092262663,0.601466701335,0.729965418641,0.231002628744,354
1,1444951622,559000000,2.51908535972,1.07037873187,-0.622531909242,0.229549804518,0.602193447921,0.728388130715,0.23263849544,355
1,1444951622,568000000,2.51947557109,1.07205078263,-0.623030970066,0.225875398823,0.606671837015,0.726724951577,0.229783443996,356
1,1444951622,568000000,2.51947557109,1.07205078263,-0.623030970066,0.225875398823,0.606671837015,0.726724951577,0.229783443996,357
1,1444951622,568000000,2.51947557109,1.07205078263,-0.623030970066,0.225875398823,0.606671837015,0.726724951577,0.229783443996,358
1,1444951622,599000000,2.51976948992,1.07314265545,-0.623349318378,0.213491092604,0.613163356872,0.727325824072,0.222372203313,359
1,1444951622,599000000,2.51976948992,1.07314265545,-0.623349318378,0.213491092604,0.613163356872,0.727325824072,0.222372203313,360
1,1444951622,599000000,2.51976948992,1.07314265545,-0.623349318378,0.213491092604,0.613163356872,0.727325824072,0.222372203313,361
1,1444951622,629000000,2.51982961141,1.07340575668,-0.623431221739,0.209502564905,0.61506425349,0.72763470992,0.219891719481,362
1,1444951622,639000000,2.51990008783,1.07367404167,-0.623527765039,0.20593983498,0.616630223416,0.7279130547,0.217941590192,363
1,1444951622,652000000,2.51997920752,1.07394571074,-0.623625323167,0.202936841387,0.617831005836,0.728133867292,0.216616153455,364
1,1444951622,658000000,2.52006551852,1.07421776853,-0.623714348102,0.200554204283,0.618668359557,0.728312268882,0.21584418228,365
1,1444951622,673000000,2.52026989547,1.07474972466,-0.623875854975,0.197181048551,0.619662031236,0.728529246252,0.215368842899,366
1,1444951622,673000000,2.52026989547,1.07474972466,-0.623875854975,0.197181048551,0.619662031236,0.728529246252,0.215368842899,367
1,1444951622,687000000,2.52049426892,1.07526403683,-0.624043187643,0.194162060143,0.620372037247,0.728798529992,0.215156530192,368
1,1444951622,699000000,2.52059756782,1.07551868142,-0.624119372285,0.192317218107,0.620781257076,0.729059057578,0.214750108373,369
1,1444951622,699000000,2.52059756782,1.07551868142,-0.624119372285,0.192317218107,0.620781257076,0.729059057578,0.214750108373,370
1,1444951622,704000000,2.52044512176,1.07527164666,-0.62436580182,0.18993348341,0.621161639561,0.72963065596,0.213828424916,371
1,1444951622,709000000,2.52028238508,1.07503141036,-0.624613687462,0.187219917932,0.621585641829,0.730318662405,0.212637352186,372
1,1444951622,730000000,2.51978620771,1.07438272992,-0.625366820551,0.178615804949,0.622641410211,0.732649970853,0.208897316217,373
1,1444951622,730000000,2.51978620771,1.07438272992,-0.625366820551,0.178615804949,0.622641410211,0.732649970853,0.208897316217,374
1,1444951622,730000000,2.51978620771,1.07438272992,-0.625366820551,0.178615804949,0.622641410211,0.732649970853,0.208897316217,375
1,1444951622,758000000,2.51963429594,1.07418104461,-0.625608753311,0.176205679627,0.622789731811,0.733322568251,0.208140623887,376
1,1444951622,765000000,2.51937779032,1.07378151316,-0.626092054743,0.172593911068,0.622908153284,0.734197772944,0.207726754751,377
1,1444951622,765000000,2.51937779032,1.07378151316,-0.626092054743,0.172593911068,0.622908153284,0.734197772944,0.207726754751,378
1,1444951622,791000000,2.51927157906,1.0735749107,-0.626346974759,0.171174113922,0.622950074127,0.734459279369,0.207851376749,379
1,1444951622,794000000,2.5189428399,1.07347160443,-0.626538768262,0.169745359147,0.62301423992,0.73470605132,0.207958621024,380
1,1444951622,801000000,2.5182992197,1.07323552051,-0.626914297931,0.16634477445,0.623432275627,0.735254576374,0.207514629946,381
1,1444951622,801000000,2.5182992197,1.07323552051,-0.626914297931,0.16634477445,0.623432275627,0.735254576374,0.207514629946,382
1,1444951622,848000000,2.51729945624,1.07287639814,-0.627466624254,0.159682426263,0.624787936035,0.73629214429,0.204976671806,383
1,1444951622,848000000,2.51729945624,1.07287639814,-0.627466624254,0.159682426263,0.624787936035,0.73629214429,0.204976671806,384
1,1444951622,848000000,2.51729945624,1.07287639814,-0.627466624254,0.159682426263,0.624787936035,0.73629214429,0.204976671806,385
1,1444951622,869000000,2.51659286993,1.07263950075,-0.627834769519,0.15541477945,0.625758281712,0.736864238495,0.203233641963,386
1,1444951622,869000000,2.51659286993,1.07263950075,-0.627834769519,0.15541477945,0.625758281712,0.736864238495,0.203233641963,387
1,1444951622,871000000,2.51623614104,1.07251607731,-0.628020475357,0.153628541566,0.626141427351,0.737081995584,0.202621114294,388
1,1444951622,876000000,2.51612827328,1.07245861107,-0.628109502392,0.152243319474,0.626428446848,0.737217932716,0.202284681419,389
1,1444951622,908000000,2.51603287651,1.07239610671,-0.628200190463,0.151111066181,0.62662056942,0.73733499362,0.202111886936,390
1,1444951622,920000000,2.5158805818,1.07224981121,-0.628375174852,0.149478677928,0.626766903722,0.737560819355,0.202048041305,391
1,1444951622,920000000,2.5158805818,1.07224981121,-0.628375174852,0.149478677928,0.626766903722,0.737560819355,0.202048041305,392
1,1444951622,926000000,2.51581720681,1.07217001115,-0.628460027863,0.148900725659,0.626775793488,0.737680609614,0.202009892816,393
1,1444951622,956000000,2.51575705515,1.07209107486,-0.628543140952,0.148443320669,0.626748039259,0.737821746906,0.201917175163,394
1,1444951622,960000000,2.51562496981,1.07194285434,-0.628704229377,0.14785236686,0.626609308184,0.738152159099,0.201573417217,395
1,1444951622,960000000,2.51562496981,1.07194285434,-0.628704229377,0.14785236686,0.626609308184,0.738152159099,0.201573417217,396
1,1444951622,966000000,2.51554575534,1.0718750029,-0.6287911086,0.147716060263,0.626526193664,0.738315263099,0.201334215842,397
1,1444951622,973000000,2.51546061601,1.07181430459,-0.628882532782,0.147689407154,0.626424890955,0.738466029599,0.201115932077,398
1,1444951623,7000000,2.51527732347,1.07170713062,-0.629068118632,0.148038396614,0.626144655851,0.738701487281,0.2008671595,399
1,1444951623,14000000,2.5151809494,1.07165207517,-0.629162448453,0.148359579161,0.625988172893,0.738779132483,0.200832358144,400
1,1444951623,22000000,2.51549672562,1.07158410749,-0.629082626099,0.148737414161,0.625823221471,0.738844423427,0.20082677876,401
1,1444951623,22000000,2.51549672562,1.07158410749,-0.629082626099,0.148737414161,0.625823221471,0.738844423427,0.20082677876,402
1,1444951623,46000000,2.51581751861,1.07151756294,-0.629002169184,0.149152362958,0.625659035879,0.738901033881,0.200822323403,403
1,1444951623,55000000,2.51614180025,1.07145012047,-0.628920823967,0.149579469319,0.62552765542,0.738934854906,0.200789478977,404
1,1444951623,67000000,2.51646649742,1.07137924594,-0.628839897546,0.149994008665,0.625427196237,0.738954452028,0.200721043738,405
1,1444951623,78000000,2.51678770423,1.07130441946,-0.628758481938,0.150385833703,0.625326888077,0.738990273033,0.200608475476,406
1,1444951623,84000000,2.51710577845,1.07122594775,-0.628677871765,0.150762657973,0.625218624109,0.73905091749,0.200439602836,407
1,1444951623,108000000,2.51742500721,1.07114472703,-0.628599385538,0.151121437421,0.625109367013,0.739129606854,0.200219915835,408
1,1444951623,118000000,2.51938563155,1.07091273785,-0.627964074925,0.153370590628,0.624483113739,0.739574335544,0.198816761844,409
1,1444951623,118000000,2.51938563155,1.07091273785,-0.627964074925,0.153370590628,0.624483113739,0.739574335544,0.198816761844,410
1,1444951623,157000000,2.51981795482,1.07089189254,-0.627815630312,0.154049805801,0.624310244404,0.739624329145,0.198648503146,411
1,1444951623,157000000,2.51981795482,1.07089189254,-0.627815630312,0.154049805801,0.624310244404,0.739624329145,0.198648503146,412
1,1444951623,163000000,2.5202544143,1.07087208333,-0.627658582064,0.154827737896,0.624114911324,0.739655605814,0.198541012965,413
1,1444951623,163000000,2.5202544143,1.07087208333,-0.627658582064,0.154827737896,0.624114911324,0.739655605814,0.198541012965,414
1,1444951623,174000000,2.52111954143,1.07083254965,-0.627335978916,0.156656355488,0.623709288008,0.739637650556,0.198448119713,415
1,1444951623,174000000,2.52111954143,1.07083254965,-0.627335978916,0.156656355488,0.623709288008,0.739637650556,0.198448119713,416
1,1444951623,163000000,2.5202544143,1.07087208333,-0.627658582064,0.154827737896,0.624114911324,0.739655605814,0.198541012965,417
1,1444951623,300000000,2.52520517155,1.07172463285,-0.624779943304,0.169697415345,0.621219115944,0.738368605049,0.200253340268,418
1,1444951623,300000000,2.52520517155,1.07172463285,-0.624779943304,0.169697415345,0.621219115944,0.738368605049,0.200253340268,419
1,1444951623,300000000,2.52520517155,1.07172463285,-0.624779943304,0.169697415345,0.621219115944,0.738368605049,0.200253340268,420
1,1444951623,300000000,2.52520517155,1.07172463285,-0.624779943304,0.169697415345,0.621219115944,0.738368605049,0.200253340268,421
1,1444951623,300000000,2.52520517155,1.07172463285,-0.624779943304,0.169697415345,0.621219115944,0.738368605049,0.200253340268,422
1,1444951623,300000000,2.52520517155,1.07172463285,-0.624779943304,0.169697415345,0.621219115944,0.738368605049,0.200253340268,423
1,1444951623,300000000,2.52520517155,1.07172463285,-0.624779943304,0.169697415345,0.621219115944,0.738368605049,0.200253340268,424
1,1444951623,300000000,2.52520517155,1.07172463285,-0.624779943304,0.169697415345,0.621219115944,0.738368605049,0.200253340268,425
1,1444951623,300000000,2.52520517155,1.07172463285,-0.624779943304,0.169697415345,0.621219115944,0.738368605049,0.200253340268,426
1,1444951623,878000000,2.52562250542,1.0718864759,-0.624459275067,0.171031947725,0.620979204344,0.738246412229,0.200312594367,427
1,1444951623,882000000,2.526452944,1.07222046891,-0.623803531048,0.173925555512,0.62049286536,0.737921869621,0.2005238627,428
1,1444951623,882000000,2.526452944,1.07222046891,-0.623803531048,0.173925555512,0.62049286536,0.737921869621,0.2005238627,429
1,1444951623,884000000,2.52685731827,1.07238963139,-0.623469665509,0.175461666053,0.620283220857,0.737701368635,0.20064550925,430
1,1444951623,885000000,2.52725252211,1.07255786955,-0.623133765624,0.177014782203,0.620111780538,0.73744542528,0.200752064133,431
1,1444951623,895000000,2.52764749674,1.0727310949,-0.622797546572,0.178554936544,0.619994743518,0.737152619721,0.200824968278,432
