1444951619,13514779,2.86351072817,-1.21023856179,0.304056064269,0.894440162005,0.264149012796,0.195639513326,0.303195112851,0
1444951619,71223230,2.86294996957,-1.21259907581,0.303324578718,0.895054510526,0.260476974949,0.203654302932,0.299255899868,1
1444951619,89124388,2.86255982749,-1.2127143294,0.303200887446,0.89506245687,0.260341345038,0.203707531736,0.29931392196,2
1444951619,96446478,2.86231611274,-1.21264653206,0.303178007752,0.8951750923,0.259785147914,0.203399910209,0.29966933039,3
1444951619,21337491,2.86347614388,-1.21092001461,0.30415412304,0.891213727103,0.270473935454,0.191861170702,0.309469278023,4
1444951619,29673047,2.86336716632,-1.21141055377,0.304037774511,0.892192080551,0.267437787268,0.192594619012,0.308832695924,5
1444951619,4522155,2.86364420429,-1.20989767442,0.304179854242,0.894993913119,0.262214507839,0.195702755358,0.303199404525,6
1444951619,63081763,2.86306401228,-1.21241365581,0.303416007746,0.895236731587,0.260518875297,0.202634523387,0.29936659794,7
1444951619,121192081,2.86151581781,-1.21238932258,0.303307011532,0.892794153721,0.26338233788,0.196852444795,0.30789195857,8
1444951619,154724485,2.86073974346,-1.21161765665,0.303183202945,0.892098815121,0.263696883475,0.195690078092,0.310369217291,9
1444951619,138075372,2.86110595559,-1.21193872875,0.303185243534,0.892008642609,0.264654962943,0.195911838447,0.309672219703,10
1444951619,146385996,2.86095402946,-1.21172651405,0.303188585797,0.891869857499,0.264830434115,0.195293178211,0.310312057443,11
1444951619,113048169,2.86181084101,-1.21227060948,0.303090325776,0.895078255214,0.259910327908,0.202204928636,0.300657122526,12
1444951619,204700181,2.85970317041,-1.21161477107,0.302966060602,0.892872874315,0.260355273737,0.197768904421,0.309645962664,13
1444951619,197688046,2.85978790908,-1.2115560809,0.302995975036,0.893131408434,0.259399926725,0.197882647313,0.30962949339,14
1444951619,188167423,2.8599217926,-1.21152798847,0.302999140234,0.892682966455,0.26088349004,0.197870704622,0.309683887661,15
1444951619,212987826,2.85958231575,-1.21174840034,0.302941533831,0.893034550656,0.259600363766,0.198003715551,0.309663480403,16
1444951619,129741282,2.86133409482,-1.21212534586,0.303240297812,0.891853102506,0.265170475855,0.19580993648,0.309743653785,17
1444951619,179737022,2.8601091057,-1.21148471213,0.303035676092,0.892944787766,0.260621946666,0.197112801169,0.309632605734,18
1444951619,172181732,2.86031414757,-1.2114913692,0.303102111115,0.892280515116,0.262379324359,0.196195915936,0.310644064908,19
1444951619,254677343,2.85879881171,-1.21263057993,0.302264252274,0.897168749749,0.250148260875,0.207447617808,0.299131355628,20
1444951619,262925388,2.85864647351,-1.21285554782,0.302121338485,0.896949500368,0.251202802818,0.207707710467,0.298724375735,21
1444951619,104651990,2.86218639987,-1.2124343422,0.303121329031,0.89461544084,0.261447412581,0.202903550672,0.300230932101,22
1444951619,229734717,2.85924887093,-1.21183875634,0.302529158492,0.896440593497,0.253306486895,0.203704115136,0.301222043523,23
1444951619,279983212,2.85839178128,-1.21378445095,0.302146711739,0.894102716088,0.256884438367,0.202713112001,0.305774610837,24
1444951619,237939252,2.85910517103,-1.21203717326,0.30246620513,0.896653387066,0.251996909393,0.205231101699,0.300650055738,25
1444951619,246574008,2.85906388076,-1.21249926701,0.302697718188,0.893222613424,0.258274396314,0.200029224463,0.308927189539,26
1444951619,288547569,2.85831449828,-1.21401334821,0.302056995921,0.893348499472,0.258554068578,0.203152415531,0.30627985271,27
1444951619,321390151,2.85798073597,-1.21509503327,0.301336006416,0.896563417938,0.253648483323,0.210840430761,0.295605814016,28
1444951619,304778682,2.8580319482,-1.21441116379,0.301577797761,0.896126916119,0.255226278797,0.208331908087,0.297344771084,29
1444951619,312960728,2.85798480672,-1.21478412642,0.301488951739,0.896190419614,0.254567824636,0.209982448107,0.296555772056,30
1444951619,363038601,2.85807022587,-1.21676789327,0.301050559283,0.895695566666,0.257606799859,0.21209739789,0.293909649944,31
1444951619,371366824,2.85815698831,-1.2172024201,0.301031462658,0.895641290852,0.257668466472,0.213329663736,0.293128118879,32
1444951619,346363576,2.85781442666,-1.21611075981,0.301063167947,0.895667220677,0.257480771701,0.210225590132,0.295447259697,33
1444951619,329767263,2.85784531696,-1.21537684444,0.301127655178,0.895989526129,0.256442160422,0.209268429937,0.296052211033,34
1444951619,340470998,2.85775194685,-1.21578689232,0.301075547423,0.896202781694,0.255815225767,0.210348869553,0.295182142798,35
1444951619,388009093,2.85832679981,-1.21818159123,0.300963415257,0.895606427013,0.257805729926,0.216010908489,0.291143643113,36
1444951619,379727803,2.85826659937,-1.21760480053,0.300943377684,0.895284675385,0.25908877742,0.21371934204,0.292681393796,37
1444951619,413184918,2.85919244428,-1.21935728114,0.300966192396,0.895092076726,0.26171791669,0.217341058404,0.288230412341,38
1444951619,429535809,2.85939625367,-1.22010984225,0.300941651085,0.894667350508,0.264585053405,0.21603541768,0.287912798878,39
1444951619,437994566,2.85949093106,-1.22051123631,0.300963349749,0.894801069293,0.264541271215,0.216609197045,0.287105238496,40
1444951619,446474834,2.85962985652,-1.22071473955,0.300932040323,0.894214936601,0.2670506786,0.216058882624,0.287022893613,41
1444951619,454480879,2.85977524241,-1.22095037302,0.301030175897,0.894119987972,0.267327441181,0.2160570942,0.287062394516,42
1444951619,496567373,2.86028837483,-1.22210851646,0.301078387406,0.896108917838,0.262320607586,0.218321550276,0.283747082614,43
1444951619,463064791,2.85992586642,-1.22111865561,0.30098594001,0.894101502856,0.268062936596,0.215289737521,0.287010615714,44
1444951619,513302531,2.86050788854,-1.22254306301,0.301219914139,0.896636524476,0.261638659135,0.218568690453,0.282517048292,45
1444951619,538087245,2.86111618854,-1.22326801702,0.301347800969,0.897199936561,0.262588993203,0.216928546442,0.281107275292,46
1444951619,554752492,2.86166180264,-1.22366906225,0.301325618938,0.896716380243,0.266733633491,0.21397547224,0.281011386689,47
1444951619,521255288,2.860648214,-1.22281860128,0.301265802472,0.89695570268,0.261334160082,0.218785336339,0.281616584752,48
1444951619,487995683,2.86012958315,-1.22191377206,0.301043430977,0.895843341136,0.262872907795,0.217921590665,0.284381298281,49
1444951619,571432894,2.86203909197,-1.22414458382,0.301295565374,0.897556944589,0.261635667391,0.215583438614,0.281890208705,50
1444951619,579635473,2.86227785974,-1.22439658543,0.301320206497,0.897098065308,0.263719058621,0.214302510254,0.282385823724,51
1444951619,546460446,2.86142664484,-1.22341772973,0.301334527324,0.896745792091,0.265357466083,0.215601274953,0.280977738975,52
1444951619,587968585,2.86247407837,-1.22468382267,0.30142979511,0.897416805497,0.26549946192,0.215413804738,0.278836880021,53
1444951619,479796038,2.86001996981,-1.22165320549,0.301010369753,0.894976866358,0.266128256067,0.216011028738,0.285537029945,54
1444951619,604571743,2.86295902019,-1.22522712276,0.30150652925,0.898221382706,0.264037481413,0.216504228417,0.276782360595,55
1444951619,563166271,2.86188629738,-1.22385555581,0.301287953716,0.897037201265,0.26308826362,0.214396863262,0.283095054912,56
1444951619,629845835,2.86330309589,-1.22604241828,0.301545019617,0.898821417956,0.264306051883,0.216296967142,0.274732581917,57
1444951619,613007032,2.86309032634,-1.22546607762,0.301548012045,0.8982125162,0.264954742916,0.215813417733,0.276473920423,58
1444951619,663204194,2.86403539973,-1.22713574976,0.301514657204,0.89937958693,0.265445473066,0.214854746124,0.272933137436,59
1444951619,654750327,2.86390438787,-1.22684181847,0.301488743572,0.899292598123,0.264725809415,0.215559396115,0.273362791061,60
1444951619,621446234,2.863117103,-1.22583204825,0.301585655214,0.898873498978,0.263232597011,0.216808949049,0.275188866632,61
1444951619,671595484,2.86424565409,-1.22747242247,0.301500595218,0.899549200079,0.265265179872,0.215793616907,0.271806430917,62
1444951619,638070413,2.86345557938,-1.22634226236,0.301500378669,0.89932296403,0.263477339732,0.215980868505,0.274135299179,63
1444951619,529702311,2.8608052078,-1.22306594204,0.301339826691,0.897084282831,0.26199963998,0.217835787406,0.281324630763,64
1444951619,687937575,2.86471153156,-1.22796391166,0.30146566847,0.899366243254,0.267310733923,0.215563507619,0.270587705205,65
1444951619,713161312,2.86533165081,-1.22909571421,0.301890253662,0.897077270816,0.272797714932,0.210120132545,0.276917509039,66
1444951619,729769358,2.86565973134,-1.22916918494,0.30163446814,0.900192263981,0.267551352656,0.214122107958,0.268741296501,67
1444951619,723379091,2.86549731886,-1.22907079388,0.30164577513,0.899975501802,0.267306751605,0.214971753511,0.269032232074,68
1444951619,796875234,2.86593642444,-1.22934195499,0.302103621323,0.903588992048,0.260372467391,0.211118932726,0.266761893679,69
1444951619,906571648,2.86643777702,-1.22878551608,0.303026738816,0.90633966372,0.255155799388,0.206470575825,0.266108687054,70
1444951619,847393596,2.86628246979,-1.22937650392,0.302706389001,0.902113162187,0.263955113154,0.203671743989,0.273929482803,71
1444951619,872804088,2.86644944552,-1.22923851015,0.302889469516,0.90269543707,0.263282777661,0.202359002045,0.273631067627,72
1444951619,902001514,2.86644921958,-1.22913001365,0.303185135417,0.903603004049,0.261223446148,0.201468832033,0.273265863174,73
1444951619,916373871,2.86635176283,-1.22877957954,0.303128576188,0.906899241914,0.253592510888,0.206603526681,0.265592895614,74
1444951619,922883916,2.86633098445,-1.22869549522,0.303129720212,0.907079953656,0.25339432337,0.205827617851,0.265767316067,75
1444951619,864434309,2.86640293667,-1.22928930682,0.302824503784,0.902445905101,0.26349963308,0.202772213263,0.273939338654,76
1444951619,884134089,2.86638888098,-1.22899582413,0.302725662527,0.905812894539,0.256460832109,0.207835413058,0.265584793918,77
1444951619,929720050,2.86625300166,-1.22867006917,0.303143928474,0.907472906518,0.252869512769,0.204885639697,0.265653548993,78
1444951619,838450350,2.86620324077,-1.22943613442,0.302671634132,0.902139622729,0.263513015114,0.204239576767,0.273845188473,79
1444951619,946681075,2.86626878171,-1.22862362718,0.303179909059,0.907917394582,0.252061879948,0.203750747429,0.265775179833,80
1444951619,938067829,2.86629413608,-1.2286417918,0.303145798647,0.907828535245,0.251539091484,0.204836793941,0.265739202788,81
1444951619,979714812,2.86638868746,-1.22877062344,0.303452502836,0.908497772772,0.250987841268,0.203596150694,0.264925475988,82
1444951619,954609876,2.86631699615,-1.22861562815,0.303222990384,0.908146673851,0.251221744515,0.204220443029,0.265426570836,83
1444951619,988004902,2.86650205024,-1.22905594642,0.303766501784,0.905977539602,0.256604067658,0.198667525557,0.27182763746,84
1444951619,996457303,2.86656770726,-1.22909340929,0.303853102469,0.905882323264,0.257279969087,0.198073029739,0.271939899232,85
1444951619,854914663,2.8663488937,-1.22932519181,0.302779956479,0.902159001141,0.263880432497,0.203236795389,0.274173410465,86
1444951620,4668193,2.86658892257,-1.22904409673,0.303917085245,0.905996635066,0.256972935409,0.197964836779,0.271928172712,87
1444951619,971339656,2.86644509059,-1.22893362571,0.303656762435,0.905522160883,0.257276629921,0.198629593931,0.272735469385,88
1444951619,889592534,2.86643142769,-1.22921396974,0.303100619955,0.903491837526,0.261130324531,0.20213906963,0.273227468721,89
1444951619,962867210,2.86642762358,-1.22889491851,0.303609731232,0.905362362577,0.257392396867,0.198415112585,0.273312256516,90
1444951620,13001794,2.86656397971,-1.22876428344,0.303741928786,0.908755560093,0.25127505826,0.202498448359,0.264610195396,91
1444951620,21318284,2.86654087336,-1.22870858233,0.303774069777,0.908992696898,0.25090965846,0.202158879679,0.264401981167,92
1444951620,29700285,2.86650655299,-1.22872190693,0.303804962974,0.909091981741,0.249866177676,0.203296309452,0.264176593496,93
1444951620,38010420,2.86644759313,-1.22868824673,0.303894908802,0.909579605199,0.248233401577,0.20327645205,0.264052654199,94
1444951620,46520510,2.86648300722,-1.22856137061,0.303967397127,0.909705804843,0.248313963245,0.202424974132,0.264196241722,95
1444951620,55002244,2.86653823034,-1.22847439956,0.304042358717,0.909925747371,0.247237095923,0.20240738699,0.264462100051,96
1444951620,63057667,2.86650639108,-1.2284645977,0.304161723402,0.910343202539,0.246084237399,0.202528705498,0.26400743388,97
1444951620,71353135,2.86646269765,-1.22840553373,0.304198661484,0.910505160184,0.246018117911,0.201744054856,0.264111293335,98
1444951620,96482516,2.86658319691,-1.22830865786,0.304278496605,0.910970707625,0.245563227793,0.200563548746,0.263828228056,99
1444951620,109145229,2.86666488094,-1.22873605266,0.304537563906,0.911557635411,0.242914867815,0.201544663372,0.263504825354,100
1444951620,138230699,2.86685351764,-1.22887184963,0.304466753271,0.912331744524,0.241462082846,0.200713026606,0.262794846661,101
1444951620,129764120,2.8668395522,-1.2284174587,0.304246742057,0.912087537131,0.242017830145,0.201308671579,0.262675680736,102
1444951620,79674514,2.86651580498,-1.2283343308,0.304248227019,0.910586233978,0.246225786178,0.201153877664,0.264088413627,103
1444951620,163113191,2.86695381404,-1.22848643823,0.304306390721,0.91201651272,0.243669611949,0.199201416562,0.263001514022,104
1444951620,174333193,2.86696690703,-1.22852160902,0.304299509621,0.912242692211,0.243181853638,0.199128617571,0.262723524325,105
1444951620,154785946,2.86698489255,-1.22844147914,0.304272950251,0.91190126957,0.24347043528,0.199949907384,0.263017596824,106
1444951620,179729549,2.86685138008,-1.22864472699,0.30433652903,0.912841072129,0.241126161134,0.200297651135,0.261649006115,107
1444951620,188055328,2.8668278253,-1.22869101398,0.304310330194,0.912812762124,0.241842222275,0.199362120925,0.26180134753,108
1444951620,196386973,2.86685610825,-1.22868282179,0.304272337932,0.912888178346,0.241958232058,0.19888500934,0.261794080979,109
1444951620,146377056,2.86689989343,-1.22844253405,0.304227637667,0.912041725381,0.243463386023,0.199539833933,0.26284848393,110
1444951620,88099537,2.86650610382,-1.22836077018,0.304250435217,0.910981284849,0.244919160308,0.201297694198,0.263831275399,111
1444951620,213022886,2.86692702882,-1.22901969897,0.304596775749,0.909270171951,0.250454335783,0.193533114205,0.27026896565,112
1444951620,246484891,2.86696885346,-1.22936849208,0.304155745217,0.912234571398,0.245107117378,0.199052952956,0.261014385956,113
1444951620,271595205,2.86742532957,-1.22973467164,0.304055903152,0.91124722695,0.248583573258,0.198831131187,0.261344370042,114
1444951620,263090982,2.86741639691,-1.22976053587,0.304291633666,0.908622642829,0.254752987356,0.192767041161,0.268973374545,115
1444951620,238320445,2.86690536942,-1.22919915075,0.304134193539,0.912310665514,0.245045334668,0.198526906049,0.261207008177,116
1444951620,279726895,2.86748847274,-1.22993636005,0.303998752616,0.911265417742,0.249198379815,0.198483018148,0.260959762095,117
1444951620,288233563,2.86750769701,-1.23015793889,0.303911576341,0.910639807557,0.251926389263,0.197615872797,0.261182315834,118
1444951620,229858266,2.86694042978,-1.22928791073,0.304509538585,0.909224791725,0.250599465492,0.194309377179,0.269729590418,119
1444951620,304742854,2.86773450164,-1.23049783149,0.303859291832,0.910188823371,0.253733360558,0.19771781459,0.260927870003,120
1444951620,221606310,2.86681170451,-1.22885008125,0.304147756258,0.911901372586,0.246343093369,0.197177377263,0.262434847002,121
1444951620,329678635,2.87190769854,-1.23353367632,0.311772955733,0.912166652773,0.259200751643,0.189885090675,0.254382822252,122
1444951620,362941661,2.8688272645,-1.2320157847,0.303481629363,0.909594680234,0.257760069587,0.199574556457,0.257618440008,123
1444951620,313321388,2.87162836427,-1.23301638928,0.311773910313,0.911213179114,0.262460926867,0.187074718216,0.256530415118,124
1444951620,321338189,2.87181757453,-1.23331568822,0.311795495638,0.911937005432,0.259711516982,0.189466876139,0.254996331184,125
1444951620,338032769,2.86825454669,-1.23134003344,0.303721056461,0.911074942283,0.250903007377,0.201454876737,0.257693738909,126
1444951620,356560193,2.8686234017,-1.23176209786,0.30353678603,0.9098208492,0.256537076911,0.19963000988,0.257997305581,127
1444951620,379679752,2.86929516025,-1.23304677543,0.303570839089,0.909994980269,0.256043436905,0.202378819949,0.255721934022,128
1444951620,396486776,2.86971312839,-1.23356779001,0.303183703699,0.909408949034,0.258483322923,0.20318156737,0.254713536876,129
1444951620,254753958,2.86719122012,-1.22939549667,0.304098957172,0.911295038544,0.248901646669,0.197332195549,0.262010166997,130
1444951620,388028020,2.86943429479,-1.23354282957,0.303525456002,0.910041721075,0.255978035522,0.202705397813,0.255362160335,131
1444951620,404586688,2.87009394706,-1.23425493615,0.303240756636,0.90853284556,0.261522175086,0.202975490451,0.254902276869,132
1444951620,438037937,2.87099104926,-1.23586572243,0.302450353275,0.907972736784,0.263882717496,0.207674816547,0.250644352094,133
1444951620,346391303,2.86838499257,-1.23150219962,0.303553032257,0.910255676927,0.254691269999,0.199590323479,0.258322787192,134
1444951620,463106207,2.87148053255,-1.23703412401,0.302021417537,0.906036997981,0.270941110724,0.207557781928,0.250215187332,135
1444951620,473236475,2.87169111234,-1.23762480284,0.302300684169,0.903080620141,0.276102069472,0.205547430212,0.256833204031,136
1444951620,446437049,2.87131073069,-1.23623156658,0.302289660312,0.907149234716,0.266552348126,0.207672612885,0.250803105083,137
1444951620,488038077,2.87192844419,-1.23792372497,0.302084552643,0.902175529711,0.279182580859,0.206217773691,0.256145720148,138
1444951620,456602028,2.87148169241,-1.23685692615,0.302496627295,0.903555647304,0.275365940854,0.203355659556,0.257696074026,139
1444951620,504642212,2.87206065647,-1.23781528276,0.302009745615,0.90134953454,0.281547411835,0.206029998843,0.256615882302,140
1444951620,514614569,2.87196977585,-1.23743965513,0.301612553985,0.903862484403,0.277451986757,0.209385045128,0.249421144274,141
1444951620,521374926,2.87197096735,-1.23764570548,0.302056615033,0.90182496854,0.279302531974,0.207165299058,0.256484620625,142
1444951620,479735765,2.87173824204,-1.2378626552,0.302154635201,0.903152873759,0.275884685447,0.206942826265,0.255689643152,143
1444951620,416284334,2.8703568742,-1.23425302809,0.302818725845,0.908085323884,0.262787264767,0.204221400476,0.254199759265,144
1444951620,546496973,2.8718594014,-1.2365412163,0.301821745682,0.903895789681,0.275892204621,0.209494909825,0.250933807175,145
1444951620,538098839,2.87195343487,-1.23717329348,0.302169138705,0.901703210826,0.279089652682,0.206967882604,0.257302508581,146
1444951620,563096709,2.87195650453,-1.23575849813,0.301970958255,0.902450633961,0.280446523028,0.20770767406,0.252567066583,147
1444951620,571392176,2.87196654664,-1.23549640896,0.302122571518,0.902978836412,0.277129738451,0.211029663719,0.251584598276,148
1444951620,604754936,2.8716976568,-1.23442456843,0.302458720582,0.903005048774,0.275678696006,0.210326927642,0.253664585556,149
1444951620,625226672,2.8714095975,-1.23378392227,0.302466759392,0.902047009995,0.279226505504,0.207557532882,0.255467455709,150
1444951620,638054629,2.87123206682,-1.23349821725,0.302471862972,0.901880268274,0.278720370479,0.20798623606,0.256258975234,151
1444951620,579804488,2.87190387721,-1.23527125742,0.302217611893,0.903116968817,0.27580075037,0.211851210882,0.251858593617,152
1444951620,613097337,2.87156048032,-1.23410982285,0.302549673229,0.902669370334,0.276917281816,0.209326378224,0.254336969929,153
1444951620,596551868,2.87172841188,-1.23473272633,0.302402234438,0.903406502434,0.274597154835,0.211009162202,0.252840319932,154
1444951620,588170845,2.87178231431,-1.23501866096,0.302303966413,0.903268459907,0.275241259361,0.211926319735,0.251864196517,155
1444951620,671576278,2.87108418698,-1.23351974005,0.302374584476,0.901389779376,0.280167391031,0.208180580572,0.256248989291,156
1444951620,690211747,2.87093820842,-1.23402895545,0.302341202786,0.902417749157,0.275129977807,0.212643068012,0.254418212681,157
1444951620,679912812,2.87110379037,-1.23374784144,0.302404365219,0.902166252737,0.276879806285,0.210444285657,0.255238766508,158
1444951620,704887704,2.87107213773,-1.23433317753,0.302178138876,0.901553557655,0.277744550276,0.212711284924,0.254584085789,159
1444951620,950453691,2.87118971666,-1.23455946361,0.302030103842,0.901728993925,0.2772430231,0.213475881645,0.25386842185,160
1444951620,654979965,2.87115212526,-1.23338909154,0.302480387842,0.901232383968,0.280673861035,0.207753377336,0.256594832421,161
1444951620,696549703,2.87101339016,-1.23413865719,0.302241716683,0.902089385467,0.276207428001,0.212608094557,0.254444484068,162
1444951620,646788141,2.87115114415,-1.23342394451,0.302470526141,0.901730215265,0.279069440002,0.208160335777,0.256265762725,163
1444951620,629740584,2.87130736472,-1.23363283504,0.302487462637,0.901910834197,0.278889557904,0.20805932238,0.255907756858,164
1444951620,554674130,2.87207062777,-1.23639950961,0.302307080616,0.9003033069,0.283171047408,0.205205312093,0.2591503297,165
1444951620,529774038,2.8719848155,-1.23740487058,0.302071975511,0.901998390115,0.278601496074,0.207137310494,0.256659784961,166
1444951620,663079877,2.87108573138,-1.23345742975,0.302466921363,0.900908093109,0.281432359033,0.208100049441,0.256621909592,167
1444951621,111533800,2.87291362394,-1.23694459537,0.301899891423,0.897281026025,0.290849041478,0.208519443257,0.258482566513,168
1444951621,117816023,2.87385072891,-1.23644754147,0.301956438219,0.902759043779,0.278757739421,0.210620794823,0.250916544645,169
1444951621,122194024,2.87379887364,-1.2359620915,0.301801144316,0.902497370063,0.280000838297,0.210364689095,0.250688502258,170
1444951621,130055358,2.87379834674,-1.23592986175,0.301832523787,0.903128314015,0.277861507204,0.210970289677,0.250287371061,171
1444951621,131353358,2.87374237228,-1.23609797733,0.302195853459,0.899950151585,0.284944239383,0.204575932638,0.258930865077,172
1444951621,138258915,2.87363035911,-1.23575311708,0.301869981749,0.902693603617,0.280553816965,0.207620753759,0.25164943152,173
1444951621,146902960,2.87360127275,-1.23565535826,0.301935952697,0.902768517639,0.28031651363,0.206897088415,0.252240461766,174
1444951621,154690961,2.87377051288,-1.2354913494,0.302039160684,0.903552479591,0.277059671842,0.209716252263,0.250698919824,175
1444951621,163198118,2.87372397494,-1.23540263576,0.302066755125,0.903692412207,0.276701609031,0.209402354275,0.250852342432,176
1444951621,171427097,2.87374238537,-1.235275196,0.302069783741,0.903740704884,0.276779768449,0.208679702918,0.251194107623,177
1444951621,179783676,2.87370392476,-1.23528751676,0.302077384996,0.904207675018,0.275056148199,0.209303866695,0.25088739937,178
1444951621,188336788,2.8736901111,-1.23510847391,0.302069946702,0.904094073107,0.276225514436,0.207821182394,0.251244359729,179
1444951621,196470433,2.87365569602,-1.23508723741,0.302112007393,0.904230623206,0.27569257062,0.207842779555,0.251320443952,180
1444951621,204857812,2.87365628015,-1.23500232301,0.302145011803,0.90426352253,0.275679331813,0.207252638477,0.251703658449,181
1444951621,213179191,2.87373198203,-1.23484204892,0.302159883799,0.903958548681,0.276699242949,0.206397895727,0.252381417418,182
1444951621,221513281,2.87359271827,-1.23485402625,0.302221513028,0.904259208792,0.276104200616,0.206140159911,0.25216658817,183
1444951621,229784793,2.87359499499,-1.23482643115,0.302273086312,0.9045502515,0.274613745692,0.207044474921,0.252009362113,184
1444951621,239776217,2.87350669949,-1.23480057231,0.302289482969,0.90485335055,0.274187385166,0.20631984541,0.251979787292,185
1444951621,246647062,2.87341865314,-1.23481263352,0.302354385118,0.905282333897,0.272055558036,0.207484118853,0.251793585501,186
1444951621,254893152,2.87346786956,-1.23460449976,0.30236855256,0.904536935747,0.275065876693,0.205569823247,0.252770138897,187
1444951621,263331864,2.87336853711,-1.23461292662,0.302419465116,0.904800005116,0.274057359122,0.205863854386,0.252684760346,188
1444951621,271610221,2.87332555331,-1.23454007014,0.302409812685,0.904851160845,0.273965608781,0.205688328617,0.252744007632,189
1444951621,279951155,2.87329532116,-1.23470632576,0.302700150567,0.901923438182,0.279909847699,0.201103062362,0.260273216308,190
1444951621,288422134,2.87314413067,-1.23443251251,0.30232630365,0.904757150832,0.274625437872,0.204467974755,0.25335393068,191
1444951621,296559202,2.87317659208,-1.23434173005,0.302277603834,0.904721125147,0.275032496105,0.204026838143,0.2533966478,192
1444951621,305039469,2.87324250286,-1.23427454455,0.302361856613,0.905006565153,0.274267964762,0.203928504166,0.253285147065,193
1444951621,313268937,2.87321317995,-1.23420328476,0.302383277485,0.904881202407,0.275142173797,0.202947429683,0.253572740082,194
1444951621,321647027,2.87318294488,-1.23423898103,0.302417223874,0.905400365639,0.273049057315,0.204214868647,0.25296378718,195
1444951621,329795339,2.87313696964,-1.23426135287,0.302447839076,0.904864656469,0.274635459981,0.204857320736,0.252643614079,196
1444951621,338518096,2.87307465904,-1.23423609572,0.302470832786,0.904845713847,0.27527615154,0.204577109088,0.252240918494,197
1444951621,346620941,2.87304970105,-1.2342583483,0.302502395916,0.9050074773,0.274577872293,0.204841617915,0.252206997619,198
1444951621,354920320,2.87325264965,-1.23446548821,0.302795631142,0.902501214815,0.278343804588,0.199935469576,0.260848790892,199
1444951621,363171788,2.87314051982,-1.23415085661,0.302407127723,0.905051810002,0.274303503907,0.202899076081,0.253910956601,200
1444951621,371708278,2.87322735988,-1.2344486484,0.302772646894,0.902572802559,0.27787672645,0.200479733599,0.260681294675,201
1444951621,379679612,2.87321561553,-1.23444525535,0.302757302199,0.902394932023,0.278125015625,0.200298730677,0.261170980074,202
1444951621,388115391,2.87306993376,-1.2341312682,0.302337646697,0.904933451663,0.274031601093,0.203652928758,0.254022861713,203
1444951621,398427037,2.87947795629,-1.2429066555,0.314223914469,0.888044494373,0.288089115036,0.202981939571,0.29526254422,204
1444951621,404992326,2.8794405894,-1.24288094166,0.314290326467,0.887785643261,0.288944678172,0.203100160678,0.295123616995,205
1444951621,413251128,2.87935750056,-1.24286647119,0.314319800513,0.887793633529,0.28894003258,0.203332150598,0.29494433097,206
1444951621,423014729,2.87931429738,-1.24282646576,0.314346684235,0.887801395414,0.28901627929,0.203176541692,0.294953497204,207
1444951621,429956463,2.87935868994,-1.24270282032,0.314215401239,0.888311958787,0.287818579618,0.201723799137,0.295583893276,208
1444951621,438354109,2.87301335059,-1.23410093786,0.302747897477,0.902699096462,0.277457563808,0.19928175348,0.26160738572,209
1444951621,446854910,2.87297177755,-1.23414070724,0.302772637394,0.902907395052,0.276478161316,0.199573034821,0.261703393269,210
1444951621,454963133,2.87299515316,-1.23406836409,0.302724132181,0.902593403641,0.277578606167,0.199099583675,0.26198210031,211
1444951621,480014292,2.87296064761,-1.23421043783,0.302649325297,0.902011904613,0.278636304726,0.200436433731,0.261842642934,212
1444951621,471673357,2.87299991626,-1.23409966356,0.302706127531,0.901607446013,0.279676739335,0.199566512658,0.262789158442,213
1444951621,463811045,2.87298235199,-1.2340757604,0.302736480646,0.90189653636,0.279092797878,0.199399002204,0.262545016699,214
1444951621,504991139,2.87945966752,-1.2430000719,0.314191038298,0.886656010334,0.290708156052,0.204214854729,0.296017196208,215
1444951621,529851142,2.87342254761,-1.23447760136,0.30217708475,0.903215783753,0.276940656965,0.207765725225,0.253650397043,216
1444951621,514152918,2.87953821679,-1.24281301399,0.3136576352,0.888808978352,0.288552047036,0.207459872601,0.289338413304,217
1444951621,521690119,2.87323341988,-1.23438554916,0.302253654651,0.903460977515,0.276658160367,0.206584051158,0.254050298598,218
1444951621,538517677,2.87334797747,-1.23452076379,0.302100778657,0.902267764962,0.280771724738,0.205652370893,0.254533340143,219
1444951621,546962745,2.87337477606,-1.23455825975,0.302057319204,0.902107704471,0.281190385709,0.205952883571,0.254395491839,220
1444951621,488292648,2.87295592749,-1.23430536674,0.302624082645,0.901698178284,0.279151499308,0.20106770856,0.261890458567,221
1444951621,630406800,2.87315461318,-1.23422906116,0.302263639457,0.902471951583,0.278713638479,0.20729060865,0.254742395171,222
1444951621,696957786,2.87280482359,-1.2343676485,0.302218354538,0.902912472371,0.277865502546,0.206136231393,0.255044474237,223
1444951621,621886443,2.87309947742,-1.23423843455,0.302165687585,0.902270119098,0.280149186716,0.205703401885,0.255168916245,224
1444951621,680231917,2.87292959087,-1.23429484042,0.302208475468,0.90239576742,0.27962249343,0.205678319367,0.255322480507,225
1444951621,654862492,2.873015279,-1.23421688992,0.302229148651,0.90218487354,0.279942421876,0.205929236284,0.255514860691,226
1444951621,665778893,2.87312856686,-1.23446821265,0.302627227047,0.899511840191,0.284263874596,0.202588322053,0.262736504362,227
1444951621,714493255,2.87272439008,-1.23443882353,0.30224073578,0.903190061537,0.277904682995,0.206055768871,0.254082112759,228
1444951621,673176761,2.87299501468,-1.23419839951,0.302221773393,0.90213397472,0.280382075507,0.205426120702,0.255617472648,229
1444951621,704900765,2.8727583858,-1.23440070805,0.302220231517,0.90292513832,0.278051665572,0.205746731701,0.255111246827,230
1444951621,649348313,2.87302260235,-1.23428059668,0.302317277948,0.902921404551,0.277575358199,0.2073544106,0.25434033524,231
1444951621,638832312,2.87308574842,-1.23428422868,0.302307220995,0.902784254548,0.277598917247,0.20787315665,0.254378028981,232
1444951621,689688496,2.87285900049,-1.23434316883,0.302196739795,0.90266297804,0.27868195531,0.206143138169,0.255031218573,233
1444951621,738344680,2.87272625594,-1.23455730534,0.302179501034,0.903794766591,0.276468671519,0.205454207098,0.25398555537,234
1444951621,746836192,2.87276340347,-1.23454912321,0.302150356422,0.903890742907,0.276335839129,0.205050730017,0.254114594267,235
1444951621,729829212,2.87276234651,-1.2344518544,0.302185463802,0.903375725793,0.277560973568,0.205096669096,0.254573290677,236
1444951621,721749344,2.87271832832,-1.23446925881,0.302221965649,0.903079698069,0.278402632139,0.205630446472,0.254273775363,237
1444951621,763264816,2.87280490957,-1.23463154293,0.302107856108,0.903924216605,0.276441401228,0.204418543579,0.254389900277,238
1444951621,754856904,2.87279931835,-1.23459987035,0.302129871109,0.903753286391,0.276930045985,0.204537921181,0.254369781553,239
1444951621,772468640,2.87278159978,-1.23469484904,0.302141772009,0.904249948663,0.275575677148,0.20454359018,0.254070848828,240
1444951621,779972107,2.87277993833,-1.23472273512,0.302137970751,0.904230709692,0.275426042357,0.204332219228,0.254471340287,241
1444951621,788258775,2.87280931851,-1.23482190509,0.302212068574,0.905406038331,0.271496267341,0.206519626363,0.252743598338,242
1444951621,796649576,2.87276875854,-1.2348411554,0.302237131167,0.90565198414,0.270809333396,0.206638339414,0.252502248018,243
1444951621,829964914,2.87259448191,-1.23475893641,0.302236263769,0.905897948845,0.272010004808,0.202809982137,0.253431597692,244
1444951621,813198467,2.87271140383,-1.23472895338,0.302193959487,0.905064735287,0.274174360547,0.203117457014,0.25382975321,245
1444951621,889504744,2.87234558637,-1.23454384586,0.30258154493,0.908640445101,0.2649356763,0.200837650561,0.252677397222,246
1444951621,846756783,2.87255054519,-1.23468742729,0.302251343825,0.906177134736,0.271672057,0.202014879134,0.253431021258,247
1444951621,896732967,2.87235637317,-1.23445666411,0.302622034511,0.908661530101,0.26528823632,0.200348704565,0.252619817045,248
1444951621,905818479,2.87242645052,-1.23440083494,0.302695797947,0.908661768296,0.265059896169,0.200462921271,0.252767995355,249
1444951621,840980071,2.87255945516,-1.23477277571,0.302262887464,0.906093423429,0.271518466331,0.202643507599,0.253393052958,250
1444951621,955896841,2.87253465149,-1.23389799206,0.30280664165,0.909657541831,0.262771401645,0.19743538373,0.253955933811,251
1444951621,913393813,2.87247138396,-1.23429884248,0.302718124241,0.908683636401,0.265143260908,0.199659746189,0.253237212676,252
1444951621,879978253,2.87241320631,-1.23448317339,0.302388112509,0.907576100422,0.268136637975,0.200826583173,0.253134448088,253
1444951621,963255108,2.87258950132,-1.23410765854,0.303305276296,0.907511465497,0.265490407295,0.194271066341,0.261144665671,254
1444951621,921584170,2.87243474292,-1.2343025149,0.302788826365,0.909036850813,0.26429471283,0.199766797857,0.252771705513,255
1444951621,946556129,2.87248116964,-1.23405132268,0.302746546496,0.909503898423,0.263125184043,0.198075194398,0.253641506146,256
1444951621,863244074,2.87249670969,-1.23456622953,0.302355349667,0.906743227671,0.270681395812,0.201211532579,0.25310515639,257
1444951621,938235727,2.87248245721,-1.23415585553,0.302833879062,0.909649576061,0.262470713911,0.199368634913,0.252782358015,258
1444951621,979781511,2.87256385121,-1.23356819689,0.303072064813,0.911135881058,0.259019914239,0.196175307123,0.253486368767,259
1444951621,988264223,2.87263670503,-1.23376595546,0.303418733707,0.909062397259,0.262192048793,0.192128366119,0.260667562944,260
1444951621,996539646,2.87258720939,-1.23331481749,0.30319089864,0.911883593429,0.256659488707,0.196469945088,0.252969918309,261
1444951622,13240581,2.87265863381,-1.23292922859,0.303308144277,0.91179941916,0.25767027789,0.194649077947,0.253652485825,262
1444951622,21614271,2.87279249194,-1.23277717141,0.303359332347,0.911970432453,0.256650354772,0.194720836454,0.254016380529,263
1444951622,51270275,2.87282627922,-1.23266758246,0.303500058596,0.913950368931,0.250401767342,0.194989718773,0.252928226214,264
1444951622,29832984,2.87286120735,-1.23276994093,0.303410789415,0.913064686688,0.253167612779,0.19471398242,0.253585296919,265
1444951622,38360674,2.87282040938,-1.23273962071,0.303472582852,0.913578268566,0.251630170542,0.194706749769,0.253271171024,266
1444951622,55045965,2.87289251367,-1.23259791967,0.303552393766,0.913757416196,0.251199030289,0.194085040137,0.253529936543,267
1444951622,71583122,2.87290347206,-1.23295239232,0.303908898065,0.914693319649,0.248131101655,0.1940414423,0.253209411457,268
1444951622,63280321,2.87284765999,-1.23258725451,0.303650366963,0.914370960083,0.24939246462,0.19402726618,0.253145345457,269
1444951621,856688073,2.87249751157,-1.23465644613,0.302300354737,0.906874917097,0.269788866967,0.201893687921,0.253043061117,270
1444951621,871750252,2.87248710076,-1.23449339265,0.302378726506,0.907179781323,0.269288363168,0.201036676483,0.253165709625,271
1444951622,88366680,2.8728625968,-1.23277622982,0.304115716096,0.911957611085,0.255788828687,0.187048736039,0.260611129941,272
1444951622,105163438,2.87298014874,-1.23249579154,0.303943874733,0.915337166798,0.248415213043,0.191192774511,0.252770797327,273
1444951622,79985657,2.87290739881,-1.23315429351,0.30426723263,0.912210739591,0.253904000369,0.188998746623,0.26016110191,274
1444951622,96764325,2.87287012405,-1.23277159741,0.304181535525,0.912194922173,0.255153259056,0.186873591415,0.260529267426,275
1444951622,129964285,2.87312729878,-1.23243108567,0.304060560975,0.91606372493,0.247356328359,0.189037527843,0.252798164067,276
1444951622,121627262,2.87303206337,-1.23246884205,0.304072139067,0.915865132207,0.247558197118,0.190215997965,0.252435878524,277
1444951622,163555356,2.87314068152,-1.23241074329,0.304293152598,0.917353612892,0.243929859321,0.187308271112,0.252737381919,278
1444951622,146819709,2.87312947652,-1.23246436311,0.304172626929,0.916801670061,0.245015071134,0.18922055592,0.252265522629,279
1444951622,172542113,2.87316856368,-1.23232947851,0.304322148787,0.917596403946,0.243689408164,0.186414381583,0.252748867759,280
1444951622,180094469,2.87311619459,-1.23232110932,0.30440336436,0.917774303985,0.24364346004,0.185511253022,0.252811721104,281
1444951622,113617794,2.87307651044,-1.23271869872,0.304290771184,0.912650346068,0.255008847075,0.184516531829,0.26075560055,282
1444951622,196668782,2.87304097574,-1.23218078936,0.30445702848,0.917943536392,0.243690328126,0.184011035758,0.253248152399,283
1444951622,204975984,2.8731064017,-1.23204570011,0.304475013047,0.918050156827,0.244366746228,0.183022348176,0.252926121535,284
1444951622,223351364,2.87309246143,-1.23195517279,0.304609203196,0.918685893219,0.242839818871,0.182025327388,0.252807895763,285
1444951622,213351629,2.87314856386,-1.23197090992,0.304555681374,0.918191858041,0.244302318213,0.182000041193,0.253211520567,286
1444951622,238201854,2.87311835762,-1.23187691885,0.304834115918,0.919963862544,0.239058256074,0.181592754344,0.25207481704,287
1444951622,246698744,2.87315015815,-1.23174493763,0.304872015089,0.920252929729,0.238360988619,0.180327305694,0.252587900048,288
1444951622,263488169,2.87316664502,-1.23158126535,0.304969894028,0.920891782204,0.236203681346,0.180054916373,0.252480441774,289
1444951622,272390348,2.87320631198,-1.23145754594,0.30505966164,0.921110656796,0.235618744223,0.179165422357,0.252861062125,290
1444951622,279991593,2.87309754952,-1.23145811544,0.305113327501,0.921580724805,0.234153243801,0.179398416512,0.252343880922,291
1444951622,229933276,2.87312242189,-1.23185983793,0.304648079974,0.918932870813,0.242369417976,0.181598070202,0.252668923826,292
1444951622,138430375,2.87315903585,-1.23272509119,0.304380789042,0.913671384723,0.252944686129,0.183080178255,0.260202295968,293
1444951622,155068733,2.87314942152,-1.23240398258,0.304207831014,0.916930492406,0.245456014258,0.187609931663,0.25257143683,294
1444951622,304953774,2.87314600536,-1.2312356216,0.305244552507,0.922638640189,0.229630947019,0.180501134469,0.251846993741,295
1444951622,321539332,2.87320004616,-1.23105050305,0.305359369757,0.923023236145,0.228275209344,0.180105031881,0.251953789071,296
1444951622,329927688,2.87324319455,-1.23092649497,0.305382193873,0.922996044566,0.228848853126,0.179174427157,0.252196409156,297
1444951622,358281781,2.87317225418,-1.23073823817,0.305576894975,0.923377417594,0.226768326749,0.179519267388,0.25243435443,298
1444951622,338300889,2.87322340845,-1.23088411744,0.305418140562,0.923355796347,0.227730187835,0.178799470669,0.252158252272,299
1444951622,372572494,2.87324925451,-1.23064871083,0.305642186488,0.924351165519,0.22448451345,0.177959012004,0.252016301201,300
1444951622,346775779,2.87312009374,-1.23083361364,0.305508393644,0.923149613628,0.22771124674,0.179287445386,0.252583433529,301
1444951622,379903384,2.8732374746,-1.23060376394,0.305714510219,0.924539293643,0.223804509039,0.178082097485,0.251844004891,302
1444951622,396663475,2.87319798825,-1.23050392015,0.305830483376,0.925105011483,0.22217355278,0.177578725401,0.25156594853,303
1444951622,413210410,2.87319056696,-1.2303538026,0.305956435238,0.925114153698,0.222720244574,0.17660409182,0.251734959903,304
1444951622,429883479,2.87319003204,-1.23030511863,0.306011938351,0.925414678003,0.221616133585,0.17677568515,0.251484234517,305
1444951622,471956284,2.87324925681,-1.23040862412,0.306198509062,0.925965313658,0.220673890887,0.175217084562,0.251376699516,306
1444951622,446744770,2.87316522492,-1.23030476583,0.306082655223,0.925724191881,0.221111743287,0.175612350566,0.25160409352,307
1444951622,391054452,2.8732456336,-1.23053801035,0.305745252349,0.924755816548,0.223416081339,0.177246808673,0.251983140656,308
1444951622,455104282,2.87324777989,-1.23032596809,0.306127020023,0.925797551954,0.220525536791,0.176085907521,0.251517660596,309
1444951622,438281124,2.87316664426,-1.23027943988,0.306052356685,0.925475569966,0.221863542363,0.175657195821,0.251825510071,310
1444951622,513350023,2.87340517182,-1.23071034629,0.306338926613,0.926118401406,0.221167484367,0.17418841747,0.251093698954,311
1444951622,406889565,2.87323714355,-1.23042125554,0.305876878867,0.925169612629,0.22185783832,0.177881779157,0.251392840168,312
1444951622,421659878,2.87317678315,-1.23032474752,0.305998600941,0.925362984984,0.221469567582,0.177231997338,0.251482396555,313
1444951622,480125618,2.87323422158,-1.23051687113,0.306248043901,0.926239469071,0.219543743995,0.175937707861,0.250852373641,314
1444951622,521688513,2.87338731973,-1.23076779827,0.306357830847,0.926170782559,0.221511052908,0.173245129212,0.251250194383,315
1444951622,567031985,2.87338070803,-1.2311647825,0.306411652945,0.926762656983,0.2210778063,0.171587255932,0.250586102538,316
1444951622,555047850,2.87331801558,-1.23114078041,0.306397287669,0.926853817438,0.219830910797,0.172816481715,0.250501168474,317
1444951622,538336648,2.87337397925,-1.23123519602,0.306666677672,0.924180042752,0.225900817768,0.167835232372,0.25824678872,318
1444951622,529830958,2.87334584497,-1.23085014174,0.306347973245,0.926312068523,0.221430811538,0.172456598362,0.25134253339,319
1444951622,579942076,2.87341184763,-1.2314610803,0.306492379525,0.927294384793,0.218414198197,0.173221190896,0.249829503828,320
1444951622,571746830,2.87341002182,-1.23132719362,0.306447223202,0.927163372875,0.218907406981,0.172734692663,0.250220608901,321
1444951622,588410610,2.87343873404,-1.23160689334,0.306531096078,0.92745873489,0.21806606719,0.172432637306,0.250068932513,322
1444951622,605028434,2.8735231279,-1.23232259585,0.306886694556,0.927644889067,0.217138555645,0.172626961186,0.250051474126,323
1444951622,655115107,2.87451162971,-1.23322740041,0.307303726806,0.927817231184,0.217750835544,0.170207784194,0.250537560732,324
1444951622,596790655,2.87348776447,-1.23211202134,0.306791926715,0.927604359854,0.217611208867,0.172121951981,0.250139055331,325
1444951622,638443505,2.87401533278,-1.23357095981,0.30756931936,0.926349059317,0.218297152115,0.168844963064,0.256349667697,326
1444951622,646843106,2.87437499008,-1.23368797866,0.30764217328,0.925857340742,0.220549316339,0.166971575036,0.257423147341,327
1444951622,613220258,2.87361900001,-1.23205661979,0.306739748321,0.927235393858,0.219660400923,0.170868957549,0.250574603641,328
1444951622,665264442,2.87468068979,-1.23355844613,0.307510867401,0.927888259091,0.217046350725,0.170443397295,0.250725564307,329
1444951622,680002977,2.87485167649,-1.23421087566,0.307936255759,0.928318650401,0.215389286241,0.170138968101,0.250768160308,330
1444951622,688602045,2.87500302848,-1.23443969992,0.308072831048,0.928370660926,0.21521203169,0.170052589412,0.250786391541,331
1444951622,671945598,2.8747806702,-1.23386577371,0.307738480028,0.927916714854,0.216897687307,0.170284254741,0.250857003335,332
1444951622,721701782,2.87617502716,-1.23396357569,0.308838854631,0.92211876649,0.23998278469,0.155653953924,0.260532320774,333
1444951622,713489426,2.87511997302,-1.23496365862,0.308767385038,0.928058413232,0.215048193163,0.1680005522,0.253451515494,334
1444951622,696773824,2.87518842391,-1.23495183581,0.308509698502,0.926233934493,0.219156185146,0.166086789782,0.257830260763,335
1444951622,630069815,2.87383763201,-1.23332828634,0.307471569371,0.925955711289,0.219215103505,0.168697375534,0.257083555705,336
1444951622,738331340,2.87449994411,-1.23547776659,0.310173339471,0.928244062813,0.207097125666,0.165515167233,0.260918511818,337
1444951622,746610674,2.87422353158,-1.23518476549,0.310420165514,0.928725969892,0.204409182213,0.163828610805,0.262383584388,338
1444951622,755044498,2.87386416541,-1.23452020186,0.310351578278,0.931466498358,0.196754523006,0.165343378814,0.257525507854,339
1444951622,775637967,2.8732844701,-1.23388971951,0.310992226488,0.930845625238,0.192325157452,0.159461697099,0.266663501335,340
1444951622,763311610,2.87355419737,-1.23407058541,0.310546434536,0.93202478116,0.193002961069,0.165192124037,0.258439986221,341
1444951622,780006679,2.87762115252,-1.24354233814,0.322456423781,0.919053296606,0.197876698568,0.158721335397,0.301651102851,342
1444951622,804864237,2.87265688297,-1.23057716025,0.31062005265,0.933297138983,0.183631078509,0.152333052595,0.268385391665,343
1444951622,796541881,2.87682954947,-1.24265344543,0.322671309873,0.920777005734,0.187239615937,0.155984416792,0.304597921287,344
1444951622,846742954,2.87296911039,-1.22775344374,0.310016135393,0.932918309227,0.165156604388,0.141260192004,0.287110227074,345
1444951622,838338464,2.87278069999,-1.22919018306,0.310781490798,0.933550892402,0.167229040111,0.14400919083,0.282450938033,346
1444951622,546786605,2.87329755247,-1.23104904488,0.306394186736,0.926641828355,0.221050049314,0.17198940682,0.250781661177,347
1444951622,854867799,2.87334980287,-1.22693436158,0.309774676174,0.935115284021,0.161172179824,0.140158235208,0.28273415631,348
1444951622,788831613,2.87700637858,-1.2428497647,0.322186993984,0.921919689194,0.189991952745,0.160921282639,0.296768403578,349
1444951622,874796380,2.87349971397,-1.22619804715,0.309673356782,0.937420128211,0.140381962121,0.144089791723,0.284208620307,350
1444951622,888320026,2.874925291,-1.22451704039,0.309116493123,0.934279926406,0.14787435074,0.132698791195,0.296049364673,351
1444951622,879917003,2.87391659773,-1.22547162698,0.309444964055,0.937379346369,0.138071755666,0.141323455034,0.286851585922,352
1444951622,821786640,2.87229509285,-1.23021389196,0.310789611941,0.935741820538,0.163541978209,0.153307520886,0.272283070901,353
1444951622,896805671,2.87547340583,-1.22382658478,0.308933470529,0.934127377259,0.147034643715,0.130665537541,0.297847903976,354
1444951622,913218651,2.87620420076,-1.22260492735,0.308773479355,0.934047762945,0.1468215324,0.128821273535,0.299003835503,355
1444951622,955032834,2.87596331206,-1.22242586386,0.308771312388,0.931228544686,0.149505614284,0.142813162442,0.300109762409,356
1444951622,964832124,2.87586821335,-1.22210410655,0.308481690562,0.9321389318,0.149157797084,0.148614583934,0.29458898288,357
1444951622,938451188,2.87665689987,-1.22174862766,0.308598783294,0.930643371834,0.155678564995,0.131856821283,0.303777677824,358
1444951622,980103060,2.8759482803,-1.2218682335,0.308345509456,0.930064326142,0.157293842552,0.14972495026,0.29634681642,359
1444951622,946622478,2.8766902144,-1.22205678246,0.308616386767,0.93065666525,0.158092555418,0.134387339833,0.301371794034,360
1444951622,996714040,2.87562622356,-1.22161764769,0.307961833615,0.928125776173,0.164759411509,0.151363174449,0.297533307956,361
1444951622,929856520,2.87656318663,-1.22183868022,0.308661387345,0.931775058778,0.152423893289,0.130291173364,0.302632461472,362
1444951623,13303019,2.87521669478,-1.22141592939,0.307555913153,0.926661426296,0.169484290166,0.151464231638,0.299386477544,363
1444951622,921602119,2.87593707901,-1.22275933197,0.309058460144,0.934821337787,0.13848996325,0.134092740222,0.298242742606,364
1444951622,972747237,2.87702168215,-1.22124657418,0.308076346242,0.928519756316,0.170330990166,0.139519800599,0.298952573429,365
1444951623,4873107,2.87554040475,-1.22218216236,0.308270685512,0.925191132416,0.170824119899,0.147894267488,0.304906172788,366
1444951623,55128936,2.8752592014,-1.22104912336,0.306029826627,0.922056453341,0.187661153427,0.14737961645,0.304753075458,367
1444951623,63311470,2.87512384093,-1.22122024711,0.305789103909,0.921941443218,0.186172903144,0.15241366701,0.303535334879,368
1444951623,71630405,2.87481318175,-1.22142890794,0.305626907034,0.920909515461,0.189935782618,0.152246463328,0.304419245807,369
1444951623,83096317,2.87371789671,-1.22306538885,0.306261257116,0.920637540125,0.180362195732,0.15841616323,0.307896601622,370
1444951623,88436940,2.87342651059,-1.22324295346,0.305994363408,0.920101541395,0.181569677174,0.16033180416,0.3077975283,371
1444951623,23095954,2.87545047894,-1.22127537457,0.30725570929,0.925813141919,0.174226872157,0.147744442202,0.301142164213,372
1444951622,988374572,2.87584320392,-1.22202117027,0.308489742569,0.926659002399,0.166663321124,0.146180408364,0.303574898297,373
1444951623,46700001,2.87490958516,-1.22103165695,0.30631794036,0.923337741668,0.182749010393,0.149834547998,0.302654625337,374
1444951623,38472000,2.87505430379,-1.22174680917,0.307124576928,0.923288258268,0.175859935926,0.149533966531,0.307004345138,375
1444951623,129780812,2.87142609213,-1.22307708492,0.304444242898,0.919805330612,0.183080735916,0.170926365424,0.302032739147,376
1444951623,121742500,2.87217004913,-1.22277697818,0.304481671912,0.91852709624,0.193754421747,0.164906907685,0.302610160642,377
1444951622,904985272,2.87584039907,-1.22288529959,0.308508758999,0.936520219914,0.1403351845,0.135062196324,0.291537504975,378
1444951623,171702062,2.87009349032,-1.22277830532,0.30337954324,0.917386314814,0.188500150324,0.173683573327,0.304473412759,379
1444951623,181163041,2.87044825123,-1.22223812807,0.302843858282,0.914472905042,0.201590733734,0.168550789017,0.30771921217,380
1444951623,163244772,2.87034907543,-1.22278563114,0.303571373195,0.917963068737,0.187127317967,0.172865813743,0.304047005815,381
1444951623,188351175,2.86974695965,-1.22295780463,0.30292616574,0.916349217392,0.19009906775,0.176003711637,0.305268979287,382
1444951623,204978777,2.86948893156,-1.2230692848,0.30260192876,0.914746759673,0.194218253839,0.178082808077,0.306274630049,383
1444951623,246791005,2.86848197039,-1.22304837835,0.301811136609,0.912524583893,0.19841127947,0.183252786736,0.307164881005,384
1444951623,146768725,2.87078170491,-1.22293789959,0.303990016026,0.919094723313,0.184194322476,0.173035338747,0.302317900049,385
1444951623,196813843,2.86957266708,-1.22306184318,0.302767096268,0.915745794123,0.191160745488,0.177623400814,0.305478538385,386
1444951623,255055183,2.86839282798,-1.22305962332,0.301769878445,0.912733281044,0.196518199543,0.184496575596,0.307017212086,387
1444951623,238491137,2.86869487036,-1.22307428263,0.301928934567,0.912898613321,0.198438696953,0.18255965766,0.306447673744,388
1444951623,155414726,2.87111580476,-1.22251532017,0.30379735848,0.913760903105,0.202200332776,0.162523684037,0.312637313047,389
1444951623,288502032,2.86761252524,-1.22350027249,0.301566478531,0.912877671796,0.195103292943,0.18816969306,0.305256004091,390
1444951623,221726646,2.86915843361,-1.22316023479,0.302337698715,0.913767716429,0.195786339997,0.18090958537,0.306541989625,391
1444951623,263284651,2.86819233914,-1.22303183416,0.301654495344,0.912452798972,0.196754350832,0.185682861292,0.306984511172,392
1444951623,279982164,2.86768835521,-1.22346144895,0.301667828118,0.912995340469,0.194173509509,0.188351155458,0.305385000817,393
1444951623,313641680,2.86768169923,-1.22384648999,0.301428990631,0.91254801609,0.195694966189,0.189007277998,0.30534545584,394
1444951623,338300750,2.86778123055,-1.2242949665,0.301508364132,0.912692655071,0.195615678002,0.190320431623,0.304145947213,395
1444951623,346886128,2.86788324688,-1.2243792744,0.301507397052,0.912595120996,0.196251331236,0.189939069212,0.304267497622,396
1444951623,306046790,2.86766982291,-1.22403336096,0.301807843237,0.910397147001,0.198468001107,0.185425042218,0.312097806764,397
1444951623,355112663,2.86797020362,-1.22443667647,0.301515073694,0.912549718527,0.196600275065,0.189635757287,0.304367578134,398
1444951623,417046582,2.86874356797,-1.22496223841,0.301405861101,0.913277389877,0.197525344002,0.186377598789,0.303597658566,399
1444951623,438711696,2.86911620284,-1.22543086872,0.301475449835,0.914141312952,0.195207298853,0.186922667631,0.302158380248,400
1444951623,467296544,2.86962226826,-1.22587186068,0.301583324815,0.914643812552,0.194403946064,0.187228749249,0.300963780825,401
1444951623,477510412,2.86982100139,-1.22605357788,0.301606293418,0.914952804833,0.193179386719,0.187636402247,0.300558929374,402
1444951623,522038417,2.8711702364,-1.2263685484,0.301767075621,0.915767072319,0.195264825675,0.18249012438,0.299899435836,403
1444951623,495877970,2.87028515583,-1.22631781922,0.301635954023,0.915257252704,0.193749718591,0.186563982046,0.299931806453,404
1444951623,513720461,2.87091839064,-1.22616293048,0.301504829964,0.914951108456,0.196306307039,0.183538594423,0.301067911457,405
1444951623,503241615,2.87077042285,-1.22603984395,0.301423598783,0.914697704887,0.19650190552,0.184110367107,0.301361050114,406
1444951623,519718150,2.87099372995,-1.22630709111,0.301643275473,0.915398914561,0.195315489835,0.183512741092,0.300366044198,407
1444951623,529875796,2.87136681664,-1.22643658324,0.301852355255,0.916272852772,0.194569985935,0.181442795191,0.299441299621,408
1444951623,488618946,2.87004118397,-1.22619623478,0.301631436793,0.915168431856,0.192918169031,0.187872015559,0.299922368558,409
1444951623,538576064,2.87160331435,-1.2265183651,0.301916014154,0.916692864648,0.193370889459,0.181102032967,0.299138671303,410
1444951623,449764986,2.86928770311,-1.22557021814,0.301499546441,0.91424369927,0.195011905724,0.187440448402,0.301653598146,411
1444951623,456735565,2.8694058374,-1.22575049811,0.301552671252,0.914513426256,0.194533425801,0.187362458325,0.301193042175,412
1444951623,430272983,2.8689421765,-1.22526757616,0.301474713072,0.914018827899,0.195640084532,0.186435063948,0.302550006613,413
1444951623,547412732,2.87172479376,-1.22658966651,0.302043150868,0.917179747637,0.193235774423,0.1794625071,0.298721366081,414
1444951623,555045755,2.87193765548,-1.22658837737,0.302194981772,0.917474138815,0.193205137838,0.177965756878,0.298732604007,415
1444951623,563319223,2.87226258063,-1.2268621397,0.30267878491,0.915101196891,0.197783423091,0.172959633974,0.305870041056,416
1444951623,571781890,2.87239173537,-1.22658533932,0.302551141705,0.917437660562,0.194773540849,0.174771079708,0.299710654575,417
1444951623,613433762,2.87305197551,-1.22673573685,0.303280749759,0.919600006672,0.189003342076,0.174398611881,0.296982640212,418
1444951623,680134348,2.87503658576,-1.22726575936,0.304384622451,0.920677369813,0.188103418415,0.162387316639,0.300999408786,419
1444951623,622120830,2.87320499567,-1.22682713829,0.303404976506,0.920087379014,0.188038009879,0.173571071842,0.296570404523,420
1444951623,646789189,2.8738173542,-1.22704665262,0.303659164239,0.921607350648,0.184903831226,0.170959818536,0.295335749404,421
1444951623,605152961,2.87291801554,-1.2266331641,0.303127554656,0.919124819648,0.191180194111,0.173950563599,0.297322889651,422
1444951623,697565684,2.87552279908,-1.22725518192,0.304716961956,0.921794227604,0.184893079408,0.161349635773,0.300127050062,423
1444951623,638737677,2.87362826648,-1.22696917182,0.303554030808,0.921175324603,0.185630978491,0.172071522745,0.295581718356,424
1444951623,705281818,2.87574297254,-1.22719392439,0.304911894382,0.922100146935,0.184259130854,0.160529845812,0.300016766735,425
1444951623,630053053,2.87341947447,-1.22692200522,0.303486219412,0.92068414924,0.186161448558,0.173475940007,0.295957278416,426
1444951624,180026723,2.88381577336,-1.22980166952,0.308194198898,0.934141665423,0.174988202193,0.137393125513,0.279072763049,427
1444951624,246795754,2.88369934298,-1.23105130175,0.30809685315,0.936392527331,0.165101834526,0.137219855083,0.277634886797,428
1444951624,263439000,2.88370852382,-1.23169665235,0.3083290644,0.93708021839,0.16172024549,0.139737246504,0.276044794265,429
1444951624,205030460,2.88428039192,-1.23036117127,0.308354621088,0.931589049395,0.181802776425,0.129580708585,0.286877035493,430
1444951624,271782379,2.88372344942,-1.23135337977,0.308194674288,0.937093762346,0.161455335998,0.140606418458,0.275712332221,431
1444951624,238824419,2.88428288666,-1.23024775565,0.30774244927,0.934081172288,0.178949617982,0.131277730955,0.279706194347,432
