1,1445363706,458000000,5.87412238143,-1.58155832861,-0.156582803402,-0.0800535946453,0.110781833302,-0.901764142275,0.410049069138,0
1,1445363709,775000000,5.8119098401,-1.43054666622,-0.0617423571871,-0.0830982905265,0.11395829829,-0.903841403389,0.403954078928,274
1,1445363712,485000000,6.6578127765,-1.5651679286,0.12538853416,-0.0759813216435,0.116736931683,-0.897999723342,0.417367732844,495
1,1445363713,271000000,6.66202990663,-1.50911117023,0.0423359700579,-0.0746720983812,0.123150230132,-0.898471530215,0.414737275797,568
1,1445363714,179000000,7.0019671334,-0.280128818888,-0.359283322684,-0.0725201165021,0.106045713961,-0.900115808764,0.416277155351,644
1,1445363714,572000000,7.00795540432,-0.464338700432,-0.405139425029,-0.0735072802115,0.106540611942,-0.898676346972,0.41907827569,681
1,1445363715,713000000,7.24310330572,-0.568140186154,-0.0235934940439,-0.0717438353785,0.102892392283,-0.899750609509,0.417989017062,778
1,1445363716,561000000,7.37264342776,-0.517909359517,-0.025362861842,-0.0684692568062,0.0970485224578,-0.899431850724,0.420613707651,856
1,1445363717,376000000,7.38034225819,-0.310294732193,0.00893305276568,-0.0656116972708,0.104573783821,-0.898531987889,0.421188432485,919
1,1445363718,293000000,7.69583257784,0.138234342602,-0.180734223636,-0.0638068453746,0.109789622735,-0.898559468677,0.420078333736,986
1,1445363719,274000000,7.90332318585,0.44934957061,-0.226875691561,-0.0645299073561,0.11016826528,-0.897295902453,0.422562312356,1068
1,1445363719,857000000,8.08116179592,0.478724967692,-0.211053089893,-0.0607429075788,0.107394471489,-0.897042380308,0.42437211808,1125
1,1445363721,261000000,8.06311434198,0.67819714341,-0.133766895077,-0.0552446609238,0.105316370658,-0.892800217295,0.434470092767,1254
1,1445363722,854000000,7.81160108058,0.657203863876,-0.172709075804,-0.0540917214574,0.112434906777,-0.893296442981,0.431803129176,1390
1,1445363724,377000000,7.73239755239,-0.0200916846287,-0.295540397517,-0.0547672840632,0.112527405481,-0.893048043703,0.432207495597,1525
1,1445363725,297000000,7.76906253663,-0.0910297365695,-0.278859009162,-0.0550148891874,0.111737306721,-0.893591790298,0.431256128729,1611
1,1445363726,213000000,7.74405954107,-0.091480278,-0.295226700563,-0.0638269708473,0.108240241192,-0.8953744771,0.427217408046,1676
1,1445363727,197000000,7.7172255915,-0.0709694325062,-0.0701711088377,-0.059526282629,0.105236705175,-0.89445172161,0.430508972345,1771
1,1445363727,996000000,7.91047826223,0.255525877137,0.035484371702,-0.059807204594,0.0993834181989,-0.893334681323,0.434164924437,1841
1,1445363729,456000000,7.92496281768,0.450246286298,-0.0867806824833,-0.0657969472438,0.0922398029629,-0.891477928504,0.438668078931,1972
1,1445363731,573000000,7.96026779462,0.434664275654,-0.0805028545235,-0.068459175972,0.094416355804,-0.893229195834,0.434212501769,2153
1,1445363734,955000000,7.98882771539,0.315997977406,-0.113089692366,-0.0645621776798,0.103404344344,-0.895054029258,0.428972669866,2455
1,1445363736,898000000,8.03582898491,-0.0591009216633,-0.213809603224,-0.0611818175318,0.104824291197,-0.893841810325,0.43164275888,2622
