1453147196,382275133,2.70093737935,-0.861602345685,0.31270975716,-0.403371673784,0.623654498491,-0.529310853422,0.410093135459,0
1453147196,400134730,2.70114620781,-0.861569093331,0.312806020036,-0.402120309071,0.62377270795,-0.530106185142,0.410114981833,1
1453147196,432283094,2.70147651789,-0.861341046229,0.31298021262,-0.404449166483,0.624488994007,-0.528640563991,0.408623937379,2
1453147196,415782116,2.70127635832,-0.861520154231,0.312956355187,-0.400098665667,0.624522187597,-0.531410145952,0.409263181474,3
1453147196,440714471,2.70148597123,-0.861228173312,0.31307446315,-0.404234148791,0.624462870037,-0.528867858716,0.408582506863,4
1453147196,465731897,2.7020689473,-0.860794998024,0.312996815309,-0.402563832266,0.625589295658,-0.52946610782,0.407732798262,5
1453147196,490965901,2.70229203113,-0.860907267392,0.313418854157,-0.402796023821,0.626331460887,-0.529158848227,0.4067618193,6
1453147196,457609008,2.70170302417,-0.861088101995,0.313173560007,-0.404034680752,0.625071491628,-0.528840862355,0.407883499797,7
1453147196,499178261,2.70250924197,-0.860780593587,0.313356985855,-0.401554341329,0.626342949874,-0.530759001949,0.405886070164,8
1453147196,532183153,2.70301665798,-0.860628120587,0.313634277055,-0.402682751548,0.627567420213,-0.528624293327,0.405662533639,9
1453147196,549041510,2.70330576732,-0.860580989513,0.313567169392,-0.403533289125,0.627421886772,-0.529676980529,0.403664411195,10
1453147196,599226448,2.70443866203,-0.860855919475,0.314000605193,-0.403828141243,0.630104593203,-0.526967628216,0.402735834979,11
1453147196,590763780,2.70397799473,-0.860956628438,0.313944088847,-0.406523815201,0.629028549462,-0.527223378631,0.401368883523,12
1453147196,574637779,2.70390003348,-0.860618127588,0.31377495882,-0.404367537355,0.628900484378,-0.527324310968,0.403608902956,13
1453147196,624156853,2.70521982321,-0.860889045165,0.3139556239,-0.404612534749,0.630303444716,-0.527119190673,0.401436947886,14
1453147196,632156053,2.70539509808,-0.860942800808,0.314179855416,-0.405626244305,0.63044951978,-0.526004149125,0.401647093906,15
1453147196,557344311,2.70352966147,-0.860583743091,0.313584168919,-0.403277150401,0.627872833178,-0.52920669822,0.403836001218,16
1453147196,615676582,2.70490863473,-0.860839473581,0.314021633184,-0.405746720976,0.630126703786,-0.525815568688,0.402278415179,17
1453147196,674678636,2.70682364906,-0.861496134838,0.314506404148,-0.405227789189,0.633536324318,-0.524230409294,0.399505497597,18
1453147196,699088858,2.70767141802,-0.86162515496,0.314305106989,-0.408267629238,0.63399356992,-0.522216550392,0.398320939336,19
1453147196,665753479,2.70655972118,-0.86128592259,0.314346969726,-0.405691313696,0.63273512569,-0.524219551678,0.400318223852,20
1453147196,732636911,2.70883959749,-0.862222758536,0.314242279775,-0.405817879075,0.637055350512,-0.521672010825,0.396649268913,21
1453147196,690676060,2.70741297248,-0.861688073353,0.314486808922,-0.405057784281,0.634753802934,-0.523169204522,0.399136298141,22
1453147196,649131256,2.70590683474,-0.861271555759,0.314320505874,-0.404414593572,0.631534302995,-0.526700620763,0.400249568064,23
1453147196,782569583,2.71017217403,-0.864806461766,0.31331364636,-0.401203547092,0.643627768223,-0.517552310392,0.396129544191,24
1453147196,799150251,2.71064358952,-0.866243574319,0.313052813037,-0.400428613933,0.645464029321,-0.515828020154,0.39617491796,25
1453147196,815646342,2.71113358856,-0.867961976561,0.312784343008,-0.399845745432,0.647549174833,-0.513576210234,0.396286414497,26
1453147196,758017091,2.70955813125,-0.863385788185,0.313840923437,-0.403487099695,0.640359741615,-0.521256634656,0.394244952441,27
1453147196,857311903,2.71279974642,-0.872625897075,0.31179436084,-0.39755034332,0.652233174386,-0.506386710611,0.400147610356,28
1453147196,840697014,2.71236397633,-0.870708053942,0.312219731823,-0.396855933676,0.650804044994,-0.509641178573,0.399030490098,29
1453147196,890538750,2.71362657396,-0.877385064319,0.310956008332,-0.391338381008,0.657354381548,-0.503540208346,0.401480693419,30
1453147196,807928742,2.71077882896,-0.867134805425,0.312956042338,-0.400548702381,0.646485813849,-0.514620677013,0.395957558716,31
1453147196,865765770,2.71304978262,-0.873739985948,0.311561114714,-0.39867463218,0.652998658143,-0.505812192299,0.39850384721,32
1453147196,949113027,2.71312117466,-0.888855855118,0.30921871725,-0.380084702164,0.668543165681,-0.491142851594,0.409101887223,33
1453147196,940828316,2.71348741592,-0.886939438458,0.309464066495,-0.382124784265,0.666503352073,-0.494315195983,0.406701878463,34
1453147196,982157031,2.71241700763,-0.897107616564,0.308544877491,-0.363172440634,0.677577596035,-0.486385555861,0.415239052554,35
1453147196,998993388,2.71192394823,-0.901450267766,0.308574059823,-0.354682031769,0.682349956507,-0.484763796478,0.416657239009,36
1453147197,7194014,2.71171901177,-0.903753541446,0.308779815418,-0.349071573272,0.684896692573,-0.484490822382,0.417533472027,37
1453147197,40806105,2.71070792203,-0.913771419927,0.310519444445,-0.33287506126,0.691274556743,-0.487632869228,0.416590765189,38
1453147197,48978373,2.71017946229,-0.916265750266,0.31111028822,-0.330493745988,0.69236989348,-0.487909111447,0.416344224688,39
1453147197,65802019,2.70903859591,-0.92199180006,0.312572066766,-0.323064643887,0.69467822085,-0.492131397806,0.413349842918,40
1453147197,74442642,2.70833735959,-0.924988002082,0.31326748639,-0.319536926515,0.695448148323,-0.493764806549,0.412849054014,41
1453147196,961723428,2.71291596602,-0.890735458686,0.308905424022,-0.376380935071,0.670610046363,-0.489727487618,0.410836397248,42
1453147197,59902107,2.70958433184,-0.919012874057,0.311888349131,-0.326406158502,0.69366822623,-0.48903153835,0.416090814738,43
1453147197,107439715,2.70385616255,-0.938364861532,0.316978943616,-0.313301904559,0.69442837248,-0.507146994889,0.403005059111,44
1453147197,115746916,2.70215456399,-0.942170281271,0.318003329249,-0.314766195557,0.693361557802,-0.509508176936,0.400716121378,45
1453147197,132311940,2.69861599256,-0.949736489161,0.320145392227,-0.314201343972,0.691632874467,-0.517176421077,0.39427152051,46
1453147197,140809808,2.69667825322,-0.953412294717,0.321066277072,-0.316995551725,0.690419058937,-0.521461307178,0.38847580151,47
1453147197,158419586,2.69215036835,-0.961906290213,0.323197490041,-0.320595243264,0.687230905253,-0.53078033913,0.378423842345,48
1453147197,182406435,2.68572133677,-0.974701235652,0.326076988989,-0.325261208834,0.681149998416,-0.541458291322,0.370219859603,49
1453147197,174484967,2.68782054925,-0.97039545134,0.32516745522,-0.323516986197,0.683070312121,-0.536293827428,0.375686889582,50
1453147197,207361773,2.67810936493,-0.988813555674,0.329336204643,-0.337910702081,0.67111168042,-0.55262479427,0.36059853935,51
1453147197,217070617,2.67545954662,-0.993763507371,0.330443161119,-0.343659649054,0.667196428178,-0.554847572396,0.359014126804,52
1453147197,224051461,2.6769990852,-1.00089790178,0.331016845757,-0.341746154298,0.661623253082,-0.563591278521,0.357531967494,53
1453147197,249302087,2.66346659634,-1.01322556963,0.335334546974,-0.368285372148,0.653462139475,-0.565040834441,0.343630575398,54
1453147197,232626085,2.67390714111,-1.00617491253,0.332583121605,-0.345429542189,0.658373191958,-0.566965321981,0.35464559093,55
1453147197,274857292,2.65355141495,-1.02787928824,0.339872567595,-0.378583661504,0.644829146892,-0.576075160892,0.330162371516,56
1453147197,299308584,2.642492801,-1.04201875035,0.34464760092,-0.396187209876,0.634178902645,-0.584880815282,0.31427256655,57
1453147197,332412719,2.62783619414,-1.05965412166,0.350749994647,-0.407538243919,0.623807401002,-0.598921386977,0.293377024356,58
1453147197,290976448,2.64616436394,-1.03725890069,0.343003806635,-0.390628017591,0.637550189306,-0.581346423397,0.320898494841,59
1453147197,357445791,2.61638056888,-1.07192745235,0.354674821218,-0.412420614579,0.618026044229,-0.609773994753,0.275914335706,60
1453147197,367249481,2.61261056143,-1.07576192958,0.355821653724,-0.411500131824,0.616856325983,-0.613874321166,0.270766010453,61
1453147197,282416979,2.64997687509,-1.0326629704,0.341460224742,-0.383072765422,0.641902148548,-0.579442646893,0.324750838402,62
1453147197,407461573,2.5932149997,-1.09285464458,0.359711342961,0.391226891258,-0.616161743018,0.639661619238,-0.241079320704,63
1453147197,307626537,2.63909655731,-1.04623512954,0.346152977543,-0.399343362926,0.63145324861,-0.58769697383,0.310489839219,64
1453147197,424228022,2.58594402131,-1.09892235602,0.360133406552,0.384339936218,-0.616917699907,0.647500411201,-0.228994721475,65
1453147197,449091935,2.57470446852,-1.1067050931,0.358732972784,0.376378981072,-0.617849242439,0.656599070233,-0.213257677922,66
1453147197,457489580,2.57159426534,-1.10964022743,0.358262670829,0.366902280743,-0.619817409247,0.6610869916,-0.210173940149,67
1453147197,441652020,2.57846192376,-1.10425523369,0.359485930371,0.378074020073,-0.617698548276,0.654235590134,-0.217908997993,68
1453147197,432320110,2.58190877941,-1.10129211146,0.359612887874,0.386666785559,-0.616068091106,0.649253804083,-0.222302501,69
1453147197,491789053,2.55897161037,-1.1208549191,0.353948998449,0.347569038171,-0.62439938457,0.670222558219,-0.200307001145,70
1453147197,558755104,2.54108628747,-1.14062236932,0.334762848044,0.314113203492,-0.64175746109,0.664021155019,-0.220354628303,71
1453147197,541775502,2.54391090441,-1.13616693744,0.340726724224,0.328990637199,-0.635473462802,0.666068207956,-0.210456126209,72
1453147197,593163102,2.53103027932,-1.15046895324,0.327943592643,0.299586485953,-0.646650139653,0.665832261703,-0.220814251344,73
1453147197,609469995,2.52492727346,-1.15625730049,0.326254071913,0.29255782943,-0.649830090945,0.664902544252,-0.223685886879,74
1453147197,599703466,2.52786470815,-1.15327752975,0.327202042408,0.296479834494,-0.648229932517,0.66530482378,-0.221962054826,75
1453147197,579411167,2.53705568695,-1.14525650998,0.330063719392,0.30444685663,-0.644194775096,0.665715824532,-0.221692679612,76
1453147197,649489470,2.51199975747,-1.17309045889,0.32004480353,-0.276029226167,0.65691239764,-0.654714932218,0.252234663872,77
1453147197,658105161,2.50941818029,-1.17659737348,0.319411787521,-0.274526845751,0.657081629906,-0.652748676634,0.258452912064,78
1453147197,691581830,2.50234367314,-1.18877470699,0.314667666936,-0.27829815597,0.654537745732,-0.642117053379,0.286035252294,79
1453147197,699627964,2.50033450974,-1.19138927194,0.313138400458,-0.276054695005,0.655335206197,-0.641486395461,0.287792941753,80
1453147197,724465970,2.49581040795,-1.19623039434,0.309192690303,-0.270091325245,0.656190189629,-0.635668464925,0.303958407946,81
1453147197,674682406,2.50548142793,-1.18300945954,0.317023917664,-0.279428671127,0.656536389508,-0.64599159466,0.271246099755,82
1453147197,749439395,2.49104651652,-1.20034605064,0.305932758169,-0.262123241317,0.657694585437,-0.632510876596,0.314100667996,83
1453147197,741139039,2.49260223731,-1.19892734635,0.307080743919,-0.263944644155,0.657267367347,-0.633521286339,0.311421920227,84
1453147197,782691176,2.48521417017,-1.20521559212,0.301922095282,-0.251828587329,0.656750294968,-0.63144536195,0.326401849773,85
1453147197,791635396,2.48345313662,-1.2062600881,0.30099786423,-0.252826970913,0.657319802503,-0.630262271943,0.326770054597,86
1453147197,682807252,2.50360610913,-1.18609283865,0.315766589399,-0.279260541581,0.656390297624,-0.643528619861,0.277554035318,87
1453147197,641098179,2.51413757671,-1.16964830556,0.321243121243,-0.278508141978,0.656930536502,-0.656201246978,0.245510505943,88
1453147197,824372872,2.47851246822,-1.20972396829,0.296876706225,-0.245770233151,0.656139266412,-0.626324538232,0.341754046614,89
1453147197,775477134,2.48665142636,-1.20394864904,0.302943229662,-0.254016485079,0.656847326391,-0.632174118152,0.32308373444,90
1453147197,857859808,2.47302602344,-1.21204489346,0.293465668597,-0.232060053298,0.659292380495,-0.62560988603,0.346545753381,91
1453147197,807822026,2.48132643232,-1.20814954491,0.298788247465,-0.248977221622,0.65611784717,-0.628766188408,0.334922071614,92
1453147197,883458036,2.46981312888,-1.21293750242,0.291181639674,-0.221418473601,0.661450660053,-0.624214542883,0.35187084039,93
1453147197,916390572,2.46560375033,-1.21463458611,0.289244798029,-0.212866235541,0.664017564891,-0.624738888332,0.351382926007,94
1453147197,907781239,2.46680490553,-1.21412169984,0.289529260188,-0.213315195515,0.663724920479,-0.624634665616,0.351848535322,95
1453147197,933568661,2.46463140948,-1.2156685489,0.28849744658,-0.20822475235,0.665046842412,-0.624824214023,0.352065123915,96
1453147197,941298486,2.46422822199,-1.21616568827,0.288257816384,-0.208396471215,0.665081735221,-0.623364280709,0.354477319156,97
1453147197,949449731,2.46410734817,-1.2165775783,0.28802577581,-0.206810383307,0.665268474053,-0.623701065724,0.354463402063,98
1453147198,586045,2.46259550014,-1.21767711087,0.287202848415,-0.207278730973,0.664016313334,-0.622921682473,0.357891660725,99
1453147197,974615781,2.46392455823,-1.217176209,0.287546377544,-0.206466820928,0.664637638245,-0.621072019576,0.360413385135,100
1453147198,8616050,2.46253261482,-1.2171789313,0.286898297449,-0.204200555789,0.664390108421,-0.621639833241,0.361181165865,101
1453147198,25001164,2.46148142397,-1.21689985774,0.286569679512,-0.201567817274,0.664263511356,-0.621492099575,0.363141807957,102
1453147198,50062100,2.45955905274,-1.21659838355,0.285788152617,-0.195861712939,0.665458291731,-0.622350128943,0.362606906133,103
1453147198,66604147,2.4583406023,-1.21664502305,0.285027827182,-0.193501538324,0.666060922584,-0.622494481291,0.362519824058,104
1453147198,99107927,2.45569636272,-1.21698403217,0.283897718424,-0.190531458593,0.666020856874,-0.623078194832,0.363163247892,105
1453147198,84554681,2.45676550153,-1.21696217219,0.284572331562,-0.195863171022,0.664773465034,-0.623902698835,0.36119147389,106
1453147198,140643933,2.45276454318,-1.21784692005,0.282201588928,-0.181315612255,0.666828188362,-0.621235692653,0.369501055657,107
1453147198,124290109,2.45422087637,-1.21747576272,0.282968785413,-0.184814711606,0.666415914619,-0.62121477887,0.368545179903,108
1453147198,157531624,2.45125558056,-1.21858164031,0.281448976523,-0.176779318866,0.66733590576,-0.621460454514,0.370403516154,109
1453147198,182982207,2.44880426517,-1.22002210294,0.280189599297,-0.185073058709,0.665077907666,-0.618349971969,0.375583082474,110
1453147198,107543706,2.45542212033,-1.21698330257,0.283612885774,-0.188942897068,0.665512590557,-0.621514468631,0.367577663547,111
1453147198,191536786,2.44811614343,-1.22079991837,0.279577642208,-0.181607280307,0.665296880674,-0.618505134975,0.376630129324,112
1453147198,208143853,2.44606181577,-1.22314905996,0.278513467255,-0.167443522564,0.667169230248,-0.618112273127,0.380506376782,113
1453147198,241647902,2.44164444553,-1.22649154924,0.275994911168,-0.173123370214,0.664763384596,-0.613950007808,0.388823004847,114
1453147198,266571951,2.43744837016,-1.22908554902,0.274627578003,-0.151989481168,0.668245127998,-0.614345254431,0.391059528563,115
1453147198,233621323,2.4429026007,-1.22567473871,0.276624491536,-0.17489259989,0.664337753785,-0.614777256934,0.387449160222,116
1453147198,216617276,2.44530994075,-1.22353492983,0.277652404957,-0.176124778644,0.665233204537,-0.615753334414,0.383787281039,117
1453147198,299800265,2.43009517221,-1.23267727449,0.272086225502,-0.136823862076,0.674183531501,-0.612623440632,0.389163611619,118
1453147198,224823277,2.44416756468,-1.22461663723,0.276995095832,-0.174762966302,0.665101174521,-0.615172170318,0.385566510639,119
1453147198,325590134,2.42425904901,-1.23638537731,0.270265242018,-0.124159098555,0.677634421506,-0.607385418978,0.395574344275,120
1453147198,375008984,2.41350482756,-1.24895185468,0.267194351621,-0.080494376312,0.682871807083,-0.600744350727,0.407814879011,121
1453147198,358359382,2.41927760702,-1.24572807541,0.268231822664,-0.0921258552644,0.678967329871,-0.60559471849,0.404686580822,122
1453147198,341657469,2.42029674167,-1.23925556635,0.268932028793,-0.114389913174,0.679560967655,-0.604891090911,0.399022063476,123
1453147198,387838411,2.40724030947,-1.24698754997,0.266533204349,-0.0827262534895,0.689240351098,-0.592178123599,0.409181103342,124
1453147198,391642453,2.40423605934,-1.24851938057,0.266213998393,-0.073021566278,0.691408888201,-0.589737058346,0.410891472518,125
1453147198,441631839,2.38050228664,-1.26340364941,0.266818163413,-0.0223825062249,0.70632537369,-0.566175294314,0.424321842479,126
1453147198,433654149,2.38525056481,-1.26037745576,0.266517259769,-0.0315594065131,0.703962218982,-0.570826039855,0.42142476236,127
1453147198,450068596,2.37537531765,-1.26660775341,0.26723205122,-0.0135685080012,0.709050806978,-0.562111589853,0.425550712921,128
1453147198,408462677,2.39732232598,-1.25254566523,0.266030181632,-0.0575548627339,0.696951251474,-0.582072443295,0.414895241719,129
1453147198,468810638,2.36342513604,-1.27339903656,0.268446883756,0.00706216416481,0.71343425338,-0.552801458372,0.430548765603,130
1453147198,418722992,2.394141682,-1.25456109477,0.265802996885,-0.0464932227951,0.699515678175,-0.578457003231,0.417017615496,131
1453147198,533575228,2.28586934914,-1.29711781358,0.276784147789,0.108348645052,0.74277100176,-0.504093216561,0.42713210963,132
1453147198,541611092,2.27482485612,-1.30161675651,0.278692163449,0.124976351944,0.745246474032,-0.499093627249,0.424139311592,133
1453147198,516481716,2.30698998526,-1.28920601711,0.273890489236,0.0742680935501,0.737026011908,-0.515823076245,0.430352718203,134
1453147198,583309411,2.21675852132,-1.33029274734,0.290992715664,0.18636025438,0.748924347915,-0.482203611856,0.414562243097,135
1453147198,575142032,2.22876055467,-1.32367485231,0.288195456496,0.176820715405,0.749548755438,-0.484333238083,0.415129392253,136
1453147198,491615846,2.33988486089,-1.2836622545,0.271297523638,0.0487233490282,0.722104684723,-0.53702852369,0.433348848279,137
1453147198,625005284,2.15665026381,-1.36569226662,0.30441659936,0.20721983355,0.739409091105,-0.488450586201,0.414427510446,138
1453147198,599924794,2.19254969608,-1.3441356994,0.296658574979,0.19947828458,0.745893998885,-0.481146136291,0.415149312827,139
1453147198,667016000,2.10294970745,-1.42839671891,0.31001450916,0.32729043369,0.669784540946,-0.55989981871,0.361637710607,140
1453147198,683212400,2.06441104452,-1.41952246559,0.315900760524,0.219333521277,0.726529836249,-0.521356219887,0.390172904582,141
1453147198,694353693,2.04965129882,-1.42717763878,0.317017718104,0.215738046166,0.725327312028,-0.528855775099,0.384277185124,142
1453147198,716391339,2.00521933367,-1.44902705097,0.31879043188,0.198282974169,0.726090154627,-0.550030230944,0.361861430047,143
1453147198,749376678,1.94408755763,-1.47686339883,0.320252956016,0.172809237414,0.729060049679,-0.579739430733,0.320172771923,144
1453147198,641554664,2.13238105661,-1.38068785396,0.308710135357,0.216643443788,0.735107159688,-0.494282185029,0.410326947205,145
1453147198,766261434,1.91338878869,-1.49139712001,0.321059948641,0.166019797422,0.724360784626,-0.599285187602,0.297651044815,146
1453147198,782747258,1.88217938712,-1.5089669334,0.320835835973,0.161800223912,0.718412528807,-0.621668580938,0.266893801858,147
1453147198,791252459,1.86630498053,-1.514548588,0.321184668654,0.147124935914,0.717756204273,-0.631627939381,0.253429340555,148
1453147198,841734155,1.77323381668,-1.54328272691,0.324550120415,0.0951825816048,0.718599050763,-0.671912566581,0.151951252945,149
1453147198,850106378,1.75852865661,-1.54694084403,0.325394442262,0.0880450361979,0.717497900664,-0.678029407863,0.133120081943,150
1453147198,824980420,1.80374876029,-1.53518700037,0.323125069231,0.114762689942,0.718859145444,-0.659552984731,0.187245598993,151
1453147198,858390113,1.7439573176,-1.55050974531,0.326394148356,0.07924269616,0.715984194171,-0.684417469732,0.112516469582,152
1453147198,816662954,1.81901250478,-1.53053156046,0.322609813509,0.123268298961,0.719500009471,-0.651195861771,0.207529786911,153
1453147198,908468961,1.66633243776,-1.56995790999,0.33427904253,-0.0308866315403,-0.697948778699,0.715455263319,0.0061061030821,154
1453147198,799539616,1.85007943474,-1.52043318101,0.32152755218,0.141601257728,0.71825992557,-0.638574950124,0.237220986012,155
1453147198,933250745,1.63254704018,-1.57867493566,0.338694735991,-0.000481846187024,-0.687220664085,0.724326864987,0.055480801524,156
1453147198,924898078,1.64345481407,-1.57570391397,0.337101725215,-0.00929510203123,-0.690332930811,0.722261351747,0.0411410438419,157
1453147198,950549591,1.61213420292,-1.58436223986,0.341848953306,0.0172876298364,-0.680051768761,0.728088483661,0.0843675863091,158
1453147198,966431149,1.5940583499,-1.58995659008,0.344530564897,0.0316691302243,-0.672586187973,0.731312482676,0.108659737809,159
1453147198,983198575,1.57708785254,-1.59532165255,0.346751855369,0.0446649861618,-0.668966808976,0.730726308374,0.128559362742,160
1453147198,975330391,1.58540367254,-1.59262006765,0.345772498276,0.0376004501725,-0.66994580273,0.731719183938,0.119774218464,161
1453147199,1548043,1.56091418452,-1.60110971488,0.347922403329,0.0520960769905,-0.665386404097,0.731462386746,0.139677159126,162
1453147199,49973960,1.51665707954,-1.61891945184,0.336839065668,0.035451347825,-0.663085068445,0.737698034223,0.121913921463,163
1453147199,41535735,1.52324746106,-1.6157030209,0.340103560296,0.0400874089467,-0.662035265746,0.737199142727,0.128995079421,164
1453147199,91815520,1.48721512819,-1.63137429394,0.321103242401,0.00391040390765,-0.664304704458,0.741212496986,0.0963742843686,165
1453147199,76223876,1.49922363335,-1.62732411855,0.325591434293,0.0117274533089,-0.664588183771,0.739923300774,0.103433658942,166
1453147199,100013210,1.48055845346,-1.63312402727,0.32035407643,0.00136048348451,-0.666402479222,0.740221718368,0.0893179289288,167
1453147199,58276273,1.51064618188,-1.62175410588,0.333012769712,0.0286444173026,-0.66435475892,0.737997773209,0.114767322861,168
1453147199,141806372,1.44463444799,-1.6440092796,0.319048702737,0.0134761826959,-0.678833467686,0.733243072315,0.0368525786202,169
1453147199,158428109,1.43153649395,-1.64822141203,0.316094654454,0.023752693301,-0.682890902996,0.730037643883,0.0118685584777,170
1453147199,183416689,1.41722667326,-1.65592643696,0.311198640816,0.0159300978346,-0.682696192772,0.730391014348,-0.0141812029499,171
1453147199,166762685,1.42647272856,-1.65117092303,0.314340862066,0.0162151511418,-0.682131058704,0.731024818754,0.00608292615981,172
1453147199,216529625,1.40354543033,-1.66144318476,0.306612504708,0.0089617384349,-0.684352542817,0.727937768121,-0.0410839400182,173
1453147199,210567137,1.40639867797,-1.66067067734,0.307731491128,0.00914416564899,-0.683511036203,0.728892227075,-0.0380153775886,174
1453147199,258485098,1.39143022732,-1.6618961223,0.30108896159,-0.019786990745,-0.684451106295,0.726967105537,-0.0515168473003,175
1453147199,268906743,1.38925517776,-1.66183277201,0.300142169481,-0.0224339900429,-0.684937712187,0.726151092122,-0.0553320695839,176
1453147199,275313142,1.3872286299,-1.66195585402,0.299292419066,-0.0255533757909,-0.685026971193,0.72574578997,-0.05812161444,177
1453147199,318085059,1.37993359399,-1.66192530661,0.295541302087,-0.0327818126128,-0.68547137393,0.723805987069,-0.0718278592688,178
1453147199,326581952,1.37854647127,-1.6625297979,0.294717285697,-0.0397698161335,-0.687259546849,0.721643688269,-0.072959332314,179
1453147199,333115952,1.37776670696,-1.6620303744,0.294616453265,-0.0366161760915,-0.68538218077,0.723338911242,-0.0754409796808,180
1453147199,349521108,1.37578218695,-1.66150415365,0.293966242451,-0.0396050080631,-0.685687619339,0.722358105256,-0.0803909185948,181
1453147199,357856175,1.37502170881,-1.66120138869,0.293695996326,-0.0421300895454,-0.685862672358,0.721955895516,-0.0812227502031,182
1453147199,341152797,1.37641918248,-1.66166258228,0.294328407051,-0.0367133396036,-0.685581989538,0.722897949743,-0.0777690206517,183
1453147199,382968937,1.37309591044,-1.66079770899,0.293155489649,-0.0539175155656,-0.685725606478,0.721925238428,-0.0754800917856,184
1453147199,399271917,1.37190497349,-1.66015643571,0.293016593302,-0.0575979577545,-0.687060501451,0.720311252258,-0.0760397427589,185
1453147199,292328923,1.38413615024,-1.66159887757,0.297447122816,-0.0257226737539,-0.686229376899,0.724013391981,-0.065055319292,186
1453147199,424172985,1.37024942787,-1.65961986611,0.292766290899,-0.063622540228,-0.686643165203,0.720254682624,-0.0755415661231,187
1453147199,449141032,1.36835282044,-1.65950136513,0.292397546369,-0.0678176424764,-0.687339720212,0.71899273327,-0.0775520850346,188
1453147199,474346682,1.36636719829,-1.65966420206,0.291635506428,-0.0723024806085,-0.686381347541,0.71910974671,-0.0808342083094,189
1453147199,482442194,1.36555429124,-1.6597749327,0.291276492827,-0.0722714586271,-0.686828520801,0.718497580944,-0.0824902749411,190
1453147199,490846682,1.36416045084,-1.66006417985,0.290962739387,-0.0745103008437,-0.68625146956,0.718949395951,-0.0813566325308,191
1453147199,517678863,1.36120931702,-1.66034663028,0.289544441151,-0.0805161898204,-0.685990511363,0.717840934353,-0.0873988241535,192
1453147199,541325445,1.35720023868,-1.66112970532,0.287775873919,-0.0820374219368,-0.686843067056,0.715709290161,-0.0963154952033,193
1453147199,532709266,1.35872057176,-1.66091338127,0.288381320395,-0.0820197889126,-0.686653103934,0.716457654962,-0.0920255276043,194
1453147199,574734159,1.35064290167,-1.66157967294,0.28512186498,-0.0964546500815,-0.684174184796,0.715362721718,-0.104203463054,195
1453147199,599603942,1.34600466235,-1.66122496733,0.282983588363,-0.105271433052,-0.682816232448,0.714580624946,-0.10979275268,196
1453147199,607857854,1.3442139308,-1.66102083764,0.282246546964,-0.108585177414,-0.68295739218,0.713550901298,-0.112354665989,197
1453147199,582902024,1.34940507366,-1.66149524274,0.284428131172,-0.098831444088,-0.683208329061,0.715402310141,-0.107973419906,198
1453147199,499617346,1.36313179584,-1.66018776018,0.290492989072,-0.0753140768582,-0.686074768859,0.718818067786,-0.083245340931,199
1453147199,649594789,1.33375346827,-1.66006848519,0.277914205904,-0.132022411411,-0.681972615838,0.708205685308,-0.126206740826,200
1453147199,632904124,1.33864080028,-1.66021617998,0.279736644518,-0.122774115507,-0.682516408819,0.710152919742,-0.121575897431,201
1453147199,641241146,1.33624548948,-1.66021063635,0.278782966923,-0.127669084301,-0.681784045695,0.709862059129,-0.122339596856,202
1453147199,624560745,1.34012785226,-1.66046819076,0.280647691552,-0.116025205808,-0.682895028876,0.711989845927,-0.115165057422,203
1453147199,691411907,1.31896566473,-1.66215876882,0.272591118448,-0.15633589306,-0.680586586926,0.70001489683,-0.149466151534,204
1453147199,699655064,1.31519130322,-1.66296679174,0.271389541005,-0.158515301754,-0.680846537463,0.698384747817,-0.15355662002,205
1453147199,707972534,1.31116276512,-1.66379305459,0.270401085237,-0.163891597748,-0.679376157047,0.697285727452,-0.159311630822,206
1453147199,774391030,1.27466750549,-1.66516294143,0.266003706455,0.229546412316,0.679610009342,-0.669458890076,0.193037494527,207
1453147199,749527604,1.29046059205,-1.66543398071,0.266277958094,-0.201262397475,-0.678275059386,0.682883872417,-0.181950564631,208
1453147199,791231296,1.26277281971,-1.664751865,0.266774205769,0.257947107924,0.676518737955,-0.659704239322,0.201434861257,209
1453147199,799514546,1.25543025294,-1.66383204604,0.267019989759,0.271046848138,0.67654445175,-0.653504483743,0.2043357547,210
1453147199,716769111,1.3077020026,-1.66429839389,0.268986774582,-0.172786276711,-0.678936754676,0.694247165927,-0.16495653468,211
1453147199,849639350,1.19767895784,-1.65510810959,0.271592207607,0.347311886818,0.658689885638,-0.626860567884,0.229233322764,212
1453147199,807883834,1.24796462158,-1.6623473072,0.267302197835,0.286274403918,0.6760303979,-0.646470303256,0.207619878105,213
1453147199,874469044,1.158117631,-1.64960188333,0.276795965676,0.397331079471,0.642199734004,-0.612645480251,0.233180253152,214
1453147199,891268733,1.12983025381,-1.64632292258,0.282124305651,0.422287320211,0.633434852294,-0.605609169395,0.231670544165,215
1453147199,867038910,1.15623626196,-1.66489749151,0.279231260523,-0.458082332721,-0.599049856291,0.624375252247,-0.203605968743,216
1453147199,908045934,1.10156882265,-1.64034905355,0.288298719733,0.416735451644,0.642955091439,-0.59738744332,0.236787998636,217
1453147199,933029139,1.05678549246,-1.63700501093,0.298427129157,0.431528874389,0.635587337295,-0.594566202538,0.237281685005,218
1453147199,958226964,1.01773156235,-1.62566271647,0.309682837678,0.368578042783,0.670293763816,-0.586565178833,0.266078536429,219
1453147199,966382121,0.996217191328,-1.63545644677,0.311446921799,0.457276642072,0.614615563943,-0.6020814559,0.225041555354,220
1453147199,991334522,0.95133842305,-1.6328375737,0.317671636889,0.463160176987,0.611882412862,-0.605794540191,0.209989376774,221
1453147199,974769008,0.981405708137,-1.63428846672,0.313440482396,0.460641631606,0.614134887262,-0.60200236125,0.21963784858,222
1453147199,983261988,0.966581440684,-1.63411712939,0.315986227183,0.460617143075,0.610345755723,-0.607469917336,0.215151587279,223
1453147200,33758351,0.873050349841,-1.62238476122,0.323227106766,0.424991467189,0.628646625716,-0.624357589603,0.185373334375,224
1453147199,924565982,1.0709175899,-1.63986191346,0.295134028485,0.446454736784,0.62650447157,-0.594615722963,0.233671686584,225
1453147200,57792133,0.824916789932,-1.61742305017,0.324226901311,-0.409285973777,-0.630733060296,0.639605874566,-0.159890973915,226
1453147200,49378842,0.839309117279,-1.62339568463,0.323059793484,-0.42336760334,-0.614750325346,0.646351932058,-0.15833852928,227
1453147200,74575203,0.791482469128,-1.61438430383,0.324563415904,-0.395256548028,-0.634293592276,0.650212407945,-0.136629881771,228
1453147200,41351774,0.855584191389,-1.62459012591,0.322862657003,-0.429624598709,-0.613086830119,0.641020034858,-0.169235214506,229
1453147200,99414178,0.742504088684,-1.60761976363,0.323435191024,-0.370966862001,-0.636618415791,0.668932988588,-0.0981286744642,230
1453147200,116484229,0.71140878079,-1.6046014458,0.318239687937,-0.350435718817,-0.643631920833,0.677012015529,-0.0677309994856,231
1453147200,141750499,0.663304499637,-1.60245788455,0.310159532091,-0.319897514113,-0.635956122253,0.702280386091,0.00525835958027,232
1453147200,166719523,0.62126494369,-1.58620985972,0.309656442145,-0.283331666752,-0.65153328975,0.700858068067,0.0634468863606,233
1453147200,183477172,0.595060348838,-1.57762839268,0.30967835445,-0.270016275042,-0.651737845717,0.700746174008,0.106225191392,234
1453147200,191953528,0.581775111624,-1.57297986894,0.317069216794,-0.269584179942,-0.642561536046,0.706081546998,0.126047178901,235
1453147200,208651042,0.55973924685,-1.56401600198,0.310456036272,-0.24309650835,-0.650643486447,0.698067158497,0.173980985741,236
1453147200,217006642,0.548500997535,-1.56020892957,0.311216287124,-0.242011815444,-0.650051639346,0.693256164219,0.195599177252,237
1453147200,249992467,0.506098104141,-1.55040703696,0.313806855579,-0.231386166901,-0.619407734135,0.695741806976,0.280602634851,238
1453147200,258456112,0.49703969699,-1.5471498306,0.315301199124,-0.226733938485,-0.615855386074,0.692469865219,0.299665397313,239
1453147200,225102153,0.538202973728,-1.55602438548,0.311705933492,-0.235646416496,-0.645022948472,0.693453288909,0.218033709407,240
1453147200,291587631,0.467535266505,-1.53030442678,0.320981264311,-0.205934719118,-0.620654486712,0.664192609529,0.362252780575,241
1453147200,274768381,0.482958326787,-1.53621265789,0.318227532513,-0.210298833382,-0.624791267046,0.674011867905,0.333344079331,242
1453147200,324760211,0.435253043077,-1.52338451291,0.323496275635,-0.203070199258,-0.598735672925,0.66665395802,0.394779164087,243
1453147200,349602125,0.416415890304,-1.51233970457,0.315589886442,-0.20672838863,-0.607735468472,0.661443137629,0.387832372784,244
1453147200,358164528,0.409594259165,-1.51035414531,0.312939474625,-0.211581637112,-0.606952102473,0.664059426709,0.381925953478,245
1453147200,383501686,0.39095027526,-1.50616251309,0.304384880054,-0.228188012452,-0.605604958967,0.672315705291,0.359394570169,246
1453147200,391648532,0.384784827885,-1.5044099416,0.301923390328,-0.233276228717,-0.604941513529,0.673346266731,0.355292515267,247
1453147200,399917598,0.378774117206,-1.50185610825,0.300241484561,-0.235585857601,-0.604452023473,0.675882057989,0.349743475574,248
1453147200,433420669,0.356111090605,-1.48801241552,0.297784053225,-0.247176729695,-0.611819282431,0.679267560157,0.321210852342,249
1453147200,449884493,0.34536701037,-1.48366020557,0.305397423113,-0.256557185881,-0.606955583515,0.68860619532,0.302662911138,250
1453147200,458334450,0.338747645485,-1.48153921558,0.30385735399,-0.254660388553,-0.608483441272,0.693167067547,0.290543292245,251
1453147200,425021557,0.361785584053,-1.49207930406,0.298536357269,-0.248756514431,-0.607907733703,0.677640929113,0.330713100772,252
1453147200,500007834,0.312767833933,-1.48088952559,0.287774149636,-0.229166804704,-0.630521771043,0.703273434194,0.235226164828,253
1453147200,491625344,0.317445273967,-1.47952475658,0.298380959388,-0.243718158617,-0.618072136676,0.707846850794,0.239877320409,254
1453147200,525180237,0.303463134604,-1.47995192231,0.295669568928,-0.234653669528,-0.621038665826,0.71749660296,0.210825177973,255
1453147200,483304449,0.321984633128,-1.47974717666,0.299591339054,-0.246601706694,-0.615414603205,0.705370869339,0.250807498104,256
1453147200,550012859,0.300239373359,-1.47712090994,0.29269785816,-0.255343170305,-0.613488018663,0.718054172607,0.206955361217,257
1453147200,566646820,0.299648187322,-1.47227457638,0.290615198078,-0.263617902173,-0.613286190048,0.714185497738,0.21053438097,258
1453147200,583247534,0.301017922342,-1.46888015982,0.289161753569,-0.280438168513,-0.608545687635,0.712135201188,0.209499486709,259
1453147200,591617313,0.300513361132,-1.46776715546,0.288856782508,-0.286750568223,-0.603920277454,0.71169240327,0.21575062742,260
1453147200,608784646,0.302085892709,-1.46677146574,0.279048260334,-0.2958144901,-0.608615325095,0.701115569445,0.224762389621,261
1453147200,650014607,0.300047463082,-1.4643177715,0.287612160619,-0.314853988817,-0.594259958824,0.704420321078,0.226967130479,262
1453147200,625120382,0.300808941597,-1.46403801679,0.287674077287,-0.30508134337,-0.599349054672,0.70541927184,0.223807362497,263
1453147200,658198608,0.299725087276,-1.46436575467,0.287628223016,-0.315484704297,-0.594709401498,0.704007762927,0.22619283557,264
1453147200,674497190,0.298858685178,-1.46356224814,0.28728840254,-0.310950182322,-0.600210106098,0.702593505102,0.222306498421,265
1453147200,682738878,0.299774046428,-1.46411560058,0.287221983523,-0.314991604605,-0.600902171792,0.700510778087,0.221317687382,266
1453147200,575017577,0.299121760917,-1.47106217184,0.290227626479,-0.270287722814,-0.609184602883,0.715179304109,0.210611560653,267
1453147200,699534171,0.299811122928,-1.46388600323,0.287448029024,-0.318227796725,-0.601321450866,0.69858153616,0.22164706056,268
1453147200,724375107,0.300236359985,-1.46381060515,0.28749915148,-0.328072326747,-0.599172527831,0.694783738375,0.225025303478,269
1453147200,749583197,0.300395261485,-1.46272599355,0.287469812252,-0.328498155571,-0.596955072067,0.695254680219,0.228811130308,270
1453147200,783168404,0.300566085319,-1.46213969359,0.287613663741,-0.34248613603,-0.595618300083,0.687952831823,0.233801172838,271
1453147200,808445918,0.29908932884,-1.46149223521,0.287227972666,-0.347646977524,-0.596431301754,0.685225075575,0.23211608542,272
1453147200,716504972,0.300095259885,-1.46389216008,0.287495050493,-0.321803287694,-0.600956233722,0.696840016987,0.222953447842,273
1453147200,791557738,0.300368937534,-1.46176766121,0.287575561555,-0.345055902522,-0.595540732077,0.686591695932,0.234221057231,274
1453147200,816474939,0.298282090444,-1.46106478609,0.287165454258,-0.352221144687,-0.594185411177,0.684951806116,0.231786508835,275
1453147200,844710231,0.295393205539,-1.45973357396,0.286774252842,-0.358142745884,-0.593773140813,0.683439454005,0.228205485317,276
1453147200,824895560,0.297409433845,-1.46054110647,0.286929568644,-0.3518847855,-0.594494871226,0.685056690487,0.231193158719,277
1453147200,866584590,0.29316150592,-1.45681424234,0.286056913287,-0.367990262736,-0.594699332461,0.678789582809,0.223965561576,278
1453147200,901069350,0.28733586526,-1.45261933556,0.284941648789,-0.383054451579,-0.591097366376,0.675401148488,0.218418129306,279
1453147200,943787491,0.276907715775,-1.4466132914,0.283647373722,-0.400760931971,-0.582397377989,0.675506807876,0.209510195528,280
1453147200,959192867,0.27230458783,-1.44689364276,0.276313192517,-0.40480077275,-0.582999024752,0.67364508866,0.206035836796,281
1453147200,892500104,0.288941213133,-1.45384096874,0.285218523035,-0.377760919922,-0.592151191049,0.676413285643,0.221627438113,282
1453147213,985820,2.86400272248,1.26350131399,0.345855890435,-0.398222480627,0.659892508052,-0.362456537761,0.524009534241,283
1453147213,9223109,2.86422217738,1.26445147582,0.345798847338,-0.394870252789,0.661822584345,-0.360186112662,0.525675103613,284
1453147213,26342532,2.86466673363,1.26502656932,0.345914388527,-0.397290165659,0.660151162469,-0.360366501666,0.525829774202,285
1453147213,42551644,2.86982141049,1.26518634328,0.345456334802,-0.388013336569,0.660225038074,-0.365882685642,0.52884630101,286
1453147213,67695202,2.86980153146,1.26555710786,0.345811440703,-0.391593845382,0.659599873187,-0.368000229883,0.525507467461,287
1453147212,967658746,2.86304305239,1.26329618295,0.346049593501,-0.393551877722,0.662200493783,-0.360553656487,0.525935819629,288
1453147213,109419918,2.87101378873,1.26828988401,0.345732492273,-0.385414835744,0.661428611504,-0.371219251762,0.52551295264,289
1453147213,84323293,2.86977862341,1.266446581,0.345902387277,-0.389629086628,0.660396288754,-0.367560572237,0.52627477841,290
1453147213,51004534,2.86948242477,1.26496354018,0.345608835833,-0.391353257817,0.658952131233,-0.365731371661,0.528076964204,291
1453147213,159177571,2.87077076312,1.26827242958,0.346027501023,-0.396149880355,0.658398733504,-0.373123773235,0.519956757685,292
1453147213,142644814,2.87247743486,1.26961308603,0.345527795631,-0.382955674254,0.661675602731,-0.373750966631,0.525205258209,293
1453147213,167877839,2.87170093239,1.27025520111,0.345623584381,-0.388191573611,0.66117640316,-0.372533363628,0.522849843708,294
1453147213,184111398,2.87758139808,1.2737553077,0.338571886026,-0.361913230199,0.660824826151,-0.387375939985,0.53129016937,295
1453147213,176230996,2.87175763634,1.27043475706,0.345539997244,-0.388140477223,0.661319718459,-0.372527371237,0.522710778153,296
1453147213,217729846,2.8721406592,1.2709284179,0.345841106257,-0.380859088927,0.665585624526,-0.370029265249,0.524423944596,297
1453147213,192566731,2.87752336517,1.27397093306,0.338611764136,-0.358363071553,0.66207952132,-0.386093490355,0.533065130262,298
1453147213,251090652,2.87163550514,1.26994305645,0.345717311276,-0.390176356436,0.662717105535,-0.371334114993,0.520268607503,299
1453147213,243683985,2.8715555615,1.27005133512,0.345717772728,-0.39035501686,0.662637470393,-0.371500102482,0.520117503551,300
1453147213,259171009,2.87121035428,1.26910108714,0.346013575951,-0.394241855654,0.661265238812,-0.370211618015,0.51985094121,301
1453147213,267698210,2.87196495382,1.26946340784,0.345731915101,-0.389804425157,0.662766405839,-0.370569325193,0.521029343363,302
1453147213,300964167,2.87245391368,1.26832410682,0.345903638817,-0.390268690901,0.662933208189,-0.368514151104,0.521926461122,303
1453147213,318052304,2.87274934475,1.26772260525,0.346066578346,-0.390198120552,0.662577870167,-0.367240284646,0.523326443069,304
1453147213,342817464,2.87367134481,1.26734609823,0.345919744268,-0.385419716286,0.665642481052,-0.366274077711,0.523655449426,305
1453147213,326667506,2.87301409392,1.26742556268,0.346059238055,-0.389261808262,0.664175372194,-0.366957657141,0.522195746312,306
1453147213,384518222,2.87379900783,1.26501945356,0.346331928303,-0.389135660574,0.665719276304,-0.362456551986,0.523465883081,307
1453147213,367857867,2.873849169,1.26579675372,0.346256448436,-0.388046208878,0.665597656709,-0.363903702194,0.523425252246,308
1453147213,401222091,2.87431273053,1.26489023106,0.346151049781,-0.387227240622,0.666687568925,-0.362055998987,0.523925761114,309
1453147213,359278355,2.87376388217,1.26611089001,0.34623088463,-0.388413793235,0.665079431209,-0.365714490939,0.522548549444,310
1453147213,310240347,2.87265091621,1.26808780763,0.34593463487,-0.389955119184,0.663315692236,-0.368287168937,0.521835087602,311
1453147213,451259389,2.87725439105,1.26164888338,0.346415171299,-0.391667834966,0.6618636898,-0.357784907155,0.52964395908,312
1453147213,467844455,2.87738404649,1.26035539623,0.346037385428,-0.399925440361,0.657260545737,-0.353409821301,0.53213693292,313
1453147213,484346902,2.87852725541,1.2596804626,0.346001895504,-0.401460533342,0.655741681612,-0.351861117323,0.533878301939,314
1453147213,542889400,2.88089651155,1.25820111076,0.346030325736,-0.406976826144,0.653529125021,-0.34380706041,0.537648817485,315
1453147213,517874907,2.8800663283,1.25869961115,0.346032697547,-0.404085044938,0.65419026915,-0.345410144148,0.537998327625,316
1453147213,551009357,2.88124271754,1.25802659863,0.346279879595,-0.407677650367,0.652994421267,-0.343272418421,0.538108972177,317
1453147213,576126514,2.88313749122,1.25885584692,0.346550120075,-0.402310500212,0.653967721593,-0.342128399435,0.541683153544,318
1453147213,567842293,2.88253081205,1.25839254788,0.346372133872,-0.403951402679,0.653083261909,-0.342323416601,0.541405758868,319
1453147213,651234525,2.88617915313,1.25760898207,0.347855552111,-0.419459292089,0.644509337634,-0.336879616671,0.543298941518,320
1453147213,592779049,2.8835118886,1.25821891008,0.347053174078,-0.408388677595,0.651795824143,-0.341236332543,0.540313480301,321
1453147213,584363314,2.88261511073,1.25768924451,0.346799051538,-0.411974099663,0.650132546424,-0.342051572773,0.539078598027,322
1453147213,642778213,2.88565161963,1.25767315125,0.347668911264,-0.418251288269,0.646198355728,-0.337723681079,0.541697572594,323
1453147213,701136884,2.8881230882,1.2586337516,0.34831552145,-0.4275508354,0.639397897686,-0.334113908358,0.544737099733,324
1453147213,634452922,2.88564170572,1.2579855209,0.347454739775,-0.413886452449,0.648072113487,-0.339571058195,0.541656751676,325
1453147213,684366528,2.88766266704,1.25838346649,0.34812591071,-0.425601003957,0.640017345884,-0.334252756534,0.545450893434,326
1453147213,734859469,2.88943365137,1.25975919477,0.349115294874,-0.432100981562,0.635211433226,-0.333128884207,0.546644604235,327
1453147213,759269695,2.89059668667,1.26057718787,0.349476919048,-0.434961159581,0.632178050357,-0.331402115843,0.548937464487,328
1453147213,742744270,2.8902540845,1.26078189989,0.348606257472,-0.430532982672,0.635279882253,-0.334801759818,0.546780215131,329
1453147213,800848720,2.89269373838,1.26093934097,0.350087048027,-0.443022114309,0.625401363898,-0.329050068648,0.551661664964,330
1453147213,784282229,2.89172402726,1.26059298368,0.34965183252,-0.44346984477,0.627410628186,-0.329353728452,0.54883196151,331
1453147213,834223703,2.89434275679,1.26208223417,0.350564340981,-0.444977587045,0.623002936706,-0.327228205863,0.553880843838,332
1453147213,817663078,2.89363730174,1.26112514352,0.350169670435,-0.446898522931,0.623104161955,-0.328264945639,0.551602247114,333
1453147213,851038551,2.89441019228,1.2623033117,0.350723387486,-0.448928297785,0.622009740852,-0.326826677204,0.552043104115,334
1453147213,859272908,2.89453720004,1.26190999239,0.350793724734,-0.453111834124,0.620867831895,-0.328405223579,0.548965217678,335
1453147213,875983132,2.89560726183,1.26192139377,0.351143126071,-0.451290299345,0.619933139044,-0.324927300444,0.553572234002,336
1453147213,900990774,2.89624078546,1.26318363101,0.350719921448,-0.44771481612,0.622155369461,-0.325676185474,0.553542375878,337
1453147213,927147312,2.89746415934,1.26108211172,0.3514342556,-0.454780124632,0.617459634881,-0.320841421916,0.555859172377,338
1453147213,951045672,2.89867397286,1.26104951973,0.351232776491,-0.452525917989,0.617961077193,-0.319496569769,0.557912486442,339
1453147213,967863452,2.89924649081,1.25950486908,0.351134166158,-0.457923583308,0.614386930155,-0.316315976961,0.559266389678,340
1453147213,884264910,2.89594002178,1.26345352686,0.35079231745,-0.444155996108,0.623643251488,-0.325642819361,0.554753368798,341
1453147213,992831988,2.90018551716,1.25933579658,0.350497585141,-0.456496733954,0.616860074234,-0.312777494663,0.559700473055,342
1453147214,1459412,2.90079887747,1.25897371901,0.350364219097,-0.455062949156,0.616266102985,-0.312800919888,0.561506355382,343
1453147213,942699360,2.89830281106,1.26137386084,0.35126438603,-0.452199148841,0.618318850007,-0.320278529808,0.557332389923,344
1453147214,34338173,2.90151687386,1.25650227169,0.350280326832,-0.458737052252,0.61476587354,-0.307604877403,0.563029730138,345
1453147214,54751732,2.90165882159,1.25539014219,0.350119014745,-0.46069196427,0.614257736093,-0.307975620099,0.561784091206,346
1453147214,17753104,2.9008999425,1.25714425831,0.350389818734,-0.460499663575,0.61387067983,-0.31060092737,0.560918810711,347
1453147214,76106401,2.90233207607,1.25557953095,0.349583726273,-0.453510657744,0.617787522197,-0.306246894928,0.564694165082,348
1453147214,168240947,2.90376172962,1.24779327554,0.349511175651,-0.455992119603,0.619437567147,-0.296991132028,0.565830853492,349
1453147214,271431708,2.90448722744,1.24000519278,0.348075696395,-0.445249545904,0.630622247689,-0.288434804114,0.566457223776,350
1453147214,276190559,2.90450359112,1.23942182159,0.347973386153,-0.44492085212,0.63130734263,-0.288735630368,0.565798736519,351
1453147214,214220463,2.90398164675,1.24511374705,0.348627307784,-0.45042640676,0.624853070044,-0.294366650971,0.565705725396,352
1453147214,226377659,2.90471999737,1.24454433614,0.348341013981,-0.444608276798,0.629183729261,-0.292728264866,0.566358082828,353
1453147214,292927181,2.90480455805,1.23898524994,0.347614327387,-0.439716951487,0.635029613678,-0.289735528415,0.565189982131,354
1453147214,301282292,2.9047211934,1.23858325538,0.34725190543,-0.436798163092,0.637098117314,-0.290521631314,0.564721644152,355
1453147214,309269271,2.90507731671,1.23772316558,0.347581294978,-0.438434451354,0.63627752738,-0.288341596064,0.565495591491,356
1453147214,252138688,2.90467280422,1.24250359046,0.348141434577,-0.442665485909,0.631689645576,-0.290158798622,0.56641268598,357
1453147214,334487138,2.90430476578,1.23681908413,0.346904701966,-0.435249214462,0.640298216228,-0.284916618939,0.565153816104,358
1453147214,367861629,2.90373907063,1.23339252504,0.347204319979,-0.441687130082,0.638528273699,-0.287826429473,0.560669304764,359
1453147214,384469685,2.90356026585,1.23247750172,0.347387886722,-0.441565052214,0.638911954882,-0.288544359918,0.559958901109,360
1453147214,362637367,2.90434459944,1.23361960522,0.34764593491,-0.440057033516,0.637719387123,-0.286156755286,0.563718105035,361
1453147214,343051493,2.90427280166,1.23474225922,0.3473781265,-0.439582346837,0.63789967787,-0.286163124861,0.563881217361,362
1453147214,435521909,2.90301625303,1.23072756459,0.347948471745,-0.438443205768,0.641048405415,-0.288675141197,0.559902813072,363
1453147214,409478309,2.90331066367,1.23150945739,0.348005543522,-0.438270997719,0.641035219467,-0.284235999302,0.562318661136,364
1453147214,392859996,2.90393075609,1.23220743461,0.347941788489,-0.436401358233,0.641182805734,-0.285166164399,0.56313295308,365
1453147214,351199805,2.90420436235,1.23429435322,0.347139580616,-0.44352148966,0.636408364506,-0.289414497715,0.560813989046,366
1453147214,326025938,2.90496625878,1.23673247575,0.347497471835,-0.43682348924,0.637627608749,-0.286929764097,0.565939557095,367
1453147214,401277197,2.903489414,1.23213638343,0.347502198812,-0.439583722155,0.640596790896,-0.287756296464,0.559998407637,368
1453147214,417852976,2.90305839863,1.23128025662,0.347647388054,-0.439203665717,0.641425890907,-0.289366723921,0.558515770218,369
1453147214,426101998,2.90282583095,1.23088925533,0.348197305667,-0.438552357947,0.641881711235,-0.284519020607,0.56098897051,370
1453147214,376143408,2.9041739309,1.23296581999,0.347835092063,-0.436393521311,0.6404333488,-0.285106271704,0.564021483755,371
1453147214,900211350,2.89895341833,1.2337466717,0.348738116019,-0.427114985341,0.643283349229,-0.293653066001,0.563495517933,372
1453147214,912925883,2.89047539691,1.24076058595,0.353439506068,-0.430835075864,0.643916273199,-0.313577897533,0.54901900941,373
1453147214,926373262,2.88973909707,1.24081679206,0.353583828112,-0.433751726461,0.644758807066,-0.316281282361,0.544161438299,374
1453147214,932836375,2.88931855577,1.24083972145,0.354286987723,-0.432933699315,0.644783891348,-0.313531008068,0.546370252151,375
1453147214,934988462,2.88893637914,1.24072269542,0.35442815498,-0.433121554643,0.645696548797,-0.315876668521,0.543786369873,376
1453147214,942825841,2.8896332241,1.24168832999,0.354751173764,-0.425000280402,0.648953797347,-0.315239894038,0.546678643971,377
1453147214,951166286,2.88950574304,1.24156884136,0.354776581475,-0.426672524553,0.647942252149,-0.316790712975,0.545678512354,378
1453147214,959361531,2.88939911171,1.24122567086,0.354896049073,-0.425567128121,0.649110160703,-0.316669836321,0.545223654567,379
1453147214,967800732,2.88931348358,1.24098807806,0.354579162687,-0.424611860474,0.650214164141,-0.317692030355,0.54405705817,380
1453147214,976443311,2.88921841601,1.24057961773,0.354880247772,-0.423357974088,0.651802442282,-0.318324005008,0.542762774927,381
1453147214,984378467,2.88922005589,1.24020762372,0.354949939189,-0.423482048672,0.651689414711,-0.315711159503,0.544325568913,382
1453147214,995505582,2.89348389287,1.24224404678,0.347812237637,-0.4099158662,0.647425636387,-0.330413797615,0.551031532974,383
1453147215,1526740,2.89338269487,1.24157376226,0.347852720062,-0.407400392067,0.648800176674,-0.330849280045,0.551019060636,384
1453147215,10046604,2.89420834101,1.24254283,0.347450300598,-0.396928334459,0.653913651544,-0.331533249655,0.55220515934,385
1453147215,17822385,2.89333908319,1.24006945116,0.347768777697,-0.407093084405,0.649727074393,-0.330125106891,0.550588197504,386
1453147215,27134252,2.89431496505,1.24114456876,0.347511636675,-0.394758164541,0.655563465956,-0.330302955198,0.552541845853,387
1453147215,34352698,2.89335143684,1.23828473809,0.347921009691,-0.404673610618,0.652062098867,-0.328924549461,0.550329836419,388
1453147215,42941499,2.89360808971,1.23723921828,0.347695094321,-0.404568991002,0.653169337331,-0.328796511701,0.549169010582,389
1453147215,51321544,2.89318127054,1.23595281166,0.347713624588,-0.402894590407,0.655428297456,-0.326809277879,0.548894700107,390
1453147215,60788391,2.88885113712,1.23129266173,0.354876682553,-0.420578965311,0.657928738116,-0.309290686991,0.542754438434,391
1453147215,67835236,2.88878159484,1.23040140172,0.354598621098,-0.416336805088,0.660654327702,-0.308462273682,0.543185557368,392
1453147215,76117015,2.88881434988,1.22835907606,0.354539072656,-0.420541761612,0.659343264209,-0.306991974628,0.542371656889,393
1453147215,93021328,2.88881600188,1.22478125244,0.354500183048,-0.415971479362,0.663227377614,-0.304404632714,0.542618644651,394
1453147215,101151551,2.88906210838,1.22345518089,0.354284913097,-0.410525745042,0.666687559013,-0.30271127227,0.543472351602,395
1453147215,117841243,2.88908833142,1.21840039448,0.354151021034,-0.410594381417,0.66907572877,-0.30042496959,0.541751567388,396
1453147215,109286175,2.88896878861,1.22124009472,0.354097864027,-0.410769737605,0.667725865819,-0.30193052702,0.542446631142,397
1453147215,126170445,2.88897817036,1.21585348928,0.353951158063,-0.408192890691,0.672747952817,-0.297063778303,0.540871396535,398
1453147215,143671693,2.88925773683,1.21106660184,0.353782185542,-0.399434613851,0.67912518979,-0.294320348353,0.540940383403,399
1453147215,167953338,2.88874113385,1.19986100436,0.354030854175,-0.392511520198,0.686152690834,-0.285384000993,0.541927267583,400
1453147215,211633612,2.8877160854,1.17631880483,0.354638374197,-0.374840348924,0.700555928936,-0.270655613423,0.543563834498,401
1453147215,134682491,2.88900610518,1.21319856708,0.353965902825,-0.406871258678,0.674603496446,-0.294566666569,0.540921787684,402
1453147215,193038229,2.88822862911,1.18726974501,0.354112332016,-0.380000803409,0.69545126339,-0.278694575743,0.542472361609,403
1453147215,251562151,2.8875948847,1.14450881634,0.357632647937,-0.35790052988,0.712310411527,-0.248400882308,0.550289096757,404
1453147215,268275795,2.88812281811,1.13007275038,0.35947033205,-0.351647036455,0.716228816166,-0.238332578189,0.553677005862,405
1453147215,226193213,2.88780997357,1.16481972575,0.35580030518,-0.362103757858,0.706646520008,-0.26074716503,0.549128837555,406
1453147215,301336911,2.89170163891,1.10022655387,0.363683670597,-0.345442838929,0.717069172735,-0.221415175287,0.563432663855,407
1453147215,309815711,2.89301237912,1.09238695273,0.36483441469,-0.344912901425,0.715816579097,-0.217041191408,0.567040418976,408
1453147215,334995936,2.89421221323,1.07013083101,0.369081555589,-0.34768364181,0.706713579462,-0.197977730146,0.583503916172,409
1453147215,351561942,2.89760614971,1.05552152711,0.37149121232,-0.349374159892,0.699953934134,-0.184645755663,0.59490178299,410
1453147215,359808029,2.90383979472,1.04819667939,0.372175490405,-0.349994533708,0.694619978971,-0.182882191824,0.601299438802,411
1453147215,401538123,2.90539403585,1.01004733198,0.379340940778,-0.365974380507,0.682494425423,-0.174919220164,0.608002778362,412
1453147215,376370609,2.90306300044,1.0345575518,0.375544621222,-0.355382110383,0.689258232514,-0.173011282986,0.607201564961,413
1453147215,418558303,2.90563568433,0.991323763201,0.380729633573,-0.380040522111,0.675859232651,-0.181509653368,0.604845223944,414
1453147215,435092038,2.90497290263,0.972807808274,0.382166457599,-0.39096002227,0.67076892117,-0.188315059599,0.601462179782,415
1453147215,451737242,2.90813157244,0.954477964848,0.382821871669,-0.397948613845,0.667689401474,-0.205640122123,0.594592216625,416
1453147215,444183906,2.90918110275,0.963714623396,0.382025252686,-0.391740041811,0.669134117428,-0.199014969895,0.599326550633,417
1453147215,460077684,2.9080937034,0.945194708299,0.383624862748,-0.402765746761,0.667232188292,-0.21429949584,0.588775582226,418
1453147215,493211156,2.90370404933,0.904668309781,0.385900072444,-0.437387449082,0.654060530966,-0.252383414361,0.563204805886,419
1453147215,501496357,2.90294558368,0.893927649284,0.386345254874,-0.446515023238,0.647466116693,-0.262241300973,0.559143507358,420
1453147215,509918937,2.90166295633,0.883495924726,0.386626899092,-0.457179851535,0.642334645202,-0.266312264406,0.554500283815,421
1453147215,526549473,2.89983407672,0.862277541962,0.388069805239,-0.47710053674,0.628115012343,-0.285481402255,0.54437760615,422
1453147215,551537078,2.89719675271,0.831472784038,0.391686690231,-0.511311620779,0.603428999968,-0.312256163888,0.526241348213,423
1453147215,584885659,2.89351016527,0.792797437974,0.39919521281,-0.550589334199,0.570604462509,-0.340807280616,0.505086457856,424
1453147215,576381436,2.89416291152,0.801719902295,0.397020029927,-0.543584580032,0.577640893281,-0.332516608938,0.510175957432,425
1453147215,568438946,2.8952439927,0.81135651517,0.395147541132,-0.532942310093,0.586427142175,-0.325599311706,0.515810807613,426
1453147215,593205081,2.89279966521,0.783108728199,0.401706593638,0.562854912278,-0.559514345297,0.349344846143,-0.498092585374,427
1453147215,612259527,2.89080625434,0.76494490287,0.406695002728,0.58349321453,-0.540695378058,0.362233388953,-0.485768616393,428
1453147215,668274468,2.88564576685,0.712075419787,0.425079766804,0.637789675835,-0.479764038757,0.401391079894,-0.449372893593,429
1453147215,685000825,2.88362677239,0.69914168456,0.429231052292,0.649922892051,-0.464124375372,0.410586612989,-0.440008445156,430
1453147215,701900250,2.88135771365,0.689283914404,0.432202978567,0.651641374017,-0.45854669079,0.422091971669,-0.432361907997,431
1453147215,709881852,2.88017653512,0.683318816848,0.433663354682,0.657103630675,-0.452382182895,0.425337055405,-0.427379887749,432
1453147215,693209271,2.88250896648,0.694437352532,0.430606957482,0.649219973175,-0.462680617072,0.416518904628,-0.436980634702,433
1453147215,743101369,2.87395362053,0.666090568762,0.435602301636,0.651017598372,-0.454879036484,0.441421074961,-0.417622536936,434
1453147215,735014167,2.87564819633,0.669654981766,0.43569626879,0.656103436622,-0.450697441388,0.437618383844,-0.418198812649,435
1453147215,768104125,2.86921540186,0.65549912272,0.432850021165,0.641210853048,-0.463856917093,0.449150390573,-0.414667733307,436
1453147215,793113240,2.86497116426,0.647958263979,0.42740740905,0.626233259928,-0.479048983251,0.451858837801,-0.417333878936,437
1453147215,809799997,2.86242925719,0.644199090177,0.422888901935,0.616730741098,-0.488060438726,0.453730340333,-0.419009521844,438
1453147215,826433954,2.86067498059,0.639900815834,0.419365203768,0.609224710231,-0.493845835308,0.455303850751,-0.421497267943,439
1453147215,859878358,2.85516075596,0.628496829872,0.415176992552,0.601884866642,-0.501378198474,0.454243990605,-0.42428399263,440
1453147215,836012267,2.85951026932,0.637386572067,0.41789595114,0.607338524041,-0.495515697715,0.454587990013,-0.423029395988,441
1453147215,877245161,2.85304397245,0.621819412756,0.413150896616,0.596946129714,-0.504898872533,0.451844504604,-0.429614932694,442
1453147215,851539380,2.8565642617,0.63161432712,0.41612910543,0.603009618821,-0.499391461744,0.4554047643,-0.423785403477,443
1453147215,918271257,2.85290316049,0.603748511601,0.407410803248,0.59455645451,-0.501786940547,0.429096413093,-0.458899506393,444
1453147215,801335374,2.86356415558,0.646006958158,0.425128809286,0.621243257861,-0.483766283476,0.452941959694,-0.418175296595,445
1453147215,951409129,2.85441590109,0.591692531501,0.403477080831,0.594716847147,-0.494913864911,0.410219065527,-0.482796495758,446
1453147215,943053528,2.85445920464,0.594388463266,0.404442089803,0.597297197152,-0.494439339766,0.413408440817,-0.477346057518,447
1453147215,977188241,2.85330610186,0.584762708062,0.400192624233,0.587986844132,-0.495898490486,0.407270618148,-0.492429489221,448
1453147215,984959131,2.85238767739,0.583670858068,0.398897524649,0.586865102032,-0.496411830674,0.402320952983,-0.49729518113,449
1453147216,36299314,2.84837934462,0.575482039774,0.393438201641,-0.579424540865,0.490924097092,-0.395747502385,0.516376458307,450
1453147216,85263990,2.84341628102,0.569052501464,0.389599373534,-0.575901139719,0.47954289591,-0.387995819796,0.536503245165,451
1453147216,51729139,2.84683703989,0.573074880713,0.392051841139,-0.577597457834,0.488114042456,-0.390841542769,0.524755892494,452
1453147216,62021230,2.84609962968,0.571805067572,0.391423369242,-0.578107858795,0.484979407369,-0.390087390726,0.527653395349,453
1453147216,110437368,2.83969866182,0.567110691223,0.387869864757,-0.570000602279,0.479307099482,-0.388079553764,0.542916455579,454
1453147216,126652840,2.83708280858,0.565974574939,0.387316967174,-0.565626008162,0.478965986978,-0.390886279927,0.545771672381,455
1453147216,118395501,2.83841430109,0.566408088636,0.387704569404,-0.569034063992,0.478536486436,-0.389364779458,0.543689372421,456
1453147216,143392396,2.83376179134,0.565430786506,0.386406678066,-0.562017709618,0.479124421315,-0.392982349599,0.547851034386,457
1453147216,44811851,2.84783598355,0.573912515008,0.392908919206,-0.577744586523,0.490138628277,-0.394719143137,0.519780834444,458
1453147216,186013735,2.82444542307,0.563226932821,0.385176159116,-0.549808049679,0.483982777441,-0.40389396593,0.548034163109,459
1453147216,177117422,2.82638395083,0.563979039837,0.385216397575,-0.551673675946,0.483730011313,-0.401240690261,0.548331414294,460
1453147216,135113551,2.83542596733,0.565728885692,0.386836670274,-0.563223623925,0.479808177728,-0.390699180686,0.54764716036,461
1453147216,218675917,2.81569793348,0.561923193066,0.385036217448,-0.533369103683,0.496789912071,-0.415794402353,0.543904584898,462
1453147216,227163030,2.81352790896,0.561534747785,0.385065196672,-0.531001704893,0.498359551921,-0.418830642993,0.542453536168,463
1453147216,268511789,2.8033366846,0.559605672987,0.385015144403,-0.512168759013,0.512759340107,-0.432491169628,0.536388301157,464
1453147216,235617386,2.81139727662,0.561135841922,0.385092441204,-0.527200239881,0.501684277745,-0.421798733934,0.540794434684,465
1453147216,210207382,2.81816951369,0.562088189241,0.385015461829,-0.536943544382,0.493338049773,-0.413986764696,0.544907476045,466
1453147216,302029525,2.79710123093,0.55836558605,0.384735432006,-0.503203725618,0.51930768975,-0.438333767017,0.533824917536,467
1453147216,293614280,2.79847253923,0.5585183676,0.38483319555,-0.505849843909,0.517698557339,-0.43773671088,0.533376706554,468
1453147216,319096149,2.79470009633,0.557696660059,0.384445199168,-0.499743068495,0.520182412446,-0.442745766249,0.532581739963,469
1453147216,335482728,2.79230772173,0.556519297863,0.384017709176,-0.500405334222,0.521023850231,-0.444306891636,0.529830194512,470
1453147216,368773622,2.78843968801,0.555836966881,0.38347069772,-0.492100905492,0.525102426782,-0.446975739912,0.531334949097,471
1453147216,351922597,2.79033344889,0.555848651525,0.38402041098,-0.495824741937,0.522730003408,-0.447071982017,0.53012999511,472
1453147216,385526380,2.7866804715,0.555796774863,0.383176932008,-0.48641866072,0.528159336747,-0.447391546414,0.533184213671,473
1453147216,413976294,2.78398988926,0.555511493625,0.382501967309,-0.481039167097,0.532093573627,-0.451316214943,0.530840298727,474
1453147216,418718518,2.78320678015,0.555403670499,0.382317710554,-0.479582761726,0.533113028481,-0.451713022191,0.530797719572,475
1453147216,343583618,2.79137193538,0.556059712464,0.384110207838,-0.49735850728,0.521731076117,-0.446566506528,0.530103343413,476
1453147216,468416035,2.7794609476,0.553744581908,0.380545174167,-0.469995535484,0.541024247724,-0.453106272222,0.530180786216,477
1453147216,476556036,2.77925061541,0.553794852565,0.38025078202,-0.465563763549,0.543503215164,-0.45219744403,0.532327069374,478
1453147216,460033546,2.78007677707,0.554058438763,0.380898018266,-0.470213587586,0.540455280188,-0.45331025053,0.53039333417,479
1453147216,401985316,2.78499329345,0.555507658141,0.382863028296,-0.482622517638,0.531021947394,-0.4491452063,0.532315489642,480
1453147216,526376754,2.77621396845,0.552408981487,0.378498058838,-0.456091094515,0.551745602647,-0.452330878274,0.531934657663,481
1453147216,518150712,2.7766036078,0.55241938537,0.378816820125,-0.458921262128,0.549668639724,-0.452965455373,0.53111011844,482
1453147216,543176442,2.77527573377,0.551601857883,0.37807549129,-0.45400527328,0.55579432746,-0.453912872693,0.528142955458,483
1453147216,568116139,2.77444044879,0.550034849579,0.377253188807,-0.447635893778,0.561657157631,-0.4535524032,0.527686991914,484
1453147216,584517875,2.77454874681,0.548958124485,0.376753704297,-0.444072895664,0.563911361141,-0.45262905008,0.529084287365,485
1453147216,609301610,2.77558218259,0.546361203338,0.375445188908,-0.44116877856,0.566996820778,-0.44788497067,0.532244086017,486
1453147216,576326051,2.77442580339,0.549402201931,0.377054078532,-0.445660545659,0.562999797569,-0.453671559424,0.527825749797,487
1453147216,601041832,2.77515512374,0.547171985676,0.375870902998,-0.442663696467,0.566209530502,-0.450254953632,0.529835914345,488
1453147216,659294415,2.77737089506,0.540407444466,0.373027950225,-0.432487403754,0.574214691937,-0.438937719145,0.539041567849,489
1453147216,651191081,2.77730711764,0.541256924954,0.373432294875,-0.435800646366,0.57214369388,-0.441286305959,0.536652388753,490
1453147216,701142822,2.77665525946,0.533073353494,0.370864012464,-0.425584229548,0.58444334158,-0.433912988688,0.537609116637,491
1453147216,710138380,2.7766451485,0.531482141305,0.370215611988,-0.423448253601,0.587283912724,-0.432642141697,0.537224310326,492
1453147216,667731661,2.77699291248,0.538944307319,0.372547494728,-0.432643901138,0.575919765863,-0.43836960607,0.53755722167,493
1453147216,743023982,2.7771868828,0.524876603698,0.368348286805,-0.415200798528,0.594265686994,-0.421930541684,0.544454964306,494
1453147216,751139538,2.77715826907,0.522951499989,0.367901066505,-0.412313335731,0.595839960195,-0.419619649744,0.546709982131,495
1453147216,784472478,2.77646560368,0.515944968247,0.365821550499,-0.402542181287,0.605709090492,-0.411409465927,0.549380142821,496
1453147216,801129900,2.77568252687,0.512262047418,0.364481194361,-0.39606347282,0.611389801063,-0.406960604607,0.551107342495,497
1453147216,721537314,2.77693360354,0.530106886198,0.369768899316,-0.421939015924,0.588450343763,-0.429878429172,0.539349789931,498
1453147216,809892747,2.77533539094,0.510219993175,0.363847536815,-0.392564257669,0.613845309688,-0.405378697634,0.552046511519,499
1453147216,834580662,2.77483375601,0.504326406669,0.362287412916,-0.387088765554,0.617674646682,-0.398405483305,0.556698652145,500
1453147216,851295284,2.77547756681,0.500021955293,0.361205975742,-0.384036852855,0.619519268043,-0.392916052411,0.560650111862,501
1453147216,843036484,2.77509694615,0.502189606349,0.361748144128,-0.385539330612,0.618710547876,-0.39578128715,0.558492484497,502
1453147216,868147286,2.77687199203,0.495576273028,0.360283161421,-0.380271065464,0.621428863029,-0.387411623157,0.564917975646,503
1453147216,901648402,2.7810689663,0.485737665906,0.359123698159,-0.375363255751,0.621386260914,-0.376199063422,0.57572198643,504
1453147216,826217725,2.7749996063,0.506213178401,0.362605874502,-0.386841918169,0.619173927019,-0.400473739917,0.553712707172,505
1453147216,930139874,2.78321087547,0.478637855886,0.35919990118,-0.372075297562,0.622338669978,-0.370575492504,0.580455301595,506
1453147216,968247300,2.78082727597,0.467515344292,0.361399386031,-0.353190903903,0.638454075081,-0.363693145063,0.5791026469,507
1453147216,943200051,2.7830514721,0.474432706608,0.359755537115,-0.363724048307,0.627693879654,-0.36569141238,0.583073752659,508
1453147216,959694676,2.78182609214,0.469950489038,0.360769053791,-0.357862946089,0.634047668852,-0.364421295429,0.580615866884,509
1453147217,1653082,2.7750330163,0.456516148717,0.364590017913,-0.333853006638,0.657581999884,-0.359660359146,0.571640192294,510
1453147216,993390368,2.77658759001,0.459429911233,0.363481893506,-0.342667486557,0.651101749169,-0.361677551217,0.572568646393,511
1453147217,28811352,2.77117943337,0.444479353535,0.368031055074,-0.323883220391,0.669022885892,-0.353539987841,0.567906255204,512
1453147217,60392602,2.76734169463,0.422977634583,0.373426337959,-0.306353543764,0.682545910657,-0.338979455579,0.570413459487,513
1453147217,52052156,2.76858055513,0.429454547854,0.372050023037,-0.30902223254,0.679606805815,-0.342250616547,0.570529898217,514
1453147217,77160026,2.76422738971,0.40962726527,0.376368010302,-0.294340490366,0.690432829407,-0.331272096752,0.571773540593,515
1453147217,68722292,2.7658292555,0.416421082916,0.374935459332,-0.300059603885,0.68573949115,-0.335409596078,0.572036700967,516
1453147217,93554916,2.75981825911,0.394530352836,0.379412772293,-0.283806081743,0.699313604869,-0.322804138025,0.571149786382,517
1453147217,85199805,2.76213604217,0.402256657473,0.377876739636,-0.289834532806,0.694706857084,-0.326802506519,0.571470426223,518
1453147217,168892214,2.73033500319,0.304177115914,0.39365573208,-0.212809762444,0.747320299291,-0.275365831935,0.566037131183,519
1453147217,143460209,2.73761233041,0.338645108326,0.388824152399,-0.2386608961,0.736399679022,-0.290237938766,0.562599705218,520
1453147217,118710206,2.75105561711,0.367811413627,0.384030778404,-0.257625323284,0.71875003247,-0.311413439877,0.565728957268,521
1453147217,160215412,2.73229539129,0.316069844766,0.391798091604,-0.221039605213,0.745206600392,-0.280264113023,0.563258948097,522
1453147217,151805055,2.73509717095,0.327387121963,0.390307743913,-0.228692596357,0.740893996356,-0.286099140935,0.562959202867,523
1453147217,202105862,2.72033397779,0.243919140326,0.407469621719,-0.188525359537,0.753082309416,-0.258465087418,0.574909577797,524
1453147217,101852825,2.75713557571,0.386112393534,0.381010963547,-0.275604959519,0.705816228386,-0.318548013049,0.569554669385,525
1453147217,237401689,2.72173997877,0.194775778732,0.411318224898,-0.15446780589,0.749225213933,-0.26224513268,0.588242098235,526
1453147217,260105694,2.71692796718,0.154337834926,0.419459041924,-0.145611663168,0.746940664025,-0.263089005257,0.59301017132,527
1453147217,243548492,2.72049137084,0.180943962107,0.413899581845,-0.152372109309,0.747914565051,-0.263507747103,0.589889998988,528
1453147217,277140051,2.71197728085,0.127151448769,0.423908443575,-0.145346545791,0.747016177278,-0.268667721449,0.590473426975,529
1453147217,269024983,2.71459987418,0.140812997774,0.421823695355,-0.14512856985,0.746941777689,-0.264749276653,0.592387963642,530
1453147217,318921969,2.69572512577,0.0553574115241,0.431960117407,-0.151629573522,0.749488356159,-0.299947526784,0.570357043958,531
1453147217,359638106,2.67730462597,-0.0197596516112,0.437458866536,-0.181079072066,0.74792962319,-0.344485796227,0.537718499414,532
1453147217,368327618,2.67343880398,-0.0357061449654,0.438191733349,-0.190054981268,0.745554025279,-0.354414665453,0.531430658127,533
1453147217,343056948,2.6847854843,0.0111309488347,0.435885426387,-0.164583882907,0.750705668928,-0.32522171884,0.550984553069,534
1453147217,376475930,2.66951850372,-0.0516460086745,0.439081745857,-0.198290000698,0.743150209808,-0.36485377089,0.524681395852,535
1453147217,393007221,2.66272310939,-0.0830569588717,0.441383366603,-0.21764878288,0.737788243988,-0.384777737878,0.510140771531,536
1453147217,410122734,2.6560223471,-0.113978746334,0.444287291343,-0.237925216855,0.731672277001,-0.406793780892,0.492509989828,537
1453147217,426805580,2.6491572302,-0.144279334765,0.447568689786,-0.256622908903,0.725656390625,-0.425756184552,0.475709109316,538
1453147217,401619488,2.65943667105,-0.0986140952086,0.442777334669,-0.227647827867,0.734549121292,-0.396562915883,0.501350085891,539
1453147217,337241121,2.68800456875,0.0262470584366,0.434643301956,-0.160223992564,0.751504341513,-0.316095162655,0.556465043862,540
1453147217,477540031,2.63303447087,-0.232994914589,0.460278789688,-0.323949102852,0.693199931859,-0.475937456469,0.433606239302,541
1453147217,468893540,2.63503809049,-0.21871184936,0.458072356469,-0.313509607706,0.699680832808,-0.468953239808,0.438453323571,542
1453147217,510963415,2.62776800215,-0.287368362366,0.470149694264,-0.367701111901,0.664506038545,-0.498660477139,0.417810178889,543
1453147217,485991944,2.63136277603,-0.247000788381,0.462608252594,-0.334990896079,0.686463037553,-0.482393284274,0.428773036588,544
1453147217,544583818,2.6252224063,-0.336544664383,0.480691602539,-0.407828082167,0.636537755945,-0.516300869353,0.402404464386,545
1453147217,527299640,2.6262322623,-0.312761272332,0.475512796078,-0.388320424151,0.650146282846,-0.507068155953,0.411581030062,546
1453147217,560556308,2.62457337882,-0.358817823829,0.485498655208,-0.426751395197,0.622723880007,-0.525830891858,0.39191847256,547
1453147217,568822442,2.62423396592,-0.369551721527,0.487832576685,-0.434841107969,0.616228659441,-0.530592568129,0.386842315098,548
1453147217,593908313,2.62418733908,-0.399549795473,0.49437712964,-0.446755649484,0.601829576325,-0.547236775371,0.372481492689,549
1453147217,635571431,2.62593401617,-0.443285066058,0.502038823899,-0.473099638364,0.572184773002,-0.571832980299,0.348981891173,550
1453147217,643849788,2.62673195407,-0.451211810013,0.502514764118,0.476824533877,-0.567017517037,0.575501298264,-0.346305869086,551
1453147217,602153914,2.62404948349,-0.40856275519,0.496179466986,-0.458988275673,0.593039645302,-0.550654989459,0.366623545996,552
1453147217,660516987,2.62888314457,-0.466528140501,0.502221982081,0.479202911882,-0.559042755876,0.583484471139,-0.342610038214,553
1453147217,677203256,2.63142947422,-0.48066404127,0.50042598815,0.48427835728,-0.549992832358,0.588734197501,-0.341136925175,554
1453147217,685502146,2.6327980782,-0.487463869385,0.499168981182,0.486322454928,-0.54593806378,0.591033396739,-0.340766231143,555
1453147217,702269571,2.63553713833,-0.500197023506,0.495775217462,0.494674475467,-0.537036672938,0.592271051857,-0.340740042222,556
1453147217,693923748,2.63419987659,-0.49405144007,0.497710981789,0.488887295832,-0.542179593696,0.592507078052,-0.340537608219,557
1453147217,627193341,2.62518963578,-0.435152730138,0.501109403173,-0.468742579278,0.577989373785,-0.567623131281,0.352154311343,558
1453147217,752168512,2.64503019152,-0.533113291901,0.479645261425,0.500770404603,-0.523403130805,0.596654005348,-0.345372498094,559
1453147217,795451317,2.653528582,-0.554336645174,0.46031477153,0.511240400936,-0.517731039853,0.587400505201,-0.354328194353,560
1453147217,810682163,2.65779173323,-0.562003291193,0.452564446797,0.520384768414,-0.513077498215,0.579898350679,-0.360095926815,561
1453147217,785456959,2.65153853491,-0.550381561794,0.464270342864,0.507890186219,-0.519260933073,0.59063506052,-0.351519369895,562
1453147217,860631944,2.66972703069,-0.577942802513,0.433840697778,0.550378464027,-0.49331978792,0.556322231374,-0.37976928267,563
1453147217,777275890,2.64995992811,-0.546154584234,0.468230045509,0.505529833232,-0.520162177101,0.592668601838,-0.350163998181,564
1453147217,884860792,2.67760028659,-0.587246009034,0.419084688215,0.560808020748,-0.482476609862,0.547242934033,-0.391453516973,565
1453147217,820250699,2.65989784326,-0.565510799709,0.448659085367,0.52791576668,-0.509006438234,0.574341486727,-0.363798358644,566
1453147217,918305198,2.68181225519,-0.594199783287,0.404462991696,0.559834194859,-0.47680219281,0.55145100771,-0.393887203771,567
1453147217,909861108,2.68119907681,-0.592580041286,0.408137531427,0.560945364211,-0.47780830202,0.548921010854,-0.394620385604,568
1453147217,951576048,2.68270910779,-0.598378413727,0.389807085028,0.543072796123,-0.480737064469,0.566848667085,-0.390699886846,569
1453147217,943187691,2.68277797609,-0.597450605636,0.39346296586,0.548368090075,-0.479072538561,0.561853539052,-0.392558965301,570
1453147217,934643379,2.68254809734,-0.596464153276,0.397016517663,0.553374866273,-0.478055066255,0.556810702809,-0.393956155229,571
1453147218,18285433,2.67916214372,-0.605492259482,0.359684605949,0.49805576707,-0.50288879577,0.595411012838,-0.380169748624,572
1453147218,9777788,2.67959114404,-0.604617181064,0.363531323587,0.502743062465,-0.500121956536,0.594157716979,-0.379610391175,573
1453147217,968426583,2.68205717237,-0.600482358031,0.382646289723,0.532625607795,-0.484348789107,0.576611291069,-0.386310278693,574
1453147218,1572276,2.68026527563,-0.603420165808,0.367476254894,0.507900511808,-0.496886017829,0.590736948958,-0.382323439677,575
1453147218,51529884,2.67775729403,-0.60864825039,0.343654332388,0.486574144565,-0.512539600706,0.592253745295,-0.387019716207,576
1453147218,68047486,2.67632595307,-0.609840684127,0.335420565803,0.483459846485,-0.516264278321,0.588634645951,-0.391467783289,577
1453147217,977494983,2.68156759557,-0.60112642207,0.378886690021,0.526635690004,-0.48731876069,0.580620201578,-0.384779751304,578
1453147218,84728374,2.67291462723,-0.612016080397,0.328936813211,0.479313463983,-0.516209760042,0.595022089744,-0.386955810913,579
1453147218,26544234,2.67872865592,-0.606297300948,0.355675762758,0.494714390407,-0.505283593557,0.59571020263,-0.380887800393,580
1453147218,126542559,2.65820955704,-0.624734373785,0.324045760236,0.463102568178,-0.526975929049,0.608620141263,-0.370693815972,581
1453147218,143032784,2.65290242971,-0.631175504546,0.321639681173,0.451485407662,-0.534845342041,0.61126787785,-0.369395409113,582
1453147218,168077587,2.64810365948,-0.641302399455,0.319228820716,0.439763057268,-0.544754077353,0.606920346385,-0.376163716768,583
1453147218,159946875,2.64919772195,-0.637881305933,0.319863945451,0.443706690435,-0.540622026489,0.609275297216,-0.373678751792,584
1453147218,184742344,2.64809102129,-0.647492257458,0.318230806963,0.434905607271,-0.547375395061,0.601791110944,-0.386114942,585
1453147218,118194291,2.66159017369,-0.622154747473,0.324844428659,0.466731895101,-0.522810395317,0.60677204581,-0.375044414792,586
1453147218,210073634,2.64822576291,-0.655832843682,0.316287924421,0.464819798952,-0.538918318673,0.575731094302,-0.402546031349,587
