1,1445361952,148000000,3.05259672157,-0.656972840002,-0.0222533730374,-0.0412829770666,0.106796585714,-0.930644631066,0.347549673792,0
1,1445361953,770000000,3.17050998379,-0.980903227404,0.0244559987223,-0.0414544299882,0.1080214024,-0.931010092922,0.346169198132,151
1,1445361955,355000000,3.24744909915,-0.740957068692,0.0172423567066,-0.0361993534195,0.105324345014,-0.929785520771,0.350849361584,294
1,1445361957,266000000,3.33627170714,-1.36580608592,-0.115212983208,-0.0369728039669,0.104506418308,-0.930281897715,0.349695597747,462
1,1445361960,676000000,3.34777148598,-1.51378962694,-0.322025951375,-0.0371624376756,0.104204562401,-0.930235836901,0.349888053735,761
1,1445361961,943000000,3.5950886183,-1.20417148129,-0.522138632358,-0.0366390937256,0.104166585582,-0.930566511973,0.349074298757,869
1,1445361963,363000000,3.45808169971,-0.95036317003,-0.632020812558,-0.0381913030132,0.105219841316,-0.930205581344,0.349553695165,992
1,1445361964,856000000,3.52712516591,-0.832310169604,-0.551152949609,-0.0372295204977,0.105693008273,-0.930148902986,0.349665510281,1128
1,1445361965,754000000,3.61604556665,-1.39577797027,-0.266558805377,-0.0350887364647,0.104558912962,-0.930614280664,0.34898893237,1206
1,1445361966,370000000,3.61539235696,-1.55978033767,-0.341433858255,-0.0373724771997,0.104202652713,-0.929429687407,0.352002217724,1263
1,1445361967,748000000,3.56604867877,-1.84441152254,-0.537266947147,-0.0464638598841,0.109179301723,-0.932102877122,0.342206394244,1384
1,1445361969,358000000,3.73147500853,-1.11012640118,-0.411168740388,-0.0429082500404,0.106547617515,-0.929390377703,0.350770598986,1527
1,1445361970,949000000,3.7102183722,-1.03998035755,-0.335736494796,-0.0419173126164,0.106536158557,-0.928391261828,0.353528854246,1667
1,1445361972,565000000,3.70327957527,-0.990521524371,-0.380804596284,-0.0431804476128,0.10961132501,-0.928097294687,0.353208462481,1813
1,1445361974,861000000,2.99925150251,-0.979346566245,-0.329004256599,-0.0409065903873,0.111621219055,-0.930976747288,0.345180605378,2019
1,1445361977,582000000,3.02456205049,-1.17940863295,-0.533166227236,-0.0612238691536,0.116268358305,-0.93223736873,0.337145065284,2259
1,1445361978,886000000,3.23300822569,-0.91999566031,-0.643797628929,-0.0601790344972,0.114020054281,-0.928119223767,0.3492457838,2377
