0,1445364709,419000000,0.0,0.0,0.0,-0.0797399667325,-0.0797399667325,0.702596283584,0.702596283584,2
1,1445364715,271000000,3.91723498032,-0.949728182993,-0.978160847617,-0.0609578390759,0.12526747396,-0.905891609507,0.399940737669,2
1,1445364716,480000000,5.02495329885,-2.2691849447,-1.25848511793,-0.0614589756703,0.122412833686,-0.906576015519,0.399196468601,111
1,1445364716,986000000,4.98172596839,-2.45362510378,-1.12120342175,-0.063621388827,0.113138582422,-0.911642091679,0.389949582292,152
1,1445364718,978000000,7.39998861316,-4.21420222318,-1.16424852661,-0.0574102476185,0.120559221228,-0.914549123713,0.381797640068,332
1,1445364720,164000000,7.24400254269,-4.0646018344,-0.559614891307,-0.054430415819,0.120845318762,-0.914534140514,0.382179335654,438
1,1445364721,182000000,9.12789815009,-5.00278101038,-0.201595198631,-0.0451241767079,0.118476216189,-0.919852919399,0.371211262688,519
1,1445364722,279000000,8.71018585283,-4.61708668712,-0.285073316467,-0.0434690963764,0.121648132484,-0.920793712801,0.368036829664,615
1,1445364722,708000000,11.3363064923,-8.3703281203,0.744158936667,-0.0469152395485,0.12081623421,-0.919803172745,0.370357288652,651
1,1445364723,375000000,11.3363064923,-8.3703281203,0.744158936667,-0.0469152395485,0.12081623421,-0.919803172745,0.370357288652,703
1,1445364723,567000000,12.747943046,-11.8441490913,1.24603065367,-0.0462544369168,0.12270001529,-0.919366340347,0.37090533233,721
1,1445364724,679000000,13.5221170487,-14.2058192048,1.77553606343,-0.0460424738749,0.123000895104,-0.919580884034,0.370299700408,819
1,1445364725,86000000,14.0104720516,-14.9108924102,2.04653071697,-0.0456169853372,0.123001020163,-0.919644794033,0.370193587863,856
1,1445364727,265000000,14.8627704513,-16.9017006787,2.04795058172,-0.0450864477915,0.121974755663,-0.919651713265,0.37058075705,1048
1,1445364728,506000000,18.6299344544,-19.0814677342,2.78538692469,-0.0463342719736,0.120609742725,-0.920745517622,0.368149585058,1158
1,1445364728,761000000,19.0230776699,-19.4757371041,2.48606319786,-0.0470634530281,0.124435564543,-0.920196616117,0.368156229546,1172
1,1445364728,919000000,19.0992289008,-19.4544058594,2.46703354042,-0.0472423008501,0.124265490668,-0.920279690793,0.367983075092,1188
1,1445364729,89000000,19.0992289008,-19.4544058594,2.46703354042,-0.0472423008501,0.124265490668,-0.920279690793,0.367983075092,1203
