0,1445360709,684000000,0.0,0.0,0.0,-0.0797399667325,-0.0797399667325,0.702596283584,0.702596283584,0
2,1445360709,683000000,0.0,0.0,0.0,-0.0797399667325,-0.0797399667325,0.702596283584,0.702596283584,0
1,1445360714,159000000,-2.00525510399,6.16278352367,-1.72209848001,0.444600687022,0.503008898122,0.426483582947,0.606155121225,1
0,1445360714,201000000,0.0,0.0,0.0,-0.0797399667325,-0.0797399667325,0.702596283584,0.702596283584,1
1,1445360717,670000000,-13.8393258983,14.5546148528,-2.24540095444,0.56869073675,0.204455432499,0.107444457736,0.78945836531,2
1,1445360717,720000000,-4.63208255091,6.35884174407,1.37981878791,0.54654282449,0.0502644174566,-0.193971732986,0.81310478792,2
1,1445360717,598000000,-13.5526926078,14.3136239756,-2.20202583582,0.58817484389,0.215489435192,0.10434396798,0.772481062992,3
1,1445360717,720000000,-4.63208255091,6.35884174407,1.37981878791,0.54654282449,0.0502644174566,-0.193971732986,0.81310478792,3
1,1445360717,703000000,-13.4705160425,14.2696576775,-2.12515196366,0.600945541191,0.227826428492,0.101678088695,0.75935574093,4
1,1445360717,746000000,-4.64572638539,6.41341969556,1.37154638781,0.542172366403,0.0508234011651,-0.193311530338,0.816147510712,4
1,1445360717,748000000,-14.3026932174,15.0077564604,-2.21446709443,0.558453565853,0.198716472349,0.104899514097,0.798522053763,5
1,1445360717,758000000,-4.67367677374,6.52211316253,1.35349455481,0.532939681542,0.0522299196732,-0.191689765605,0.82249763835,5
1,1445360717,767000000,-14.4209402352,15.1042474321,-2.22964378658,0.546465407433,0.195658101839,0.109096317311,0.806964348168,6
1,1445360717,758000000,-4.67367677374,6.52211316253,1.35349455481,0.532939681542,0.0522299196732,-0.191689765605,0.82249763835,6
1,1445360717,582000000,-13.4782055277,14.2510036078,-2.19890678803,0.591571752539,0.220928431441,0.106506827409,0.768042827903,7
1,1445360717,766000000,-4.68793904745,6.57621748153,1.34365617365,0.528222530289,0.0531069378853,-0.190537587663,0.825745747389,7
1,1445360717,556000000,-13.3955559597,14.1822116696,-2.19838736859,0.594597811894,0.226319692107,0.10861480539,0.763829603449,8
1,1445360717,768000000,-4.70245643794,6.63014039638,1.3332616117,0.523220436496,0.0530082946547,-0.190269032005,0.828992274386,8
1,1445360717,796000000,-14.5393773976,15.1995705297,-2.24950234041,0.534187014682,0.191077204128,0.112890984666,0.81571401912,9
1,1445360717,800000000,-4.75560109777,6.85341247338,1.2916941466,0.501919224952,0.0534663206045,-0.186891488813,0.842787052341,9
1,1445360717,802000000,-14.6248764964,15.2765612072,-2.26045898057,0.524370379277,0.186779801097,0.115664763212,0.822660728241,10
1,1445360717,800000000,-4.75560109777,6.85341247338,1.2916941466,0.501919224952,0.0534663206045,-0.186891488813,0.842787052341,10
1,1445360717,721000000,-14.2633871728,14.9752830974,-2.21033065415,0.562194091997,0.199349667777,0.10327282692,0.795947382747,11
1,1445360717,800000000,-4.75560109777,6.85341247338,1.2916941466,0.501919224952,0.0534663206045,-0.186891488813,0.842787052341,11
1,1445360717,757000000,-14.3420642034,15.0400651003,-2.21904989271,0.554548341873,0.197885423102,0.106368884896,0.801250994492,12
1,1445360717,800000000,-4.75560109777,6.85341247338,1.2916941466,0.501919224952,0.0534663206045,-0.186891488813,0.842787052341,12
1,1445360717,622000000,-13.6608703427,14.4046342392,-2.21426212847,0.582088467423,0.208512108208,0.102470241687,0.779227544683,13
1,1445360717,846000000,-4.76451486807,6.91579200769,1.28420911022,0.495723167258,0.0532370627972,-0.185944104505,0.846669443518,13
1,1445360717,852000000,-14.7541552964,15.4119788984,-2.27323070717,0.510147814992,0.178745437742,0.118414266438,0.832932972603,14
1,1445360717,856000000,-4.80212953612,7.16385569738,1.24554588087,0.468758452268,0.0474436725832,-0.184022645678,0.862641453465,14
1,1445360717,761000000,-14.3814891777,15.0722268588,-2.22409978844,0.550532494943,0.196861025243,0.107739234384,0.804084551603,15
1,1445360717,856000000,-4.80212953612,7.16385569738,1.24554588087,0.468758452268,0.0474436725832,-0.184022645678,0.862641453465,15
1,1445360717,607000000,-13.6250100461,14.3743928154,-2.20948920584,0.584268949627,0.210541379389,0.102753688556,0.777009524752,16
1,1445360717,856000000,-4.80212953612,7.16385569738,1.24554588087,0.468758452268,0.0474436725832,-0.184022645678,0.862641453465,16
1,1445360717,859000000,-14.8309900331,15.4937532984,-2.28427883298,0.501138741589,0.170506166879,0.119230964585,0.839983086627,17
1,1445360717,880000000,-4.83084996676,7.34824712392,1.2059011274,0.445584349869,0.0361219697333,-0.183674621196,0.875450412064,17
1,1445360717,897000000,-15.1340579363,16.2127581108,-2.35762626991,0.47072688143,0.137437392123,0.115661789873,0.863799465564,18
1,1445360717,898000000,-4.53394155779,7.87220127626,1.16659698049,0.398645655265,0.00533204177572,-0.192648841951,0.89662680897,18
1,1445360717,902000000,-15.1739610417,16.253409469,-2.36271598923,0.465246193882,0.12993377485,0.115469030742,0.867945906247,19
1,1445360717,898000000,-4.53394155779,7.87220127626,1.16659698049,0.398645655265,0.00533204177572,-0.192648841951,0.89662680897,19
1,1445360717,907000000,-15.2134879586,16.2942939567,-2.36898113994,0.459248942575,0.121891306115,0.115235007948,0.872326665407,20
1,1445360717,898000000,-4.53394155779,7.87220127626,1.16659698049,0.398645655265,0.00533204177572,-0.192648841951,0.89662680897,20
1,1445360717,881000000,-14.9445629059,15.607936325,-2.30766777182,0.487599024017,0.152889843525,0.119498692567,0.85122966936,21
1,1445360717,898000000,-4.53394155779,7.87220127626,1.16659698049,0.398645655265,0.00533204177572,-0.192648841951,0.89662680897,21
1,1445360717,877000000,-14.9068284675,15.5702952704,-2.29891984983,0.492253562827,0.159439026969,0.119540875555,0.847334411926,22
1,1445360717,898000000,-4.53394155779,7.87220127626,1.16659698049,0.398645655265,0.00533204177572,-0.192648841951,0.89662680897,22
1,1445360717,879000000,-14.9068284675,15.5702952704,-2.29891984983,0.492253562827,0.159439026969,0.119540875555,0.847334411926,23
1,1445360717,905000000,-4.54239480632,7.93306666219,1.15009925441,0.389234674517,9.46444057291e-05,-0.192666726134,0.900764060027,23
1,1445360717,798000000,-14.5788458816,15.2311017774,-2.25723913603,0.529891707761,0.189175135358,0.114178521114,0.818773968519,24
1,1445360717,924000000,-4.55820215994,8.05368097667,1.11263291307,0.367305141698,-0.0129728311631,-0.19437936375,0.909469791407,24
1,1445360717,793000000,-14.5393773976,15.1995705297,-2.24950234041,0.534187014682,0.191077204128,0.112890984666,0.81571401912,25
1,1445360717,926000000,-4.55820215994,8.05368097667,1.11263291307,0.367305141698,-0.0129728311631,-0.19437936375,0.909469791407,25
1,1445360717,930000000,-15.291198698,16.3767211017,-2.38533047066,0.445226616907,0.104542693853,0.114613029347,0.881877507516,26
1,1445360717,954000000,-4.5722120018,8.17240116832,1.0686556901,0.341668337758,-0.0263062082101,-0.19682805221,0.918601898673,26
1,1445360717,956000000,-15.3668299448,16.4599110856,-2.40721501191,0.428149043267,0.0860542903847,0.113369829245,0.892429458093,27
1,1445360717,957000000,-4.57862774553,8.23090086414,1.04409083755,0.32723076347,-0.0341387570193,-0.19934470252,0.9230472698,27
1,1445360717,958000000,-15.4037901472,16.5017298591,-2.4203963277,0.418529594875,0.0765663597669,0.112547302293,0.897944138303,28
1,1445360717,957000000,-4.57862774553,8.23090086414,1.04409083755,0.32723076347,-0.0341387570193,-0.19934470252,0.9230472698,28
1,1445360717,643000000,-13.7322994463,14.4649575457,-2.22539765226,0.577255465983,0.20569736408,0.103220197573,0.783460472657,29
1,1445360717,994000000,-4.58440477493,8.28866669741,1.01766586124,0.312947829681,-0.0390720320392,-0.199551994366,0.927747828752,29
1,1445360718,0,-14.4179644207,15.9305074482,-2.19406685489,0.360828783779,0.0433471487231,0.113522058143,0.924681759207,30
1,1445360717,998000000,-4.00247234482,7.08324050467,1.20021298405,0.226807293128,-0.0815963018353,-0.216620807764,0.946031670165,30
1,1445360718,0,-14.4179644207,15.9305074482,-2.19406685489,0.360828783779,0.0433471487231,0.113522058143,0.924681759207,31
1,1445360717,999000000,-4.00287765725,7.14652640695,1.17327971896,0.210451159545,-0.0826788988321,-0.216939981521,0.949637590637,31
1,1445360718,0,-14.4179644207,15.9305074482,-2.19406685489,0.360828783779,0.0433471487231,0.113522058143,0.924681759207,32
1,1445360717,996000000,-4.5900055478,8.34558415656,0.98949899786,0.29742371828,-0.0452362254493,-0.201326868823,0.932180405073,32
1,1445360718,0,-14.4179644207,15.9305074482,-2.19406685489,0.360828783779,0.0433471487231,0.113522058143,0.924681759207,33
1,1445360718,10000000,-4.00335353202,7.20885892619,1.14432829415,0.195000617639,-0.0787457216632,-0.215511888158,0.953587172996,33
1,1445360718,11000000,-14.4575057923,15.9771343395,-2.20309702629,0.347321804835,0.0407800124641,0.115965515023,0.929653996816,34
1,1445360718,34000000,-4.00447687979,7.27029502706,1.11359484239,0.179680650934,-0.0762734384813,-0.214809219192,0.95695048232,34
1,1445360718,48000000,-14.5766492958,16.1138892949,-2.24011374711,0.308878583387,0.0401643261351,0.127210587785,0.941699694163,35
1,1445360718,45000000,-4.0060525933,7.33074925223,1.0811307874,0.165807048041,-0.0699896070115,-0.212170193513,0.960517197511,35
1,1445360718,48000000,-14.5766492958,16.1138892949,-2.24011374711,0.308878583387,0.0401643261351,0.127210587785,0.941699694163,36
1,1445360718,47000000,-4.00861495744,7.3902601111,1.04726722706,0.153023158069,-0.062888248962,-0.208952041593,0.963829873759,36
1,1445360718,77000000,-14.3779984323,15.8830551389,-2.18666738184,0.380829715834,0.0601243106609,0.116187623585,0.915343777458,37
1,1445360718,76000000,-4.02906839819,7.62033232914,0.901398639576,0.120888862556,-0.033438164049,-0.196305367053,0.97248751918,37
1,1445360718,73000000,-14.65743878,16.2012521941,-2.27151275058,0.288292902309,0.0457938977494,0.13675869646,0.946618814703,38
1,1445360718,76000000,-4.02906839819,7.62033232914,0.901398639576,0.120888862556,-0.033438164049,-0.196305367053,0.97248751918,38
1,1445360718,122000000,-14.9077600204,16.4866363709,-2.2530283325,0.259631547698,0.0684857478356,0.156235782827,0.950521720924,39
1,1445360718,76000000,-4.02906839819,7.62033232914,0.901398639576,0.120888862556,-0.033438164049,-0.196305367053,0.97248751918,39
1,1445360718,122000000,-14.9077600204,16.4866363709,-2.2530283325,0.259631547698,0.0684857478356,0.156235782827,0.950521720924,40
1,1445360718,110000000,-4.03485929139,7.69428088335,0.883706278672,0.11841420125,-0.0255829834322,-0.193185585854,0.973654413701,40
1,1445360718,122000000,-14.9077600204,16.4866363709,-2.2530283325,0.259631547698,0.0684857478356,0.156235782827,0.950521720924,41
1,1445360718,113000000,-4.04170411671,7.76808822967,0.865741507086,0.118935210207,-0.0188737981493,-0.190920364453,0.974190746186,41
1,1445360718,148000000,-15.0924539095,16.6814981598,-2.25550174443,0.284559691595,0.080219344509,0.152852893361,0.942988139733,42
1,1445360718,119000000,-4.04941121951,7.84188243567,0.847882276314,0.122468252559,-0.0134703066532,-0.189534943734,0.974113229074,42
1,1445360718,148000000,-15.0924539095,16.6814981598,-2.25550174443,0.284559691595,0.080219344509,0.152852893361,0.942988139733,43
1,1445360718,139000000,-4.07586610822,8.06383101249,0.79869180806,0.143251198593,-0.00560926549608,-0.188953903185,0.971464900402,43
1,1445360718,148000000,-15.0924539095,16.6814981598,-2.25550174443,0.284559691595,0.080219344509,0.152852893361,0.942988139733,44
1,1445360718,147000000,-4.08516713341,8.13820567067,0.784420067298,0.152259485724,-0.00585805029541,-0.189295953334,0.970025656519,44
1,1445360718,148000000,-15.0924539095,16.6814981598,-2.25550174443,0.284559691595,0.080219344509,0.152852893361,0.942988139733,45
1,1445360718,186000000,-4.0283300425,8.12986561915,1.50223408906,0.368121314917,0.0634812069573,-0.168479467428,0.912179534369,45
1,1445360718,177000000,-15.1384597378,16.7303087114,-2.25342412144,0.294123317492,0.0806917152662,0.150688984226,0.940357990995,46
1,1445360718,186000000,-4.0283300425,8.12986561915,1.50223408906,0.368121314917,0.0634812069573,-0.168479467428,0.912179534369,46
1,1445360718,182000000,-14.8167068088,16.3879636475,-2.24794253839,0.275934866157,0.0538363770575,0.146199351457,0.948465784189,47
1,1445360718,186000000,-4.0283300425,8.12986561915,1.50223408906,0.368121314917,0.0634812069573,-0.168479467428,0.912179534369,47
1,1445360718,189000000,-14.8656885199,16.4528542621,-2.25603277177,0.291149429793,0.056306520795,0.143857729359,0.944122099599,48
1,1445360718,206000000,-4.03415423218,8.20437804429,1.50965796067,0.382578268096,0.0590078777176,-0.172193680392,0.905815254664,48
1,1445360718,208000000,-14.9132239196,16.5180819097,-2.2608599298,0.307473058625,0.059749862064,0.141502097475,0.939077967271,49
1,1445360718,210000000,-4.0390429678,8.27869895817,1.51918091064,0.398857484258,0.0577265722855,-0.173720084589,0.898555330691,49
1,1445360718,212000000,-14.95786051,16.5825192594,-2.26172524543,0.324063449015,0.0642184265589,0.139328843669,0.933512907262,50
1,1445360718,220000000,-4.04680906737,8.42631056966,1.54573936604,0.433731361203,0.0532827820159,-0.178422216586,0.881591495012,50
1,1445360718,224000000,-15.0389597632,16.6998101072,-2.2562228579,0.357238507513,0.0742100168521,0.135074633639,0.92121027214,51
1,1445360718,220000000,-4.04680906737,8.42631056966,1.54573936604,0.433731361203,0.0532827820159,-0.178422216586,0.881591495012,51
1,1445360718,224000000,-15.0389597632,16.6998101072,-2.2562228579,0.357238507513,0.0742100168521,0.135074633639,0.92121027214,52
1,1445360718,260000000,-4.04971894277,8.49933959076,1.56314200101,0.451929017086,0.049719807743,-0.181824524917,0.871910515118,52
1,1445360718,261000000,-15.0792535391,16.75498367,-2.25129417852,0.374305623259,0.0795066544016,0.132645404595,0.914318975491,53
1,1445360718,263000000,-4.05171945198,8.57166716815,1.58335774674,0.47120236853,0.0503118304094,-0.183036584295,0.861356288897,53
1,1445360718,265000000,-15.1196844403,16.8093373891,-2.24423999078,0.391520099549,0.0851680479518,0.129898021756,0.906964673624,54
1,1445360718,265000000,-4.0532645702,8.6430433383,1.6067103024,0.48990192666,0.0475084382991,-0.186538524134,0.850260212852,54
1,1445360718,267000000,-15.1601101824,16.8631112203,-2.23474441415,0.408804238744,0.0911557906361,0.126821722773,0.89915847705,55
1,1445360718,272000000,-4.05806247337,8.71019399236,1.60964516578,0.511030812775,0.0458012949228,-0.189337983233,0.837198230936,55
1,1445360718,274000000,-15.2565200543,16.9903722362,-2.25278110815,0.430079667613,0.0985638493025,0.122733838581,0.888961783197,56
1,1445360718,275000000,-4.06174360583,8.77708693049,1.61646152974,0.532369599778,0.0437749997472,-0.192294228741,0.823218858034,56
1,1445360718,277000000,-15.2565200543,16.9903722362,-2.25278110815,0.451273029905,0.106356886379,0.118418189842,0.878076305064,57
1,1445360718,299000000,-4.06428203102,8.84356434759,1.62723407363,0.553790473487,0.0413258674319,-0.19553386057,0.808316023302,57
1,1445360718,300000000,-15.2972388026,17.0492696069,-2.25549423174,0.470306772456,0.11402059175,0.114242188094,0.867617177618,58
1,1445360718,301000000,-4.06565671371,8.90943199704,1.64199894239,0.575128619906,0.0384534442113,-0.199162690511,0.792516640772,58
1,1445360718,309000000,-15.3795497188,17.1566299868,-2.25193092695,0.506916005615,0.124455691112,0.103754783382,0.846629723744,59
1,1445360718,310000000,-4.06483016194,9.03858340294,1.68350138291,0.616666064834,0.0307819713382,-0.208014144764,0.758620821162,59
1,1445360718,309000000,-15.4208095009,17.2093829504,-2.24569725311,0.506916005615,0.124455691112,0.103754783382,0.846629723744,60
1,1445360718,347000000,-4.06252018193,9.10147834661,1.71009998302,0.636559650645,0.0255210854544,-0.213338362104,0.7406937482,60
1,1445360718,359000000,-15.5790526089,17.4194617685,-2.19152497575,0.595786732436,0.131700155603,0.0647522416021,0.789620406065,61
1,1445360718,359000000,-4.05175034756,9.34785839376,1.81220140062,0.705340837383,-0.00249760665399,-0.241068960414,0.666613697284,61
1,1445360718,359000000,-15.5790526089,17.4194617685,-2.19152497575,0.595786732436,0.131700155603,0.0647522416021,0.789620406065,62
1,1445360718,359000000,-4.05175034756,9.34785839376,1.81220140062,0.705340837383,-0.00249760665399,-0.241068960414,0.666613697284,62
1,1445360718,359000000,-15.628983268,17.4763996615,-2.20720087422,0.614850791751,0.131536855029,0.0538175208465,0.775732063346,63
1,1445360718,359000000,-4.05175034756,9.34785839376,1.81220140062,0.705340837383,-0.00249760665399,-0.241068960414,0.666613697284,63
1,1445360718,316000000,-15.4208095009,17.2093829504,-2.24569725311,0.525229275146,0.128142565967,0.0973596704979,0.835604443428,64
1,1445360718,359000000,-4.05175034756,9.34785839376,1.81220140062,0.705340837383,-0.00249760665399,-0.241068960414,0.666613697284,64
1,1445360718,387000000,-15.6774425741,17.5344433403,-2.2207453939,0.632365894403,0.131166671397,0.0427849931737,0.76228480522,65
1,1445360718,385000000,-4.05412740219,9.41393608284,1.81587751028,0.718987086702,-0.0101644514485,-0.249515765747,0.64861092785,65
1,1445360718,393000000,-15.7228353735,17.5918362452,-2.23346729559,0.6477473106,0.130818254355,0.0322490250206,0.749846655206,66
1,1445360718,396000000,-4.05191321792,9.54435297653,1.83197167408,0.742310088869,-0.0254599588511,-0.267131621572,0.613977376794,66
1,1445360718,399000000,-15.7629538444,17.6446868237,-2.24264856738,0.660964826518,0.129754183277,0.0221523577628,0.738781850802,67
1,1445360718,396000000,-4.05191321792,9.54435297653,1.83197167408,0.742310088869,-0.0254599588511,-0.267131621572,0.613977376794,67
1,1445360718,360000000,-15.628983268,17.4763996615,-2.20720087422,0.614850791751,0.131536855029,0.0538175208465,0.775732063346,68
1,1445360718,416000000,-4.04735290391,9.60844707597,1.84414318359,0.752349608053,-0.0325770947058,-0.275667814369,0.59742451932,68
1,1445360718,423000000,-15.8010868076,17.6964322192,-2.2467444501,0.672878785755,0.128257817544,0.0123240793883,0.728445048708,69
1,1445360718,424000000,-4.04061316529,9.67165349969,1.8589222832,0.761563615791,-0.0389035428344,-0.283405361939,0.581540002307,69
1,1445360718,440000000,-15.8741912661,17.8011823779,-2.24577013751,0.693707414421,0.126306079014,-0.00485861298877,0.709079115093,70
1,1445360718,428000000,-4.03189430008,9.73391174294,1.87621290746,0.770084916076,-0.0441450085234,-0.289822006747,0.56658948513,70
1,1445360718,426000000,-15.8381141061,17.7485425763,-2.24753887296,0.683776992975,0.126960093711,0.00315047827841,0.718554265849,71
1,1445360718,447000000,-4.02149167312,9.7951820152,1.89589938148,0.778004819499,-0.0480764768485,-0.294347350739,0.552952792129,71
1,1445360718,467000000,-15.909459862,17.8542577468,-2.2418113096,0.702624868117,0.12660915069,-0.0110988029043,0.700118014508,72
1,1445360718,469000000,-3.99726580861,9.91480061271,1.94186411392,0.785444994892,-0.0504867839633,-0.296430004381,0.540977353636,72
1,1445360718,472000000,-15.9441273159,17.9075885065,-2.23593077938,0.710458029782,0.128176473918,-0.0149561863055,0.691806686831,73
1,1445360718,473000000,-3.99726580861,9.91480061271,1.94186411392,0.792574133892,-0.051197473901,-0.29568041931,0.53082779749,73
1,1445360718,477000000,-15.9784674886,17.9609328555,-2.22837626548,0.717132031228,0.131312608012,-0.0159566752326,0.684268977288,74
1,1445360718,481000000,-4.0737699466,9.86233728093,1.3930967383,0.807663362785,-0.0996046811519,-0.317017872637,0.487091847946,74
1,1445360718,496000000,-16.1354505523,18.1132103384,-2.27897390898,0.733003720501,0.149020168012,-0.00518196596729,0.663680406887,75
1,1445360718,488000000,-4.07138113054,9.93039617325,1.40371483886,0.813346706183,-0.0975378923295,-0.311199086081,0.481776529029,75
1,1445360718,496000000,-16.1354505523,18.1132103384,-2.27897390898,0.733003720501,0.149020168012,-0.00518196596729,0.663680406887,76
1,1445360718,493000000,-4.06957241665,9.99829311761,1.41530183521,0.819089129619,-0.0938148168851,-0.301482975024,0.478956985171,76
1,1445360718,496000000,-16.1354505523,18.1132103384,-2.27897390898,0.733003720501,0.149020168012,-0.00518196596729,0.663680406887,77
1,1445360718,519000000,-4.06893284893,10.0660675689,1.42760360277,0.823319939175,-0.0901690329091,-0.292743738359,0.477823112578,77
1,1445360718,538000000,-16.372656603,18.3165473507,-2.34225479708,0.729884209113,0.178085040439,0.0369617658639,0.658929880581,78
1,1445360718,521000000,-4.06940297737,10.1337534304,1.44032466952,0.82706015323,-0.0855435852288,-0.281398548501,0.479028866423,78
1,1445360718,538000000,-16.372656603,18.3165473507,-2.34225479708,0.729884209113,0.178085040439,0.0369617658639,0.658929880581,79
1,1445360718,537000000,-4.07965332187,10.3364161021,1.47797268591,0.829449751614,-0.0715858848301,-0.253717731864,0.492459016749,79
1,1445360718,538000000,-16.372656603,18.3165473507,-2.34225479708,0.729884209113,0.178085040439,0.0369617658639,0.658929880581,80
1,1445360718,537000000,-4.07965332187,10.3364161021,1.47797268591,0.829449751614,-0.0715858848301,-0.253717731864,0.492459016749,80
1,1445360718,538000000,-16.372656603,18.3165473507,-2.34225479708,0.729884209113,0.178085040439,0.0369617658639,0.658929880581,81
1,1445360718,567000000,-4.08723358595,10.47184653,1.49069294659,0.825100647581,-0.0612713494182,-0.238213749549,0.508634399769,81
1,1445360718,570000000,-16.4714786352,18.4086601278,-2.37059859517,0.720067381329,0.185616671719,0.0523799542445,0.666562643657,82
1,1445360718,567000000,-4.08723358595,10.47184653,1.49069294659,0.825100647581,-0.0612713494182,-0.238213749549,0.508634399769,82
1,1445360718,574000000,-16.5739568224,18.5158037253,-2.4068656747,0.707568589491,0.189866336891,0.063999988328,0.677644056106,83
1,1445360718,571000000,-4.08999895374,10.5399617238,1.49087418419,0.821048221039,-0.0564868254636,-0.232861867707,0.518135511083,83
1,1445360718,566000000,-16.420690344,18.3540703436,-2.35339056112,0.725257761753,0.181990038853,0.0448101503951,0.662474795895,84
1,1445360718,575000000,-4.09927803078,10.6764284975,1.48754351884,0.810322174879,-0.0474661270161,-0.22601569783,0.538555330509,84
1,1445360718,576000000,-16.6205104631,18.5684609745,-2.42277791573,0.700411486754,0.190995411983,0.0682095582851,0.684318608532,85
1,1445360718,575000000,-4.09927803078,10.6764284975,1.48754351884,0.810322174879,-0.0474661270161,-0.22601569783,0.538555330509,85
1,1445360718,598000000,-16.7065553577,18.6525007234,-2.45841628123,0.685789835105,0.192431668871,0.0737681369103,0.698011903092,86
1,1445360718,593000000,-4.1055765171,10.7446848571,1.48381376064,0.804066058979,-0.0429765130518,-0.224170631579,0.54897934393,86
1,1445360718,598000000,-16.7065553577,18.6525007234,-2.45841628123,0.685789835105,0.192431668871,0.0737681369103,0.698011903092,87
1,1445360718,597000000,-4.11286216584,10.8128611254,1.4787139756,0.79808192703,-0.0388211616,-0.223277420698,0.558305784107,87
1,1445360718,626000000,-16.8375741897,18.7726311058,-2.51882218652,0.678497505121,0.192744682603,0.0704835831284,0.705352881459,88
1,1445360718,644000000,-4.50955868833,11.05524399,1.05355104845,0.728562944424,0.0415661435792,-0.136303166841,0.669992342068,88
1,1445360718,626000000,-16.8375741897,18.7726311058,-2.51882218652,0.678497505121,0.192744682603,0.0704835831284,0.705352881459,89
1,1445360718,646000000,-4.50955868833,11.05524399,1.05355104845,0.728314854129,0.0417557448743,-0.135480700182,0.670416967941,89
1,1445360718,626000000,-16.8375741897,18.7726311058,-2.51882218652,0.678497505121,0.192744682603,0.0704835831284,0.705352881459,90
1,1445360718,624000000,-4.46579415355,10.9268733392,1.0865797256,0.728174485132,0.041766414562,-0.135378483506,0.670589406434,90
1,1445360718,645000000,-16.8813196455,18.8126597403,-2.53938873411,0.678981399384,0.192648816437,0.0694613983195,0.705014756555,91
1,1445360718,671000000,-4.51847987156,11.124705087,1.04716054306,0.726860818703,0.0427327463472,-0.133327258058,0.672362331547,91
1,1445360718,648000000,-16.9250376292,18.8527377523,-2.56009156121,0.678795954123,0.192897991569,0.0704601203689,0.705026090973,92
1,1445360718,673000000,-4.52756647938,11.1940219736,1.04033769279,0.723698540256,0.0452801367989,-0.12995149681,0.67625641625,92
1,1445360718,674000000,-17.0221210119,18.9643321227,-2.58210663615,0.674308359197,0.195833365957,0.0777242407107,0.707754527998,93
1,1445360718,675000000,-4.53721459024,11.2629341997,1.03287996192,0.718642406498,0.0501103079817,-0.125498656762,0.682123255554,93
1,1445360718,677000000,-17.0698419328,19.0190582464,-2.59179812085,0.668996151544,0.199694820369,0.0837421791034,0.711022767129,94
1,1445360718,703000000,-4.54793840599,11.331195134,1.0244868479,0.711911587278,0.0567395484615,-0.120679630082,0.689491800112,94
1,1445360718,705000000,-17.1161345052,19.0713171813,-2.60035801054,0.661754735626,0.204760609487,0.0904042753579,0.715528357003,95
1,1445360718,706000000,-4.56004243061,11.3986775507,1.01489467594,0.704560607922,0.0637278463609,-0.116290699712,0.697143876487,95
1,1445360718,707000000,-17.1605721298,19.119354842,-2.60921189902,0.653760240008,0.209812606863,0.0966202926203,0.720583609056,96
1,1445360718,708000000,-4.57349997708,11.4655144912,1.00402008757,0.697889352012,0.0699504454806,-0.112254299671,0.703886609996,96
1,1445360718,710000000,-17.2043988848,19.1638376541,-2.61995884774,0.646497388745,0.214181938135,0.102240463138,0.725061453547,97
1,1445360718,749000000,-4.58812488806,11.5318956524,0.991985067235,0.692169871114,0.0752718847698,-0.107906770241,0.709641558691,97
1,1445360718,750000000,-17.2929639699,19.2470590502,-2.64649133485,0.634601696147,0.221350090751,0.113842815497,0.731658826183,98
1,1445360718,752000000,-4.60377683756,11.597807613,0.978928133886,0.686834977117,0.080248395048,-0.103246859036,0.714953142101,98
1,1445360718,755000000,-17.2929639699,19.2470590502,-2.64649133485,0.634601696147,0.221350090751,0.113842815497,0.731658826183,99
1,1445360718,758000000,-4.62040625475,11.6631349421,0.964933831296,0.681467958091,0.0854314243315,-0.0987792511243,0.720101071641,99
1,1445360718,759000000,-17.3379111399,19.2866658691,-2.66159390365,0.628804971166,0.224961469225,0.119506717035,0.734652836505,100
1,1445360718,760000000,-4.63801406016,11.7278396458,0.950088016107,0.676222934194,0.0905004193966,-0.0949870972815,0.724920456815,100
1,1445360718,765000000,-17.3833272274,19.3251144935,-2.67762744417,0.623080810298,0.228449568024,0.1244020437,0.737634889516,101
1,1445360718,766000000,-4.64628858378,11.7964145531,0.945628853651,0.671147266929,0.094854225143,-0.0916843554525,0.729491604497,101
1,1445360718,791000000,-17.5244229605,19.489824054,-2.70115441474,0.61001464882,0.233479201453,0.134741919335,0.745126972997,102
1,1445360718,789000000,-4.66473617622,11.9328454893,0.934147462809,0.662822512036,0.0997425333495,-0.0868503743719,0.737003905722,102
1,1445360718,772000000,-17.4306689393,19.380726903,-2.68568689976,0.617919069624,0.231239277134,0.128566566154,0.740388450864,103
1,1445360718,792000000,-4.67461727475,12.0008089612,0.927219169997,0.659503266722,0.101887513131,-0.0846279539244,0.73994086606,103
1,1445360718,796000000,-17.5697724916,19.5427583066,-2.70813089908,0.606871319939,0.234536475366,0.137443763995,0.746866155678,104
1,1445360718,792000000,-4.67461727475,12.0008089612,0.927219169997,0.659503266722,0.101887513131,-0.0846279539244,0.73994086606,104
1,1445360718,798000000,-17.6136348256,19.5936595654,-2.71487379159,0.603959173617,0.236054756967,0.140170714177,0.748240361918,105
1,1445360718,797000000,-4.68496724903,12.0686255561,0.919592078696,0.656517000024,0.104418580483,-0.0822782467377,0.742504194495,105
1,1445360718,789000000,-17.4778755857,19.435645456,-2.69362017091,0.613610146075,0.232646042209,0.131859551825,0.742947822038,106
1,1445360718,828000000,-4.73165805316,12.33797015,0.883166036393,0.645190100493,0.114172660914,-0.0736281207803,0.751846551868,106
1,1445360718,827000000,-17.7409033605,19.7338890775,-2.73957623796,0.595384704515,0.241263941086,0.148564143747,0.751822758071,107
1,1445360718,828000000,-4.73165805316,12.33797015,0.883166036393,0.645190100493,0.114172660914,-0.0736281207803,0.751846551868,107
1,1445360718,827000000,-17.7409033605,19.7338890775,-2.73957623796,0.595384704515,0.241263941086,0.148564143747,0.751822758071,108
1,1445360718,828000000,-4.73165805316,12.33797015,0.883166036393,0.645190100493,0.114172660914,-0.0736281207803,0.751846551868,108
1,1445360718,827000000,-17.7409033605,19.7338890775,-2.73957623796,0.595384704515,0.241263941086,0.148564143747,0.751822758071,109
1,1445360718,828000000,-4.73165805316,12.33797015,0.883166036393,0.645190100493,0.114172660914,-0.0736281207803,0.751846551868,109
1,1445360718,855000000,-17.7832564435,19.7779767287,-2.74965663676,0.592804193074,0.241846993099,0.15008253401,0.753371391538,110
1,1445360718,858000000,-4.75158158086,12.4711318883,0.869187753608,0.640289331733,0.114254107578,-0.0742485640524,0.755951533702,110
1,1445360718,859000000,-17.8713113414,19.8767131435,-2.76663681116,0.588771602389,0.240578755665,0.150530593302,0.756842389816,111
1,1445360718,858000000,-4.75158158086,12.4711318883,0.869187753608,0.640289331733,0.114254107578,-0.0742485640524,0.755951533702,111
1,1445360718,863000000,-17.9163682719,19.9318427529,-2.77242598864,0.58700688751,0.239306245353,0.150171988264,0.758685579731,112
1,1445360718,861000000,-4.75871356916,12.5374917922,0.865315303884,0.637931175596,0.113467573406,-0.0753485284421,0.757952191269,112
1,1445360718,857000000,-17.8256831603,19.8213840702,-2.76049328918,0.590630182522,0.241498416098,0.150581156281,0.755089278092,113
1,1445360718,890000000,-4.76572183357,12.6038346987,0.860969872029,0.635505361076,0.112580307051,-0.0765783817186,0.759996290755,113
1,1445360718,890000000,-17.9605098749,19.9865443624,-2.77767206681,0.585210191113,0.237921350967,0.149702107338,0.760599593761,114
1,1445360718,897000000,-4.77931782654,12.7364537705,0.850867739934,0.630764461224,0.111349089664,-0.0785374293018,0.763917172792,114
1,1445360718,899000000,-18.0445444663,20.0926171698,-2.78664251432,0.581518659421,0.235690481352,0.149168020744,0.764221791977,115
1,1445360718,897000000,-4.77931782654,12.7364537705,0.850867739934,0.630764461224,0.111349089664,-0.0785374293018,0.763917172792,115
1,1445360718,899000000,-18.0445444663,20.0926171698,-2.78664251432,0.581518659421,0.235690481352,0.149168020744,0.764221791977,116
1,1445360718,916000000,-4.78597635512,12.8027172984,0.845119985914,0.628407815165,0.111168129274,-0.0789430126583,0.765841540807,116
1,1445360718,917000000,-18.0843521778,20.1430284718,-2.79139091509,0.579545441708,0.234998217378,0.149442174261,0.765878551323,117
1,1445360718,923000000,-4.79261042254,12.8689277138,0.8389079698,0.626039943115,0.111230880222,-0.0789907148013,0.767764383053,117
1,1445360718,934000000,-18.1617692532,20.2394942912,-2.80378182495,0.575358869731,0.234253023689,0.150853209178,0.768980494678,118
1,1445360718,929000000,-4.79927293064,12.9350735984,0.8322335375,0.623651086948,0.111480191853,-0.0788587334163,0.769683564029,118
1,1445360718,927000000,-18.1617692532,20.2394942912,-2.80378182495,0.575358869731,0.234253023689,0.150853209178,0.768980494678,119
1,1445360718,962000000,-4.80600569898,13.0011509217,0.825103307579,0.621174833301,0.111826743948,-0.0787098184679,0.771648475854,119
1,1445360718,967000000,-18.2000983213,20.2863548173,-2.81143216235,0.573136588365,0.234041163291,0.151679350415,0.770540433475,120
1,1445360718,969000000,-4.81281881373,13.0671366987,0.817520907126,0.618571745138,0.112171275506,-0.0786392030751,0.773694045995,120
1,1445360718,970000000,-18.2383722983,20.3326320939,-2.81989179166,0.570810131536,0.233792961841,0.152452952142,0.772188281518,121
1,1445360718,972000000,-4.82696280983,13.2032724726,0.809533337371,0.613171071815,0.112593624077,-0.0787940082785,0.777904503629,121
1,1445360718,973000000,-18.332410566,20.445042895,-2.83123678519,0.565976437119,0.233061496166,0.153743284998,0.775703560614,122
1,1445360718,988000000,-4.83410620573,13.271217808,0.804795839755,0.610426596216,0.112782272742,-0.0788848872133,0.780023527951,122
1,1445360718,992000000,-18.4235461062,20.5549840438,-2.84051846734,0.561062090731,0.232356524588,0.155140219947,0.779199132431,123
1,1445360718,993000000,-4.84855643465,13.4068681866,0.793798373878,0.604964983749,0.113652923684,-0.078501903851,0.784179719495,123
1,1445360718,992000000,-18.4235461062,20.5549840438,-2.84051846734,0.561062090731,0.232356524588,0.155140219947,0.779199132431,124
1,1445360718,993000000,-4.84855643465,13.4068681866,0.793798373878,0.604964983749,0.113652923684,-0.078501903851,0.784179719495,124
1,1445360718,994000000,-18.4670894979,20.6077938249,-2.84447026105,0.558530866858,0.232318900516,0.156157382166,0.780823969422,125
1,1445360718,993000000,-4.84855643465,13.4068681866,0.793798373878,0.604964983749,0.113652923684,-0.078501903851,0.784179719495,125
1,1445360719,25000000,-18.5911421793,20.7551999403,-2.86049385231,0.550376285497,0.233960993642,0.16097091606,0.785134741302,126
1,1445360719,25000000,-4.87128489647,13.6095959104,0.773625080358,0.596668615262,0.117192738936,-0.0757383688867,0.790263326354,126
1,1445360719,25000000,-18.5911421793,20.7551999403,-2.86049385231,0.550376285497,0.233960993642,0.16097091606,0.785134741302,127
1,1445360719,25000000,-4.87128489647,13.6095959104,0.773625080358,0.596668615262,0.117192738936,-0.0757383688867,0.790263326354,127
1,1445360719,64000000,-18.6724644474,20.8478924731,-2.87618404683,0.544622448937,0.2356655978,0.164861116096,0.78782544166,128
1,1445360719,25000000,-4.87128489647,13.6095959104,0.773625080358,0.596668615262,0.117192738936,-0.0757383688867,0.790263326354,128
1,1445360719,67000000,-18.7132629742,20.8933153286,-2.88521330828,0.54179563857,0.236300713512,0.16661690537,0.789213700885,129
1,1445360719,65000000,-4.89637352338,13.8111143364,0.749325066964,0.588149944707,0.121610194347,-0.0720454280505,0.796303999405,129
1,1445360719,78000000,-18.7541764093,20.9382730215,-2.89491223664,0.539032985597,0.2366192716,0.168118049485,0.790690256791,130
1,1445360719,73000000,-4.90530879637,13.8779994246,0.740314622451,0.585296255043,0.122643556127,-0.0711725573836,0.79832406894,130
1,1445360719,64000000,-18.6724644474,20.8478924731,-2.87618404683,0.544622448937,0.2356655978,0.164861116096,0.78782544166,131
1,1445360719,73000000,-4.90530879637,13.8779994246,0.740314622451,0.585296255043,0.122643556127,-0.0711725573836,0.79832406894,131
2,1445360719,106000000,0.0,0.0,0.0,-0.0797399667325,-0.0797399667325,0.702596283584,0.702596283584,132
1,1445360719,73000000,-4.90530879637,13.8779994246,0.740314622451,0.585296255043,0.122643556127,-0.0711725573836,0.79832406894,132
0,1445360719,140000000,0.0,0.0,0.0,-0.0797399667325,-0.0797399667325,0.702596283584,0.702596283584,133
2,1445360719,82000000,0.0,0.0,0.0,-0.0797399667325,-0.0797399667325,0.702596283584,0.702596283584,133
1,1445360722,100000000,-15.9079087538,18.6426196336,-3.36960204219,0.436122966574,-0.453051385102,-0.563211177176,0.536035792077,134
0,1445360722,170000000,0.0,0.0,0.0,-0.0797399667325,-0.0797399667325,0.702596283584,0.702596283584,134
1,1445360724,724000000,-14.6373343016,27.0113231521,-4.72012414211,0.47982925221,-0.439299561964,-0.537020006311,0.537018897622,135
1,1445360724,865000000,0.933168038258,-2.76710549972,-0.217181920535,0.155177192229,-0.580973963685,-0.796682974679,0.0607085693139,135
1,1445360724,697000000,-14.6377051992,26.8433195663,-4.68880999347,0.476945497104,-0.457066793955,-0.537554802994,0.524068480672,136
1,1445360724,867000000,0.978127918034,-2.75277508423,-0.220926906572,0.154392165139,-0.579083111245,-0.798305620943,0.0594469947587,136
1,1445360724,779000000,-14.6237911051,27.2396864008,-4.76425662501,0.476237957273,-0.428366552968,-0.544053249655,0.541946091315,137
1,1445360724,901000000,1.06815730005,-2.72438445987,-0.228241683313,0.153774726874,-0.57474788427,-0.801664319833,0.0579009603502,137
1,1445360724,807000000,-14.6211747121,27.2824785248,-4.7723827378,0.475171844369,-0.427152313429,-0.545863940785,0.542019536181,138
1,1445360724,901000000,1.06815730005,-2.72438445987,-0.228241683313,0.153774726874,-0.57474788427,-0.801664319833,0.0579009603502,138
1,1445360724,667000000,-14.6445620667,26.7563391761,-4.67204648464,0.474352225348,-0.466803842832,-0.538865749041,0.5164376469,139
1,1445360724,904000000,1.11318899256,-2.7101992707,-0.231792712319,0.153968736167,-0.572277712071,-0.803407360972,0.0576928148667,139
1,1445360724,866000000,-14.6109135533,27.5850669963,-4.82896871917,0.464927608884,-0.424692175384,-0.560860404893,0.537507656585,140
1,1445360724,933000000,1.15819409177,-2.69596379365,-0.23526355769,0.154981787622,-0.569606020618,-0.805052355308,0.0584836044816,140
1,1445360724,910000000,-14.599214506,27.768232602,-4.86778905534,0.459557211259,-0.419277041755,-0.56766402503,0.539232312203,141
1,1445360724,941000000,1.24801114792,-2.66700276986,-0.241918157862,0.157412679569,-0.563917579451,-0.808430732355,0.0604810952367,141
1,1445360724,903000000,-14.6011153876,27.7258228801,-4.85909705452,0.460561282744,-0.421277054126,-0.566408764123,0.538135726773,142
1,1445360724,941000000,1.24801114792,-2.66700276986,-0.241918157862,0.157412679569,-0.563917579451,-0.808430732355,0.0604810952367,142
1,1445360724,971000000,-14.5943692832,28.0271627523,-4.91775200831,0.455239109654,-0.403589986706,-0.571922152914,0.55025223914,143
1,1445360724,970000000,1.37907450276,-2.62502360817,-0.251373281174,0.160798134169,-0.555260813765,-0.813481296566,0.063855844534,143
1,1445360724,971000000,-14.5943692832,28.0271627523,-4.91775200831,0.455239109654,-0.403589986706,-0.571922152914,0.55025223914,144
1,1445360724,976000000,1.42055177787,-2.61253336231,-0.254539226686,0.16125374677,-0.552423534496,-0.81525354868,0.0647079520053,144
1,1445360724,899000000,-14.6044604597,27.6821171299,-4.84974144392,0.461785434432,-0.422846172474,-0.564834571245,0.537510217668,145
1,1445360724,976000000,1.42055177787,-2.61253336231,-0.254539226686,0.16125374677,-0.552423534496,-0.81525354868,0.0647079520053,145
1,1445360724,940000000,-14.5977324655,27.8522321949,-4.88434206633,0.45805293593,-0.414298039094,-0.56935757401,0.542564830787,146
1,1445360724,976000000,1.42055177787,-2.61253336231,-0.254539226686,0.16125374677,-0.552423534496,-0.81525354868,0.0647079520053,146
1,1445360724,999000000,-14.587590352,28.1158316135,-4.93505803242,0.452302923509,-0.39977674359,-0.574190711821,0.55308737748,147
1,1445360724,997000000,1.46195408636,-2.59982109563,-0.257676131058,0.161183054256,-0.549585823709,-0.817145204372,0.0651855840744,147
1,1445360724,863000000,-14.6122571158,27.5346098614,-4.81852418566,0.466670302367,-0.425089341738,-0.558586558321,0.538051054541,148
1,1445360725,0,1.50331139558,-2.58693620559,-0.26080104436,0.160575587758,-0.546686359759,-0.819201710148,0.0652538333065,148
1,1445360724,815000000,-14.6176373443,27.3668795894,-4.78810167667,0.472848495277,-0.425752229465,-0.549718004141,0.541257291446,149
1,1445360725,5000000,1.54463949689,-2.57392885585,-0.263928008036,0.159425775847,-0.543673751082,-0.821450604769,0.0649705956985,149
1,1445360724,942000000,-14.5977420171,27.8941163409,-4.89237762825,0.45748772665,-0.411499774618,-0.569968843951,0.544525878522,150
1,1445360725,37000000,1.58595744229,-2.56083822649,-0.267073253692,0.157787886873,-0.540518743249,-0.823887740625,0.0644318384054,150
1,1445360725,6000000,-14.5850364735,28.2015251695,-4.95189403571,0.447703902041,-0.397272353229,-0.577924109029,0.554742839215,151
1,1445360725,44000000,1.70997981587,-2.52133751604,-0.276789669982,0.151392758597,-0.530052923337,-0.832011098336,0.0623029963284,151
1,1445360724,836000000,-14.6136390827,27.492708308,-4.81101081589,0.468384962052,-0.425245069654,-0.556246588317,0.538861662252,152
1,1445360725,44000000,1.70997981587,-2.52133751604,-0.276789669982,0.151392758597,-0.530052923337,-0.832011098336,0.0623029963284,152
1,1445360725,3000000,-14.586079795,28.1587553524,-4.94347856497,0.450226288131,-0.398376712468,-0.575873793442,0.55404120647,153
1,1445360725,44000000,1.70997981587,-2.52133751604,-0.276789669982,0.151392758597,-0.530052923337,-0.832011098336,0.0623029963284,153
1,1445360725,62000000,-14.5810458444,28.414858174,-4.99453053132,0.430586659762,-0.392906778144,-0.591078691459,0.557535086454,154
1,1445360725,61000000,1.75135781265,-2.5081003665,-0.280152242706,0.149181528639,-0.526135676679,-0.83492109448,0.0619103160298,154
1,1445360724,979000000,-14.5900744871,28.0724448744,-4.92657372167,0.453963088642,-0.401503319979,-0.572891093699,0.551822791262,155
1,1445360725,64000000,1.7927335045,-2.49479284375,-0.283591987753,0.14707866156,-0.522016427144,-0.837878615817,0.0618558183381,155
1,1445360725,62000000,-14.5810458444,28.414858174,-4.99453053132,0.430586659762,-0.392906778144,-0.591078691459,0.557535086454,156
1,1445360725,72000000,1.84113544624,-2.4864545451,-0.287438631712,0.144542797943,-0.517524247143,-0.841110527039,0.0617180239942,156
1,1445360725,73000000,-14.5752240521,28.5079816267,-5.01273695944,0.422903774766,-0.389890092814,-0.595990240807,0.560297907971,157
1,1445360725,102000000,1.88953157487,-2.4781667865,-0.291461523113,0.142121875106,-0.512797228996,-0.844399840042,0.0618812143295,157
1,1445360725,103000000,-14.5693126548,28.5571606166,-5.02172518217,0.419050301724,-0.388012463816,-0.598244518187,0.562091335111,158
1,1445360725,103000000,1.93791230294,-2.46989816354,-0.295665311786,0.139814000192,-0.507825896324,-0.847751996744,0.0623013353715,158
1,1445360725,62000000,-14.5810458444,28.414858174,-4.99453053132,0.430586659762,-0.392906778144,-0.591078691459,0.557535086454,159
1,1445360725,110000000,2.03458413382,-2.45330826199,-0.304634635342,0.135461272083,-0.497086568081,-0.854686290399,0.0637693704089,159
1,1445360725,111000000,-14.5538339437,28.6903217459,-5.04682241686,0.407235558631,-0.381110620418,-0.604687822459,0.568565327962,160
1,1445360725,110000000,2.03458413382,-2.45330826199,-0.304634635342,0.135461272083,-0.497086568081,-0.854686290399,0.0637693704089,160
1,1445360725,111000000,-14.5538339437,28.6903217459,-5.04682241686,0.407235558631,-0.381110620418,-0.604687822459,0.568565327962,161
1,1445360725,133000000,2.08285031062,-2.4449224992,-0.309403850211,0.133358852463,-0.491251501269,-0.858304065006,0.0648190632821,161
1,1445360725,145000000,-14.5478741238,28.775073441,-5.06454278222,0.398811838652,-0.37537442097,-0.608843693855,0.573892427103,162
1,1445360725,144000000,2.13106567928,-2.43643102944,-0.314366004444,0.131265912802,-0.485057708343,-0.862044372984,0.0660891724875,162
1,1445360725,145000000,-14.5478741238,28.775073441,-5.06454278222,0.398811838652,-0.37537442097,-0.608843693855,0.573892427103,163
1,1445360725,162000000,2.17921074042,-2.42780884377,-0.319519054797,0.129111611029,-0.478476034618,-0.865927637102,0.0675292788056,163
1,1445360725,164000000,-14.5455675374,28.8172440353,-5.07368296581,0.394293502456,-0.372174282671,-0.610942056622,0.576861110399,164
1,1445360725,167000000,2.22727954932,-2.4190371962,-0.324864675262,0.12679938804,-0.471542136874,-0.869943468329,0.0690528077434,164
1,1445360725,168000000,-14.5436038517,28.8593397473,-5.08297822954,0.389491972094,-0.368842126957,-0.613117910128,0.579946477993,165
1,1445360725,169000000,2.27750656599,-2.41170978025,-0.334065425832,0.124341587495,-0.464303222449,-0.874029387253,0.0709529242608,165
1,1445360725,170000000,-14.5368798921,28.9120451416,-5.09544328156,0.383304103793,-0.36520547338,-0.615392586949,0.583947677585,166
1,1445360725,174000000,2.32761624327,-2.40410243751,-0.343572693632,0.121400925056,-0.456819296509,-0.878229301484,0.0727409083425,166
1,1445360725,175000000,-14.5297520726,28.9641588704,-5.10837240311,0.377402136614,-0.362123390231,-0.617612237861,0.587357983831,167
1,1445360725,197000000,2.37762311101,-2.39623448067,-0.353418619533,0.117774561141,-0.449063936522,-0.882580732373,0.074310056562,167
1,1445360725,107000000,-14.5538339437,28.6903217459,-5.04682241686,0.415170481932,-0.38592830258,-0.600431857739,0.564069499629,168
1,1445360725,201000000,2.42751884175,-2.38814871426,-0.363639901055,0.113377454134,-0.440973967173,-0.887111462498,0.0756357473316,168
1,1445360725,202000000,-14.5133265107,29.0625792566,-5.13510394635,0.364146076823,-0.356608156394,-0.623266986803,0.59309908168,169
1,1445360725,206000000,2.47730203567,-2.37989876313,-0.374290357285,0.108237403426,-0.43255248137,-0.891794436214,0.0767183087535,169
1,1445360725,198000000,-14.5133265107,29.0625792566,-5.13510394635,0.371090600944,-0.35925898031,-0.620251892991,0.590349337425,170
1,1445360725,233000000,2.52696621423,-2.37152960847,-0.385436962806,0.102380700848,-0.423871078224,-0.896567271734,0.0775798194989,170
1,1445360725,208000000,-14.5060594809,29.107355139,-5.14758347184,0.356568082628,-0.354154863062,-0.626610753815,0.595644607651,171
1,1445360725,253000000,2.62585796616,-2.35453767776,-0.40951234801,0.088505604094,-0.405396766388,-0.90643207582,0.0787471381766,171
1,1445360725,258000000,-14.4894683298,29.2377129379,-5.1837744679,0.330205762091,-0.347978924429,-0.638149162252,0.602196371255,172
1,1445360725,253000000,2.62585796616,-2.35453767776,-0.40951234801,0.088505604094,-0.405396766388,-0.90643207582,0.0787471381766,172
1,1445360725,258000000,-14.4894683298,29.2377129379,-5.1837744679,0.330205762091,-0.347978924429,-0.638149162252,0.602196371255,173
1,1445360725,280000000,2.67507632399,-2.34590954375,-0.422535915056,0.0804923411995,-0.395067189174,-0.911694034578,0.0791004826894,173
1,1445360725,283000000,-14.4844803776,29.2807439425,-5.19627768525,0.319932807653,-0.34585999776,-0.642633703506,0.604190188314,174
1,1445360725,290000000,2.72412385159,-2.33718993563,-0.436230016873,0.07182889402,-0.383858076045,-0.917165449275,0.0793796327502,174
1,1445360725,234000000,-14.5000133356,29.1511260229,-5.1595915445,0.348403236256,-0.351932913992,-0.630209718144,0.597991739218,175
1,1445360725,294000000,2.82796483206,-2.32541839795,-0.462413201614,0.0533992610649,-0.359245541714,-0.928369598706,0.0788736196344,175
1,1445360725,66000000,-14.5801380902,28.4574805636,-5.00323348277,0.426776429213,-0.391600848013,-0.593644000041,0.558656832517,176
1,1445360725,294000000,2.82796483206,-2.32541839795,-0.462413201614,0.0533992610649,-0.359245541714,-0.928369598706,0.0788736196344,176
1,1445360724,870000000,-14.6084224206,27.6347990868,-4.83945442885,0.463261025587,-0.423972445618,-0.562966923527,0.537312600396,177
1,1445360725,301000000,2.88278809052,-2.32256826896,-0.475112267632,0.0444119776719,-0.345831752244,-0.933989887278,0.0780439993979,177
1,1445360725,295000000,-14.46130263,29.4202235303,-5.23669432216,0.282356925307,-0.336779133708,-0.658483508054,0.610945047816,178
1,1445360725,302000000,2.93746239372,-2.31978783178,-0.488655770599,0.0362589734093,-0.331700691285,-0.939501552817,0.077438817802,178
1,1445360725,302000000,-14.4476258524,29.4736433998,-5.25203551398,0.268185252917,-0.332539798492,-0.663629749602,0.614076141842,179
1,1445360725,322000000,2.9919722401,-2.31699652379,-0.502969893103,0.0294101776508,-0.317097468766,-0.944767110193,0.0774554339578,179
1,1445360725,306000000,-14.4335363895,29.5264757154,-5.26838630717,0.256046458754,-0.327475505042,-0.668549761432,0.616637025362,180
1,1445360725,326000000,3.04628465827,-2.31402500228,-0.51793663931,0.0241704701896,-0.302344677936,-0.949678666276,0.0781915271341,180
1,1445360725,324000000,-14.4189272176,29.5783732495,-5.2856084196,0.24470733672,-0.321243913305,-0.673137910936,0.619520798989,181
1,1445360725,331000000,3.10039032691,-2.31067841086,-0.533423505108,0.0204977870748,-0.287688637929,-0.954192913868,0.0795674019737,181
1,1445360725,295000000,-14.46130263,29.4202235303,-5.23669432216,0.282356925307,-0.336779133708,-0.658483508054,0.610945047816,182
1,1445360725,333000000,3.15428084959,-2.306819491,-0.549306639021,0.0181417302232,-0.273356322413,-0.9582770969,0.0815610457216,182
1,1445360725,329000000,-14.4038614366,29.6284191528,-5.30354656625,0.234420918538,-0.313956023937,-0.677111367877,0.622895371212,183
1,1445360725,352000000,3.20793563139,-2.30239381988,-0.565471971836,0.0168985501697,-0.259655388327,-0.961875539091,0.0841959952364,183
1,1445360725,332000000,-14.3892685679,29.6753272942,-5.32132521403,0.225282479581,-0.305843185507,-0.680418996002,0.626687912882,184
1,1445360725,356000000,3.26137043313,-2.29735662057,-0.581819640307,0.0166457412072,-0.246924556073,-0.964951150755,0.0872952436547,184
1,1445360725,363000000,-14.3556695289,29.808030754,-5.36899222114,0.204216280393,-0.279822004083,-0.685919823197,0.639929178111,185
1,1445360725,365000000,3.31459202814,-2.29165651409,-0.598233364534,0.0172712432705,-0.235562804126,-0.967483134054,0.0904889760689,185
1,1445360725,354000000,-14.3654984365,29.7640701304,-5.35368803317,0.210155041222,-0.288454606585,-0.684836306383,0.63531726881,186
1,1445360725,378000000,3.36762767487,-2.28527931875,-0.614625942345,0.0186030229533,-0.225824530638,-0.969494233528,0.0934780190986,186
1,1445360725,381000000,-14.3388931509,29.8961471992,-5.39878198248,0.196039502858,-0.264199359397,-0.686616109375,0.648325173166,187
1,1445360725,386000000,4.58201929486,-1.80385208517,-1.0187156454,0.0193844174605,-0.143508865601,-0.983723984161,0.106379381648,187
1,1445360725,390000000,-14.3194697999,29.9534497364,-5.40989907106,0.192435402047,-0.256876659609,-0.686799749757,0.65214193357,188
1,1445360725,434000000,4.69330560065,-1.7969558028,-1.03556396248,0.0238078597952,-0.13324232591,-0.984659979335,0.110110823695,188
1,1445360725,442000000,-14.2608900752,30.1191615953,-5.44512439652,0.188978470996,-0.244581458461,-0.685910796499,0.658781774887,189
1,1445360725,445000000,4.80457076322,-1.78904567393,-1.05184493422,0.0276694343055,-0.133095842438,-0.984392919982,0.111760808072,189
1,1445360725,366000000,-14.3468429031,29.8520382187,-5.38400293082,0.19949956775,-0.271648004233,-0.686455377807,0.644349515825,190
1,1445360725,445000000,4.80457076322,-1.78904567393,-1.05184493422,0.0276694343055,-0.133095842438,-0.984392919982,0.111760808072,190
1,1445360725,434000000,-14.2805517795,30.0658795631,-5.43314956145,0.18858747184,-0.24664326805,-0.686487929528,0.657522764931,191
1,1445360725,445000000,4.80457076322,-1.78904567393,-1.05184493422,0.0276694343055,-0.133095842438,-0.984392919982,0.111760808072,191
1,1445360725,454000000,-14.225547304,30.2181773274,-5.46685069507,0.19384513357,-0.246016813676,-0.683786261588,0.659041834821,192
1,1445360725,525000000,5.33105425439,-1.77817016953,-1.11383267886,0.0508522104495,-0.229785361724,-0.964610842104,0.118906112226,192
1,1445360725,454000000,-14.225547304,30.2181773274,-5.46685069507,0.19384513357,-0.246016813676,-0.683786261588,0.659041834821,193
1,1445360725,533000000,5.38206266598,-1.7793011341,-1.11709409576,0.0564097965603,-0.246846739281,-0.959816578,0.120982472926,193
1,1445360725,469000000,-14.2100234854,30.2664871565,-5.47642626747,0.197249318382,-0.248560192118,-0.682298405168,0.658619331327,194
1,1445360725,468000000,4.91592865124,-1.78059478387,-1.06751266272,0.0313695030702,-0.140652531716,-0.983142842282,0.112529868339,194
1,1445360725,472000000,-14.1952532672,30.3147147227,-5.48546346923,0.200776206414,-0.252191321861,-0.68053625246,0.657996095128,195
1,1445360725,474000000,5.07778686394,-1.77276739084,-1.08858720622,0.0344240719108,-0.161643692317,-0.97961116322,0.114229019526,195
1,1445360725,473000000,-14.1809182517,30.3629481189,-5.49412974167,0.204472179812,-0.256918118042,-0.678488444713,0.65714354497,196
1,1445360725,453000000,4.86022521106,-1.78488819717,-1.05980511073,0.0300858074993,-0.136191768656,-0.983835719885,0.112311720737,196
1,1445360725,475000000,-14.1598891561,30.4111621887,-5.5024157649,0.208801079951,-0.26220705849,-0.675953923247,0.656304701443,197
1,1445360725,524000000,5.28015699714,-1.77699813729,-1.10986607233,0.0460030420612,-0.213488822599,-0.96878861044,0.11728116229,197
1,1445360725,566000000,-13.9728875727,30.380175521,-5.49693024016,0.234089436665,-0.272657913911,-0.656964929399,0.662764572954,198
1,1445360725,501000000,5.22938680771,-1.77584061603,-1.10527106055,0.041855149915,-0.198220017145,-0.972356163411,0.116105394811,198
1,1445360725,530000000,-14.0662611162,30.6462372019,-5.53936292894,0.249370185742,-0.297026556772,-0.654217136202,0.649299371426,199
1,1445360725,561000000,5.43317923067,-1.78030729976,-1.11956779571,0.0627799362755,-0.264378157759,-0.954415149942,0.123509476809,199
1,1445360725,525000000,-14.0837946264,30.599352124,-5.53267062777,0.239012030425,-0.289259483575,-0.660118278337,0.650727330822,200
1,1445360725,565000000,4.86225668889,-2.15373127103,-0.818051770227,0.130465443801,-0.52669887333,-0.829894562411,0.129777039905,200
1,1445360725,698000000,-13.761308636,30.9647583243,-5.59632487841,0.414732226834,-0.381451904498,-0.519567022388,0.642294117852,201
1,1445360725,565000000,4.86225668889,-2.15373127103,-0.818051770227,0.130465443801,-0.52669887333,-0.829894562411,0.129777039905,201
1,1445360725,673000000,-13.813910784,30.8192231406,-5.57138192772,0.370246087708,-0.357148025975,-0.558752735022,0.650506343692,202
1,1445360725,625000000,5.19171741478,-2.12946743549,-0.797535804907,0.1654363084,-0.61323661718,-0.75569435892,0.159680039796,202
1,1445360725,700000000,-13.746654457,31.0122960056,-5.6034979696,0.427096057313,-0.386370231452,-0.508051907135,0.640460975963,203
1,1445360725,699000000,5.54707873389,-2.08193481521,-0.800680542427,0.208343384168,-0.703906563018,-0.649893628824,0.196842210991,203
1,1445360725,858000000,-13.5975744395,31.828474992,-5.75715757464,0.57529138076,-0.319645176308,-0.309846397415,0.686193849065,204
1,1445360725,802000000,6.04176426692,-1.94536558275,-0.833794694924,0.300758256285,-0.730889967217,-0.527467422294,0.311644742481,204
1,1445360725,881000000,-13.5809524977,31.9302018166,-5.78228957353,0.580516234228,-0.304073846448,-0.298141648693,0.694011206695,205
1,1445360725,858000000,6.33722316667,-1.83597774703,-0.884200429137,0.345816477214,-0.702001651991,-0.492680002355,0.380619311082,205
1,1445360725,896000000,-13.5725367714,32.0289353251,-5.80748907156,0.583573734225,-0.287341850092,-0.289313177647,0.702263656434,206
1,1445360725,876000000,6.38850342092,-1.81955320042,-0.894985940543,0.351507159634,-0.696003099598,-0.490483330304,0.389163853369,206
1,1445360725,962000000,-13.5731027185,32.2243249081,-5.85831576403,0.589122374598,-0.251938564229,-0.271440221361,0.718179638969,207
1,1445360725,961000000,6.72897505127,-1.66146898357,-0.980947453239,0.390405197821,-0.642926839596,-0.485549460168,0.445500372808,207
1,1445360725,965000000,-13.5624230947,32.2820551287,-5.87375973557,0.592158188203,-0.241707083565,-0.263013560016,0.722322803978,208
1,1445360725,895000000,6.53858628404,-1.76078381991,-0.930082103814,0.367775770191,-0.674971114216,-0.488266857003,0.413219619798,208
1,1445360725,764000000,-13.6649203242,31.3167978178,-5.65432143022,0.50264017427,-0.385743929601,-0.425541256776,0.646118499013,209
1,1445360725,923000000,6.6352092162,-1.71400843677,-0.955231162253,0.378233689875,-0.658606670853,-0.48890970568,0.429119830169,209
1,1445360725,996000000,-13.5362127438,32.446629655,-5.91722843203,0.595151026859,-0.209039632203,-0.241589240579,0.737382076154,210
1,1445360725,839000000,6.17988415547,-1.87471790409,-0.855435639849,0.326284684195,-0.718076174537,-0.505272191027,0.35014986134,210
1,1445360725,844000000,-13.6217098519,31.7192204228,-5.7301943851,0.567100612565,-0.335262045898,-0.326369644665,0.677848884966,211
1,1445360725,963000000,6.7849473226,-1.64894056396,-0.989769201931,0.396951719872,-0.634735301597,-0.482545755671,0.454631744031,211
1,1445360725,767000000,-13.6537981361,31.3672488545,-5.66326540342,0.514392215521,-0.382197577175,-0.410403641804,0.648763833307,212
1,1445360725,834000000,6.13470359825,-1.90005116573,-0.847664841974,0.318393019414,-0.722805556693,-0.511708821466,0.338130292102,212
1,1445360725,973000000,-13.5525085049,32.3389803805,-5.88882069093,0.594530771168,-0.230981615556,-0.254403682898,0.726952145287,213
1,1445360725,993000000,6.94914574895,-1.60271598959,-1.02081685494,0.413850140923,-0.605048752395,-0.478731856993,0.483176859114,213
1,1445360726,12000000,-13.5289686413,32.5466233552,-5.94486401113,0.592617531339,-0.189973702993,-0.238761645025,0.745457799332,214
1,1445360726,9000000,7.05507375038,-1.56511379009,-1.04537403935,0.4218508481,-0.585745841964,-0.484014904737,0.494644561854,214
1,1445360725,763000000,-13.6786406603,31.2647404523,-5.64487444345,0.490004611769,-0.388289697876,-0.44097271638,0.643948487363,215
1,1445360725,879000000,6.43917881693,-1.80151310839,-0.906271114987,0.357006528486,-0.689581636638,-0.489082130222,0.397268391554,215
1,1445360725,803000000,-13.6354053947,31.5155020877,-5.68948394933,0.542823795869,-0.365488471948,-0.369310362662,0.659826007022,216
1,1445360725,843000000,6.23289222023,-1.86365725542,-0.864376174658,0.333307796711,-0.713013543543,-0.500025876373,0.361236380136,216
1,1445360726,42000000,-13.52834265,32.6443005037,-5.97283976991,0.590228749663,-0.177613041094,-0.243897483869,0.748730691281,217
1,1445360726,47000000,7.26206765385,-1.48038108957,-1.09950796375,0.429529159613,-0.566278251253,-0.502748030088,0.492014289876,217
1,1445360726,44000000,-13.5291802828,32.6928942016,-5.98686415886,0.589021880931,-0.174750816201,-0.248392899967,0.748876721008,218
1,1445360726,61000000,7.36759531605,-1.4628605938,-1.11003702331,0.428505573239,-0.563730180458,-0.515489640348,0.482557445324,218
1,1445360726,65000000,-13.5044508224,32.8494842793,-6.02829563887,0.584222140653,-0.174539600904,-0.266873169016,0.746323743255,219
1,1445360726,67000000,7.42059217062,-1.4547771472,-1.11523455462,0.427699367851,-0.563422603168,-0.521680508172,0.476946190227,219
