1,1445363165,809000000,3.23547530522,-1.15776171532,-0.647380326874,-0.0675602934287,0.12398561939,-0.942335366008,0.303425824391,0
1,1445363167,143000000,3.37359163477,-1.19888177672,-0.785839027862,-0.0604072606708,0.124239806788,-0.942081623991,0.305610286157,119
1,1445363168,439000000,3.47738553318,-1.22195993528,-0.994468343702,-0.0599158676495,0.119286799783,-0.942195385955,0.307324914197,234
1,1445363169,323000000,3.54372526529,-1.25701020329,-0.993290797474,-0.0604638438403,0.11879531076,-0.940931235435,0.31125585603,314
1,1445363169,862000000,3.76668734504,-0.995455741077,-0.91193993367,-0.0578547181591,0.11860026767,-0.942852476763,0.305967343287,360
1,1445363171,525000000,4.39834876307,-1.63865251149,-0.64133639493,-0.0568503174642,0.116977857971,-0.942913058747,0.306592866508,501
1,1445363172,742000000,4.48092892769,-1.50367063555,-0.720999130475,-0.0567603225487,0.116947361397,-0.942833559826,0.306865538813,613
1,1445363173,912000000,4.4949473895,-1.59469464191,-0.833684260535,-0.0565602687652,0.116585382395,-0.942895570197,0.306849683579,708
1,1445363174,905000000,4.12545836065,-1.71453146349,-0.803808912373,-0.0560331676086,0.116589596156,-0.942916199056,0.306881396884,799
1,1445363176,137000000,4.25382745277,-0.913494392429,-0.557217123993,-0.0560303188103,0.115169994047,-0.943502348855,0.305613798036,914
1,1445363177,755000000,4.12584583401,-0.96184940584,-0.603247205558,-0.0549142517793,0.114793157472,-0.943959624419,0.304544222431,1059
1,1445363179,317000000,4.41568416941,-0.326136376655,-0.715478121089,-0.0544253656139,0.114774551179,-0.943999754276,0.30451460705,1196
1,1445363181,424000000,4.13160365468,-0.058794266403,-1.01355372155,-0.053774550026,0.114824335926,-0.944065068535,0.304408961793,1390
