1453141420,896991424,3.39452647602,1.62771813818,0.369723662578,0.696093481965,0.327556630382,-0.574320034886,-0.27985177467,0
1453141420,888737505,3.39608841867,1.62781538591,0.370060948219,0.691763803098,0.331358428857,-0.5801318378,-0.27406474257,1
1453141420,930599599,3.38801721562,1.62665319799,0.369239342797,0.696512543261,0.325660487272,-0.568087751142,-0.293414094943,2
1453141420,913622441,3.39135415459,1.62717963471,0.369256367727,0.697703285753,0.326132633099,-0.568477979729,-0.289275676891,3
1453141420,872572886,3.3989292252,1.62771062504,0.370470242285,0.693664365256,0.328545430356,-0.582253635699,-0.268082734023,4
1453141420,955508985,3.38287537061,1.62546646868,0.369002811341,0.70085505345,0.323084793382,-0.557778872474,-0.305452352686,5
1453141420,905511777,3.39290502061,1.62749661566,0.369369382835,0.696636934112,0.328195337799,-0.56998286909,-0.286538533573,6
1453141420,972971607,3.37961553236,1.62441446363,0.369241224088,0.701274657989,0.322669398427,-0.556029846562,-0.308105701201,7
1453141420,988878589,3.37610511751,1.62349418617,0.369512720942,0.701626669693,0.321863720936,-0.5530818022,-0.313407532769,8
1453141421,5644055,3.37230699366,1.62260870963,0.370066943984,0.701267783566,0.3207295549,-0.552190760783,-0.316924931256,9
1453141421,13731747,3.37030847889,1.62221665767,0.370374310396,0.70078341545,0.320111886263,-0.551727516121,-0.319417802977,10
1453141421,38740373,3.36393049202,1.62088337463,0.371684736239,0.699600615998,0.317756147135,-0.5525519615,-0.322918470973,11
1453141420,980408095,3.37784839986,1.62401851612,0.369338808725,0.701407616262,0.32226621789,-0.554727399273,-0.310562961656,12
1453141421,30514812,3.36613056529,1.62151498316,0.37128477581,0.700867169369,0.317238020428,-0.552859936158,-0.320142375025,13
1453141421,80466555,3.35982979023,1.62140236541,0.385106183131,0.678576827426,0.399260062492,-0.600895888327,-0.138018198699,14
1453141421,105574912,3.34461498611,1.61815910243,0.375209565457,0.69218870647,0.315370159819,-0.562992171139,-0.32319695569,15
1453141421,122093983,3.33939686827,1.61762157934,0.376201153846,0.690279053638,0.314239060178,-0.567206058255,-0.321007676926,16
1453141421,156046339,3.32850962936,1.61699469762,0.377964948246,0.685184549284,0.313849211054,-0.573860946564,-0.320475303498,17
1453141421,146995054,3.33126002853,1.6171217009,0.377607663179,0.68599988619,0.314140440547,-0.573375583218,-0.31931235543,18
1453141421,188919723,3.31796393656,1.61674380432,0.379493745813,0.678738200086,0.314535855834,-0.583909548571,-0.315327274791,19
1453141421,197018167,3.31542420033,1.61679905108,0.379826163622,0.677170765981,0.314850966641,-0.586436798873,-0.313688545269,20
1453141421,206169682,3.31285955754,1.61699392466,0.380108868372,0.675952196512,0.314089590527,-0.589009747233,-0.312256104531,21
1453141421,255586090,3.29908634161,1.618359913,0.381052479433,0.667973110666,0.314783771106,-0.600597955608,-0.30660266893,22
1453141421,214375195,3.31032072439,1.61720835259,0.380166532356,0.67375936447,0.315175702586,-0.589593885904,-0.314788254217,23
1453141421,322140495,3.28503185249,1.6225012025,0.379603222766,0.662667455913,0.313800892893,-0.612614435351,-0.29513453897,24
1453141421,305645382,3.28819916501,1.62107812952,0.380143792644,0.663884199085,0.31417535791,-0.609553520138,-0.298322176137,25
1453141421,347109519,3.28089827893,1.62489821061,0.377918181589,0.662898906189,0.315717890389,-0.613450533645,-0.290801816763,26
1453141421,313772672,3.28660119804,1.62188271425,0.37993115743,0.662783708366,0.31418809201,-0.611069650114,-0.297653290716,27
1453141421,380517257,3.27627355029,1.62855186937,0.374127205433,0.671674246643,0.30838071328,-0.609757733494,-0.28627006221,28
1453141421,406346240,3.27298657331,1.63151877162,0.37177248267,0.679121521906,0.299403857067,-0.604398950945,-0.289574164862,29
1453141421,439280733,3.27101180346,1.63000923324,0.370403283819,0.680068332187,0.305308316636,-0.601064286397,-0.288124311655,30
1453141421,397290060,3.27400036833,1.63064374644,0.372429748772,0.676957493533,0.302405919725,-0.60551966186,-0.289180135495,31
1453141421,472600958,3.27146631356,1.62418117082,0.368638727573,0.674746247025,0.328814673079,-0.600487508649,-0.275704850974,32
1453141421,388895348,3.27499108355,1.6299853075,0.373103254282,0.674186142165,0.305626271427,-0.607764943499,-0.28755417121,33
1453141421,481232779,3.27167753364,1.62253500759,0.367879955332,0.671932231948,0.33677917712,-0.600090290227,-0.273822031807,34
1453141421,513847539,3.27040192327,1.61745924225,0.365098396744,0.66956613994,0.35256979967,-0.595839683739,-0.268981025144,35
1453141421,522175277,3.26947672289,1.61654212662,0.364448803429,0.671362956538,0.352701782658,-0.593446231932,-0.269619737602,36
1453141421,555633854,3.26455318436,1.61340080418,0.361822198126,0.675559066269,0.353857144824,-0.583994406495,-0.278128751158,37
1453141421,647215471,3.25598473742,1.59974846253,0.352790560462,0.677330070355,0.378589408248,-0.564430702038,-0.281623895208,38
1453141421,638964497,3.25662275122,1.60079057993,0.353743863757,0.677369487499,0.375680937931,-0.567000473876,-0.280258582216,39
1453141421,664028849,3.25484372375,1.59750316877,0.351385517684,0.677582182064,0.38278678739,-0.562469848782,-0.279256747744,40
1453141421,659251920,3.25539143417,1.59868494505,0.352063294482,0.677025754452,0.381309074174,-0.563808351168,-0.279927956651,41
1453141421,605578268,3.25847054173,1.60639446212,0.357136066322,0.678063597964,0.363545128089,-0.572302476719,-0.283786137963,42
1453141421,680787474,3.25371066332,1.59570397408,0.350033366154,0.677507001123,0.387307616946,-0.559114697751,-0.279942544185,43
1453141421,672380053,3.25423555355,1.59658692653,0.350688115072,0.678091636825,0.384801451149,-0.560319734784,-0.279573550381,44
1453141421,622795961,3.25744145935,1.60366395376,0.355350384184,0.677823092015,0.369699652387,-0.569124632017,-0.282798826355,45
1453141421,597078930,3.25911044512,1.60775709186,0.357982239746,0.678907687144,0.359830953729,-0.573583686741,-0.283915112983,46
1453141421,630570267,3.25694483994,1.60237310352,0.35443592993,0.677479455224,0.373074540141,-0.567345620149,-0.282764783072,47
1453141421,705586364,3.25237847488,1.59342405708,0.348784256239,0.679401553593,0.390690469879,-0.558280675833,-0.272207958578,48
1453141421,747167841,3.25064384142,1.59107774481,0.346431301006,0.680461376317,0.40048301252,-0.551645838243,-0.268835528107,49
1453141421,696968232,3.2528869858,1.59390749837,0.349256495865,0.67828028099,0.390166486532,-0.558287458537,-0.275719217409,50
1453141421,730633127,3.25096413543,1.5924385533,0.347018839242,0.678333137587,0.398334163749,-0.553412377397,-0.273731234946,51
1453141421,713865211,3.25146752202,1.59383634746,0.347664273759,0.67760048885,0.394632473231,-0.55718486595,-0.273254119344,52
1453141421,788892066,3.24941138047,1.5889475258,0.345108435995,0.678708209476,0.411492802113,-0.550324638514,-0.259174907049,53
1453141421,755644196,3.25049392202,1.5905027552,0.346129150925,0.678956332187,0.403866350114,-0.552015163209,-0.266813661224,54
1453141421,822019183,3.24680845065,1.58877190384,0.344579348479,0.683126857005,0.411753905847,-0.544184588776,-0.260114497093,55
1453141421,839141050,3.24682289723,1.58585188549,0.34652989207,0.695167965708,0.399308937317,-0.541243679881,-0.2536713445,56
1453141421,805643358,3.24838018277,1.58877049831,0.344767826176,0.680340564799,0.412643402758,-0.548347355077,-0.25724952134,57
1453141421,830539051,3.24579746174,1.58881026793,0.344616207708,0.682698193445,0.412640683144,-0.547010475549,-0.253831406491,58
1453141421,913778260,3.23698338649,1.59232327092,0.345004032231,0.690809036653,0.404749401635,-0.540669178445,-0.258142666434,59
1453141421,847262473,3.24536630752,1.5863203142,0.346267452982,0.696160371948,0.399027863981,-0.53885767222,-0.256456447346,60
1453141421,888983769,3.23836029713,1.59115194216,0.344859592771,0.690995464992,0.404027948181,-0.539546718322,-0.261105387146,61
1453141421,966428667,3.23605170948,1.59280228602,0.346178667517,0.691825088759,0.407202237279,-0.54105290173,-0.25065143536,62
1453141421,947162532,3.236670157,1.59236998439,0.345919974668,0.691164009034,0.407360589464,-0.540654338781,-0.253066293142,63
1453141421,897276303,3.23817465372,1.59090734485,0.345429701344,0.692305997674,0.402171554358,-0.541514569535,-0.256383340782,64
1453141421,997278536,3.23390855755,1.59370381433,0.346304263297,0.695270244113,0.403351999847,-0.537885386875,-0.254137290568,65
1453141421,972184845,3.23586791093,1.59254425247,0.346637524557,0.692632062215,0.406262310174,-0.541731479897,-0.248472866552,66
1453141422,30537163,3.23315069795,1.59358523031,0.346329395349,0.694619134673,0.40573242186,-0.537549015266,-0.252836935166,67
1453141421,980555603,3.23543581216,1.59268665363,0.34674492082,0.693128773321,0.405772928305,-0.541584117708,-0.248208536711,68
1453141422,76993837,3.23307775667,1.59275372311,0.34595908116,0.69411350502,0.409196359648,-0.536781225374,-0.250261258459,69
1453141422,80684458,3.2330145819,1.59256444886,0.345791320461,0.693752670656,0.4101538849,-0.536668044548,-0.249936857264,70
1453141422,97771617,3.23279462216,1.59202143886,0.34573144984,0.694824223522,0.409416784557,-0.535697050869,-0.250251602634,71
1453141422,139030909,3.23239174301,1.59035870726,0.345057052025,0.694017509342,0.411527213322,-0.536007265421,-0.24835712359,72
1453141422,113917662,3.23276510536,1.59124245616,0.345484771642,0.693965908095,0.411731322882,-0.535918895353,-0.248353727096,73
1453141422,130640600,3.23167196961,1.59176106779,0.344499864985,0.694084672416,0.411540651179,-0.535004423563,-0.250301871174,74
1453141422,164078158,3.23210220092,1.58954136929,0.344670896518,0.69406007293,0.413135791163,-0.534831614708,-0.248101949074,75
1453141422,89103613,3.23286511138,1.59248872017,0.345561844832,0.69324222099,0.411254976234,-0.535932281333,-0.251119806835,76
1453141422,197342651,3.23182166077,1.58853468517,0.344028211988,0.695293504738,0.412846693407,-0.532087369808,-0.251013109027,77
1453141422,255628480,3.2321062262,1.58689122492,0.342593628346,0.693828350606,0.417025010467,-0.528835884942,-0.254999935956,78
1453141422,238871814,3.23234894212,1.58665654137,0.343143469905,0.69305849513,0.417414144035,-0.531803120576,-0.250241474647,79
1453141422,264264704,3.23226546001,1.58663110347,0.342542346873,0.694372180036,0.41678065871,-0.526617746117,-0.258485797659,80
1453141422,330687603,3.23288523565,1.5856734004,0.342619118972,0.694253353817,0.417465007691,-0.529019456678,-0.252732393103,81
1453141422,280729505,3.23273697628,1.585981315,0.342866759298,0.694333445435,0.41702742896,-0.527689370484,-0.255994371663,82
1453141422,305620311,3.23269228342,1.58624377692,0.342451923178,0.692353765342,0.419604425651,-0.5294107684,-0.253579628308,83
1453141422,347087383,3.23287254761,1.585909608,0.342260107272,0.693152185864,0.418247240168,-0.529384634531,-0.253695096615,84
1453141422,364046452,3.23267619491,1.58582545396,0.342095420034,0.69242447743,0.420571333224,-0.528958703318,-0.25272670399,85
1453141422,322064576,3.23274755052,1.58605287494,0.342345021161,0.692062897025,0.420244788284,-0.529345629674,-0.253449144459,86
1453141422,388822856,3.23257279906,1.58574659223,0.342141477667,0.692247161589,0.421015849655,-0.529153536855,-0.25206359524,87
1453141422,397101209,3.23274994764,1.58538885571,0.34243237049,0.692317358075,0.420926964913,-0.530113760084,-0.249993134479,88
1453141422,405647478,3.23263143974,1.58559370066,0.342370926006,0.694804640911,0.418292815062,-0.52799899803,-0.251981526932,89
1453141422,414021166,3.23274180009,1.58541092092,0.342399836639,0.692524240982,0.420972985752,-0.529178437182,-0.251320716498,90
1453141422,514032692,3.23286676303,1.58514153094,0.341182944371,0.69347013929,0.421031742223,-0.526364085351,-0.254504003126,91
1453141422,530797674,3.23304371498,1.5843921872,0.340860459339,0.689844448549,0.426790546561,-0.527101952955,-0.253235063454,92
1453141422,572418252,3.23323380737,1.58346674413,0.340907050454,0.691769070071,0.424359435917,-0.526803989667,-0.252689887632,93
1453141422,497275047,3.23304990892,1.58489348581,0.341757524594,0.693718162029,0.420517509562,-0.527003396912,-0.253352630667,94
1453141422,522304692,3.23310647101,1.58448810017,0.341323915905,0.69319716549,0.422020235516,-0.527282383194,-0.251694058221,95
1453141422,564170697,3.23316376044,1.58354803872,0.340986657046,0.692258082089,0.423464442834,-0.526844286064,-0.252768098619,96
1453141422,597256744,3.23319495396,1.58320474114,0.340832167761,0.693261886914,0.423506985216,-0.524465670412,-0.254883405077,97
1453141422,589087902,3.23315675846,1.58333220178,0.340808856336,0.693073373273,0.423566567434,-0.524452678631,-0.255323422522,98
1453141422,630818973,3.23292458901,1.58342517042,0.340521169717,0.691362923639,0.423324012363,-0.527289547544,-0.254518803678,99
1453141422,614093104,3.23311984321,1.5830931782,0.340803069424,0.693446307235,0.423403359755,-0.524209349202,-0.255081108943,100
1453141422,655790445,3.23261518815,1.58299829637,0.341163462944,0.693530544243,0.423060469403,-0.526006337918,-0.251699336312,101
1453141422,547442872,3.23291637337,1.58391091914,0.340998682844,0.692433433435,0.423493915954,-0.526530415383,-0.252892398239,102
1453141422,647335599,3.23272153463,1.58292811462,0.340990031638,0.693142255146,0.423698351085,-0.524345258474,-0.255138337643,103
1453141422,680704224,3.23227642694,1.5835009486,0.341098921838,0.69333301835,0.423974455674,-0.525023787043,-0.252754840983,104
1453141422,691739427,3.23244539762,1.58325338012,0.341512223959,0.693803235957,0.423209007634,-0.526397021286,-0.249874731846,105
1453141422,705623383,3.23221653923,1.58327086732,0.341616543503,0.693764594834,0.423941695859,-0.525231948409,-0.251188227904,106
1453141422,722176185,3.23157671369,1.58360064562,0.341410494504,0.693413171449,0.424847525016,-0.5248552008,-0.251415537192,107
1453141422,739158718,3.23095944794,1.58362479909,0.341682968224,0.693252615385,0.424325720203,-0.525406211432,-0.251588567754,108
1453141422,763874989,3.23047765729,1.58339123341,0.342407057307,0.694291109888,0.422137684873,-0.526772716545,-0.249539846205,109
1453141422,755663610,3.23065435359,1.58327719373,0.342314417622,0.694308220765,0.422113118466,-0.527173297072,-0.248686398202,110
1453141422,780716726,3.23065089318,1.58341775968,0.342714676101,0.694355022074,0.421886388173,-0.526222956118,-0.250942980076,111
1453141422,792125926,3.23062400693,1.58342208039,0.342761120287,0.694453016655,0.42260563799,-0.526113849644,-0.249687203537,112
1453141422,822258110,3.23129194808,1.58399010013,0.342808619259,0.69175500347,0.425717821308,-0.527678165071,-0.248586214224,113
1453141422,772547393,3.23041743341,1.58346296852,0.342525111665,0.6946255869,0.421805353713,-0.526716571068,-0.24928937275,114
1453141422,713942316,3.23175640774,1.58369769572,0.341379416299,0.693932102396,0.42378120873,-0.524487510888,-0.252548164345,115
1453141422,872165359,3.23118171149,1.58471173179,0.343722361576,0.693803461294,0.42335121224,-0.528931921969,-0.244216154489,116
1453141422,880606515,3.2310251225,1.58491088085,0.343866715716,0.694229072786,0.422751452362,-0.528976923012,-0.243947984098,117
1453141422,905822920,3.23083707555,1.58559823075,0.3443256295,0.69532339764,0.420879255952,-0.529268224247,-0.243436175223,118
1453141422,914022077,3.2307072147,1.58584668454,0.344378070399,0.695145273215,0.421212088394,-0.528345405456,-0.245366171772,119
1453141422,922263276,3.23059793123,1.58606831092,0.344486982497,0.6955085386,0.420537747264,-0.528740419063,-0.244641462368,120
1453141422,897260518,3.23082220848,1.58528727141,0.344127893566,0.694150355953,0.422877887404,-0.52956078251,-0.242682824493,121
1453141422,847158691,3.23119702124,1.58451311522,0.343026924911,0.692995690887,0.424904719822,-0.52779692411,-0.246258722455,122
1453141422,972138752,3.22957824178,1.58781787703,0.344073136276,0.695592179719,0.419719489442,-0.527818014837,-0.247780574117,123
1453141422,980639062,3.22956265417,1.58784477376,0.34415877605,0.69599103678,0.419404668464,-0.528100908433,-0.246587978832,124
1453141422,998668308,3.22988284646,1.58759314218,0.344110799407,0.693774838599,0.422491860451,-0.528795010429,-0.246075066037,125
1453141423,22181424,3.22813883983,1.58306144757,0.345030176755,0.701789644811,0.410231015183,-0.531192411686,-0.238823010586,126
1453141423,55568629,3.23091833583,1.5857920119,0.344142134379,0.696903248615,0.423934243245,-0.524914601138,-0.243043784094,127
1453141423,13857111,3.22841399238,1.58314017907,0.345124804737,0.699696501186,0.412684200807,-0.532764800465,-0.237230318504,128
1453141423,89166053,3.2310799358,1.58540231408,0.343659792887,0.696200865156,0.424973350676,-0.525005354937,-0.243046052959,129
1453141423,72201118,3.23111719589,1.58543286632,0.343948325723,0.696088971205,0.424808933712,-0.525392333689,-0.242817647024,130
1453141423,105679745,3.23132186287,1.58498058991,0.343369741937,0.694390010752,0.427254739767,-0.525625227717,-0.242886846706,131
1453141423,172620863,3.23158656335,1.58334811873,0.341517868556,0.696331383871,0.426832541518,-0.52026498977,-0.249521393385,132
1453141423,139552906,3.2314242698,1.58425070048,0.342334112188,0.692213537943,0.430779707707,-0.524415750862,-0.245473789974,133
1453141423,214328960,3.23139151956,1.58206481184,0.34053175923,0.696775847814,0.427624247826,-0.518462872713,-0.25067343336,134
1453141423,207152069,3.23150295423,1.5823356693,0.340688215892,0.696373995682,0.427872824921,-0.518699118428,-0.250877118076,135
1453141423,190358734,3.23167182888,1.58275455117,0.341096689865,0.695481724781,0.428898084181,-0.519995696635,-0.248909781572,136
1453141423,272342476,3.23082662359,1.58097537299,0.339470982189,0.694336871984,0.432370313983,-0.517219162129,-0.251866151193,137
1453141423,264171187,3.23096031858,1.58092058167,0.339572607336,0.693029992434,0.433654722387,-0.518433661362,-0.250757951229,138
1453141423,288964212,3.23079939986,1.58063925761,0.339670388147,0.695289709626,0.431679544406,-0.516880402941,-0.251116784953,139
1453141423,255837096,3.23114283161,1.580835985,0.339912302678,0.694715684064,0.431866798319,-0.517623341442,-0.250853070978,140
1453141423,330729996,3.22942043152,1.58079754649,0.339519743034,0.69713649329,0.430822715309,-0.51538681255,-0.250537284942,141
1453141423,322200351,3.22953178007,1.5810471997,0.339227487567,0.696086066614,0.431671793484,-0.514439318309,-0.253920929332,142
1453141423,339037196,3.22920091251,1.58067334359,0.339497030199,0.695675980275,0.433035758713,-0.516537436963,-0.248402975747,143
1453141423,347293552,3.22882682221,1.58076597615,0.339421594695,0.696296132943,0.432530108032,-0.515952315791,-0.248762152918,144
1453141423,355728354,3.22839543574,1.58101036693,0.339309728972,0.697952622591,0.429984515503,-0.51481169321,-0.25088717301,145
1453141423,364182712,3.22812410139,1.58090394815,0.339217780805,0.696704487057,0.432528185035,-0.514694916451,-0.250222640553,146
1453141423,388994313,3.22661323209,1.58186341779,0.338286209875,0.696417548723,0.433344977853,-0.512966382251,-0.253140709252,147
1453141423,405681072,3.22656988521,1.58079379401,0.339005229558,0.698351974979,0.43194324296,-0.51370108206,-0.248678009068,148
1453141423,413927652,3.22648491161,1.58057334334,0.338985990531,0.696588084206,0.434526912735,-0.514543318618,-0.247379417731,149
1453141423,455664590,3.22472275424,1.58056365858,0.33819120641,0.69746591733,0.435569162731,-0.511983699753,-0.248381742141,150
1453141423,464114058,3.22441200509,1.5807741432,0.338040125975,0.699128399638,0.434146391378,-0.51011664262,-0.250034802768,151
1453141423,472452058,3.22419610315,1.58072549178,0.337947820172,0.699415682932,0.43439540039,-0.509560616134,-0.24993262507,152
1453141423,489093837,3.22374240206,1.58071431182,0.337911981687,0.699425457551,0.435388719727,-0.509109181366,-0.249095430533,153
1453141423,480793481,3.22397458444,1.58069410553,0.337931421652,0.699390262318,0.434983548034,-0.509200719754,-0.249714238514,154
1453141423,531056640,3.22238990084,1.58086699351,0.338186299117,0.700958827099,0.436311162236,-0.508465588649,-0.244442299081,155
1453141423,397214490,3.22683734402,1.5809327229,0.339000279558,0.698378395639,0.431580470804,-0.513589391711,-0.249463124423,156
1453141423,547335180,3.2211650393,1.58150136296,0.33783351169,0.700152634038,0.437769689738,-0.508986923896,-0.243056164495,157
1453141423,572256783,3.226945522,1.57879779239,0.339683753917,0.707715565137,0.436118260958,-0.504687409214,-0.232873700324,158
1453141423,539227934,3.22184666198,1.58102678412,0.33819838752,0.701856252607,0.435629010639,-0.508555764959,-0.242891333094,159
1453141423,605805808,3.22605210166,1.57886775108,0.339311567703,0.70732527654,0.43889436628,-0.502957274806,-0.23258690448,160
1453141423,622423632,3.21865676021,1.58188363852,0.336941717507,0.702666182509,0.43962014584,-0.503707495168,-0.243460720943,161
1453141423,589089717,3.22644761004,1.57883128991,0.339534203654,0.707759084833,0.437030303391,-0.504148163176,-0.232198667785,162
1453141423,639675056,3.21869307396,1.58124564236,0.336954207815,0.702435273233,0.441421308752,-0.50356017032,-0.241161916489,163
1453141423,597411585,3.22644974349,1.57882208719,0.339510640567,0.707446395729,0.43760412085,-0.503751814056,-0.232929904521,164
1453141423,672369996,3.21903435392,1.58072401244,0.336355193566,0.702252899838,0.443520172597,-0.5027026665,-0.239626272061,165
1453141423,739124358,3.21921546526,1.58143105863,0.335064912274,0.696782880155,0.45271699697,-0.502667228669,-0.238467179712,166
1453141423,697303821,3.21939903357,1.58053373679,0.336061884554,0.702408671566,0.44475109929,-0.501564635401,-0.239272719514,167
1453141423,764125649,3.21793184749,1.58257235228,0.334813722306,0.702229865552,0.446077106996,-0.498768663469,-0.243142449776,168
1453141423,780690676,3.21730709164,1.58264503969,0.334965490371,0.704154750046,0.444128219096,-0.497039201597,-0.244679882839,169
1453141423,809628010,3.21562297636,1.58354429857,0.334307758805,0.70480601654,0.444245303109,-0.495442841815,-0.24582713481,170
1453141423,789024765,3.21680319998,1.58284960034,0.334869300712,0.704555824441,0.443571154568,-0.496726831679,-0.245169687711,171
1453141423,713999865,3.2194838656,1.58069904579,0.335729535271,0.702210148606,0.445050909252,-0.501735833017,-0.238938798095,172
1453141423,855748328,3.21167201913,1.58466721951,0.333785252616,0.711923323924,0.43698815904,-0.484678347493,-0.259409770794,173
1453141423,872479086,3.21086297847,1.58522746663,0.333233845339,0.707707059283,0.434992018929,-0.493003237271,-0.258612586215,174
1453141423,822330813,3.2147533552,1.58364647924,0.33450405672,0.707151540006,0.441347316135,-0.494094346057,-0.247022313166,175
1453141423,889210822,3.21024118383,1.58480596926,0.333126405814,0.710356320719,0.432734560504,-0.489215632547,-0.262302807134,176
1453141423,922622472,3.21050452288,1.59085575245,0.343129664395,0.673696051503,0.512230634131,-0.531944287524,-0.0280834936675,177
1453141423,905694691,3.21114950532,1.59132412367,0.343566367191,0.672787447046,0.512890254961,-0.532510257743,-0.0270825195087,178
1453141423,830753881,3.21357810023,1.58475266331,0.333644486412,0.705958588895,0.442409445348,-0.49274430653,-0.251195943069,179
1453141423,955571632,3.20662829109,1.58321198728,0.330163320615,0.710309363103,0.432484898784,-0.483137894672,-0.273852507279,180
1453141423,980463901,3.20653515399,1.58882863857,0.339577283011,0.670158187019,0.514967537238,-0.533513886831,-0.0325480033399,181
1453141423,947242431,3.20734015605,1.58308945664,0.331065478924,0.711396383759,0.430937599782,-0.48454459318,-0.270969569304,182
1453141423,997174613,3.20448492523,1.58645598013,0.338451412271,0.680961995018,0.508661768627,-0.524257726263,-0.0520365538146,183
1453141424,22178348,3.20023947949,1.57674671277,0.325438503735,0.712782249424,0.424265644704,-0.472808072733,-0.297309021033,184
1453141424,30916260,3.19960542023,1.57543693581,0.324740122949,0.711653184899,0.42301357389,-0.473659013106,-0.300427029461,185
1453141424,39146216,3.19892157121,1.57430919806,0.323952932082,0.711910083593,0.423339831023,-0.470632104096,-0.30409347731,186
1453141424,5493547,3.20160834786,1.578676897,0.326904357804,0.712640023661,0.425604283303,-0.476336931153,-0.290014342285,187
1453141424,72268932,3.19678316439,1.57001204174,0.320148798685,0.714466022944,0.414030616948,-0.46300825294,-0.32208742291,188
1453141424,80390844,3.19369648123,1.55309953666,0.325700815067,0.734564472923,0.371172430859,-0.483779104081,-0.29766397186,189
1453141424,88803157,3.20113202441,1.55728358819,0.320517556877,0.723342481667,0.402325524144,-0.468190519962,-0.30936622934,190
1453141424,105897160,3.19694332376,1.55867762174,0.319388884332,0.719888576728,0.402255041958,-0.461594219076,-0.326928272303,191
1453141424,122514496,3.2009821252,1.54999674415,0.317558318036,0.720263537307,0.408024344867,-0.465144317049,-0.313651614276,192
1453141424,163887212,3.20152980981,1.53995174993,0.314461983668,0.716355485572,0.414574698934,-0.458211800048,-0.324044107477,193
1453141424,147212188,3.19369912744,1.5498574613,0.313726295594,0.710099970026,0.414216127271,-0.460848946806,-0.33436698507,194
1453141424,63883019,3.19715435648,1.57136075343,0.321014018648,0.71486408827,0.413895106321,-0.464719352845,-0.31889825863,195
1453141424,189070858,3.20080278224,1.53361498187,0.313385527672,0.714083415866,0.418382645092,-0.451928485273,-0.332868565158,196
1453141424,205641749,3.19159890992,1.53489994983,0.311968156092,0.707198169974,0.416969264477,-0.44859376673,-0.353229406076,197
1453141424,222536778,3.19023384216,1.53076796688,0.31105032517,0.702758891295,0.416278685234,-0.445347264541,-0.366753065278,198
1453141424,272324738,3.18831131428,1.50922089715,0.312574299214,0.695131733481,0.414783269888,-0.426373775599,-0.403673278296,199
1453141424,288989006,3.18931413565,1.49411428486,0.3133723766,0.695110518592,0.418198278421,-0.42987425627,-0.396408489648,200
1453141424,325785233,3.17861844499,1.4844918685,0.318863497331,0.669310891852,0.433074920791,-0.41403856857,-0.439364435027,201
1453141424,305590697,3.1846822187,1.4907282907,0.314306614153,0.676437145091,0.438406033256,-0.425442072056,-0.411378149725,202
1453141424,347272390,3.17114717883,1.46663673033,0.325231321477,0.664036389485,0.426698885304,-0.404857465391,-0.46159957478,203
1453141424,355609902,3.16857197231,1.46028626439,0.327218185572,0.661343242189,0.425423140093,-0.401474674899,-0.469529928012,204
1453141424,364077459,3.16592379036,1.45354249345,0.329090889382,0.658447169228,0.424075938473,-0.397382497149,-0.478219692927,205
1453141424,297713229,3.18630013871,1.49551214531,0.313201235853,0.679800195384,0.435644480168,-0.427076963789,-0.407051407387,206
1453141424,397310663,3.15734533534,1.42219838542,0.334653175543,-0.64400706941,-0.434696781555,0.376774423989,0.504316008157,207
1453141424,330752833,3.17642429838,1.47931531211,0.320682558257,0.666175782248,0.432757891363,-0.410952282027,-0.447267991819,208
1453141424,424066578,3.15121621318,1.39266151742,0.338683823168,-0.634417830811,-0.443893396534,0.369342360176,0.513866606662,209
1453141424,414744935,3.15360016269,1.40369181456,0.337180471935,-0.634447142676,-0.444390441578,0.372511013773,0.51110615649,210
1453141424,405699021,3.155333847,1.41291657042,0.336039110899,-0.639201589067,-0.438648794183,0.376939091373,0.506878175986,211
1453141424,472373208,3.14210208281,1.32130471113,0.34742837789,-0.622011838409,-0.461298514826,0.334007280278,0.537349132147,212
1453141424,464129075,3.14447183213,1.33358326232,0.345584552131,-0.623467183542,-0.459712521132,0.341850895226,0.53206299852,213
1453141424,505993124,3.12441870224,1.23603093849,0.355285622644,0.692289990495,0.352360203423,-0.449074465665,-0.441484971876,214
1453141424,535043394,3.11695831386,1.21276458172,0.358642092701,0.645137139022,0.418531306362,-0.412164162745,-0.488620835003,215
1453141424,539219480,3.11384098992,1.19755263007,0.361141202791,0.644191782471,0.418352040324,-0.41342071957,-0.488959943537,216
1453141424,555946326,3.0996860296,1.1643842738,0.368134632435,-0.652303048069,-0.383218045464,0.415351000541,0.505102177247,217
1453141424,547746192,3.11042376777,1.1819916014,0.363921035499,0.643885904502,0.418249793285,-0.407894019109,-0.494065300923,218
1453141424,513962500,3.12234832849,1.24189454305,0.354032158728,0.64850285958,0.417361256091,-0.414800132567,-0.482902136103,219
1453141424,581105529,3.09546708235,1.11512079146,0.374113129914,0.650286193821,0.399579255689,-0.410576384763,-0.498890084913,220
1453141424,622847847,3.07982313143,1.02973440624,0.382978197967,-0.655121108625,-0.390715826582,0.40019094371,0.507941615213,221
1453141424,633113049,3.07620804381,1.01039645724,0.385440025124,-0.660454992627,-0.382493968281,0.40439702599,0.503945048903,222
1453141424,647492739,3.06947422944,0.970477211963,0.390460440899,0.671800131211,0.36878690003,-0.413594198084,-0.491549229866,223
1453141424,656039007,3.06594925477,0.951209478923,0.392782788367,0.674872866079,0.36416863739,-0.419007579944,-0.486169174384,224
1453141424,681045678,3.05938737837,0.895117986973,0.408837575134,0.685971452323,0.363573452967,-0.42213931435,-0.468034090827,225
1453141424,706216126,3.05663718284,0.838898493054,0.430170828886,0.692044369049,0.446774984449,-0.543422528617,-0.161736390244,226
1453141424,689311812,3.06293653576,0.879261377941,0.425250494001,0.689459186226,0.468802373973,-0.528009197042,-0.161482669427,227
1453141424,664445453,3.06594214909,0.936565397647,0.402955697217,0.6715980062,0.381738486367,-0.400677077135,-0.492635489944,228
1453141424,756102844,3.0305124045,0.71519756304,0.439534769932,0.736320399243,0.263792046112,-0.498819156341,-0.373397208526,229
1453141424,790433602,3.02042891532,0.640651542075,0.457166365069,0.754888643632,0.215027723367,-0.532804096819,-0.316268886094,230
1453141424,798636670,3.01835754423,0.622989138168,0.461750032553,0.758983874847,0.201540638045,-0.541897266698,-0.299453170436,231
1453141424,808130404,3.01652407985,0.605921208848,0.46642889062,0.763264590657,0.189201022424,-0.548209013129,-0.284775377598,232
1453141424,856937655,3.00915423872,0.514937923488,0.496787600985,0.77180913424,0.114256391692,-0.598602029072,-0.181471066707,233
1453141424,747750177,3.03357433972,0.734504857143,0.435541270439,0.73168332964,0.276911366366,-0.487527392338,-0.38765531342,234
1453141424,844935921,3.01062041279,0.542305855311,0.486760503723,0.771715960308,0.136549511215,-0.583469412861,-0.213007398575,235
1453141424,823772895,3.01329908551,0.572909031089,0.476287754534,0.768054999636,0.164690488318,-0.566505948391,-0.249077439825,236
1453141424,872648590,3.00749620992,0.490457779772,0.505819731583,0.774587399125,0.0901045952445,-0.606096820075,-0.156659400382,237
1453141424,889514282,3.00612460756,0.467989882117,0.513443951513,0.776126119307,0.0652187825622,-0.612886503724,-0.133209950389,238
1453141424,947783491,3.00523389738,0.389557306838,0.522517974406,0.7796708206,0.0412339019022,-0.617799639105,-0.0934707588558,239
1453141424,956190915,3.00558120757,0.377957509473,0.521316313741,0.779954256193,0.0471498592619,-0.616623160552,-0.0960423182153,240
1453141424,972872292,3.00742968123,0.354857414893,0.517479758861,0.780079598082,0.0642311388516,-0.61374781959,-0.103265654534,241
1453141424,964390558,3.00627659325,0.366433232848,0.519666002443,0.780032037676,0.0542211647973,-0.615446967115,-0.099172154133,242
1453141425,6315232,3.01609722383,0.310373446465,0.504405741038,0.770677479303,0.121692561623,-0.613280945625,-0.123018799677,243
1453141424,997639407,3.01325697704,0.320953548073,0.508295096927,0.774532966984,0.10494362942,-0.612440022872,-0.118333157164,244
1453141424,940453089,3.00510339897,0.401375092712,0.522944903848,0.779850979804,0.0382613300508,-0.617647888768,-0.0942316582763,245
1453141425,56412657,3.03114950338,0.251547750351,0.495976736341,0.748047539333,0.192126166226,-0.625769817474,-0.109199591059,246
1453141425,81395862,3.03496657823,0.224430942571,0.493579373344,0.733269697114,0.232632770589,-0.629791610436,-0.10751777884,247
1453141425,89568130,3.03560923493,0.216207668014,0.491674495766,0.72894813633,0.247358766,-0.629076590148,-0.108216907886,248
1453141425,72746441,3.03400382823,0.233070402582,0.495166287807,0.737585745767,0.218914451285,-0.629901454524,-0.106150309694,249
1453141425,106800487,3.03524311563,0.201563477117,0.488679615042,0.722919190168,0.268339484984,-0.625903046401,-0.116735349364,250
1453141425,149253648,3.02956098699,0.175835409303,0.481878735857,0.727686544706,0.283846256524,-0.606621263626,-0.148034583216,251
1453141425,172978940,3.02619819807,0.165917670604,0.477147648811,0.731979688004,0.285353500316,-0.595061856515,-0.169353190484,252
1453141425,206327522,3.02636511716,0.154177879381,0.474075413979,0.727317104205,0.302265937522,-0.590937364838,-0.174465365571,253
1453141425,197879521,3.0257765125,0.157170910856,0.474669608321,0.729779945821,0.296988117112,-0.58929135498,-0.178759581332,254
1453141425,131474225,3.03233547035,0.184581865383,0.484973588176,0.724199557159,0.28220879046,-0.61507420568,-0.132577982732,255
1453141425,231457391,3.02868519073,0.147099386597,0.471636466774,0.722698414816,0.320830382955,-0.587384129951,-0.172495653503,256
1453141425,189535653,3.02557909119,0.160007028723,0.475383818636,0.731447506909,0.291620560612,-0.590567853418,-0.176554818042,257
1453141425,247829304,3.02990207526,0.143696097489,0.470613434159,0.718379746448,0.331705068296,-0.586777672679,-0.172029795109,258
1453141425,181184941,3.02575310574,0.162880933767,0.476153907055,0.732499640879,0.28764261493,-0.592236223445,-0.1730960942,259
1453141425,273069664,3.02988391839,0.140021644106,0.469041444283,0.716672114788,0.33878914208,-0.58292960033,-0.178314548348,260
1453141425,297944824,3.02856713893,0.137087171017,0.467464141516,0.717792427585,0.339541394802,-0.57879661864,-0.185688304337,261
1453141425,264557129,3.03005714758,0.141170076948,0.469649946105,0.716727156743,0.33669512008,-0.584881161075,-0.175649099973,262
1453141425,347907808,3.02712594165,0.128245945853,0.463024767664,0.716193742776,0.352324423547,-0.569691314961,-0.195923018144,263
1453141425,339546827,3.02726948633,0.130071616255,0.46389268729,0.717032785395,0.34960257929,-0.570746650679,-0.194654262634,264
1453141425,381208479,3.02581422077,0.12074200871,0.458436033305,0.715265371099,0.362560065857,-0.560934608849,-0.20566480532,265
1453141425,389427679,3.0251089639,0.118559689707,0.45731441965,0.715341969957,0.363189683615,-0.55896189816,-0.209620409642,266
1453141425,331280693,3.02736133995,0.131742510865,0.464772103238,0.717045993411,0.346823884006,-0.572894009235,-0.193263268626,267
1453141425,414207504,3.02319911142,0.110973548687,0.453521863462,0.714303783178,0.365132228426,-0.555835603313,-0.217934263465,268
1453141425,405818658,3.02393784768,0.114066940807,0.454678502037,0.714494056949,0.366349739475,-0.554879397567,-0.217703847296,269
1453141425,356410562,3.02690858884,0.126380531748,0.461975075507,0.715851416376,0.3550507948,-0.568029279871,-0.197074655887,270
1453141425,430971506,3.02233629083,0.105844628363,0.450612965996,0.714633184982,0.368905827596,-0.5480681037,-0.229846155059,271
1453141425,505980759,3.02048474096,0.0791014964797,0.435266177523,0.706087865826,0.385689795239,-0.530730485794,-0.266474124506,272
1453141425,447517951,3.02190131056,0.100600846976,0.447481657843,0.713447041704,0.372929494467,-0.542895139298,-0.239127118009,273
1453141425,489304758,3.02121921634,0.0853046438189,0.439341362952,0.708518594642,0.382032544456,-0.535468014112,-0.255590574723,274
1453141425,530974232,3.01969191734,0.0693134174098,0.428457657825,0.702979379603,0.393147963003,-0.518059295849,-0.287870173904,275
1453141425,539247700,3.01910041062,0.0655090268176,0.426107389145,0.701069132746,0.391919867918,-0.519125539252,-0.292249144973,276
1453141425,555995078,3.01888124802,0.0584810485947,0.421181086983,0.696817658514,0.397413669646,-0.512116022029,-0.306993006343,277
1453141425,572458902,3.01919565872,0.051080858357,0.416289753844,0.693913549792,0.404173291812,-0.503940332737,-0.318075583221,278
1453141425,547507967,3.01890065729,0.0620748862797,0.423576110195,0.698553456587,0.395791037429,-0.514727745113,-0.300712273431,279
1453141425,631461445,3.01791869777,0.0264591497627,0.396655845676,0.676066457979,0.422744363333,-0.479182476354,-0.366886224899,280
1453141425,606191751,3.0191096104,0.0363686773022,0.405056275841,0.682336857426,0.417502118821,-0.494002180019,-0.340690827459,281
1453141425,597506638,3.01927567572,0.0400914690006,0.408012723443,0.686529030212,0.413861413522,-0.494356587529,-0.336166901169,282
1453141425,639385845,3.01730601144,0.0230160417901,0.393802608413,0.673976203365,0.423618081176,-0.477032081852,-0.372483813718,283
1453141425,664464380,3.01492759315,0.013756682964,0.385216331962,0.665466075453,0.425532606377,-0.46623103411,-0.398378621621,284
1453141425,622820821,3.01866283873,0.0301707776811,0.399436316086,0.677310342001,0.423857516819,-0.482089342312,-0.359423666559,285
1453141425,681506070,3.01432944309,0.00806144031186,0.379243670723,0.657224510745,0.434901856996,-0.454443134842,-0.415208085726,286
1453141425,706199852,3.01207825978,-0.00268435954587,0.370352824243,0.64725640145,0.44339759418,-0.437698374107,-0.439178616922,287
1453141425,672672825,3.01402928717,0.0108029229188,0.382223529197,0.662698948379,0.427268306332,-0.461533719649,-0.40652001654,288
1453141425,739363636,3.01026846632,-0.0192583124302,0.358595709601,0.632165099742,0.45291096508,-0.417054885098,-0.47042976861,289
1453141425,747602882,3.00944200081,-0.0237576204891,0.35560515816,0.628564231106,0.456244344461,-0.410176382619,-0.478020334989,290
1453141425,797566352,3.00185476579,-0.0675894871899,0.323094797094,-0.62150233262,-0.439771946248,0.402755921445,0.508058218693,291
1453141425,807475157,3.00118816431,-0.0753688350153,0.319764791792,-0.61552684646,-0.442730342382,0.391301074401,0.521536206215,292
1453141425,814327423,3.00018645907,-0.0848974583429,0.317196941106,-0.611817891888,-0.447402967442,0.380130738876,0.530103832519,293
1453141425,839292047,2.99603846997,-0.121346581924,0.31947988339,-0.586230000195,-0.449242480215,0.350052232803,0.576176201479,294
1453141425,830808357,2.99670292701,-0.102030281993,0.319200309771,-0.583804370916,-0.453626920284,0.342222643877,0.579895452398,295
1453141425,755990258,3.00875876434,-0.0281316471833,0.352699326721,0.623300211227,0.457630518269,-0.40464384966,-0.488195156024,296
1453141425,881056854,2.99895701287,-0.200068785367,0.319873041435,-0.541512106493,-0.47371311126,0.273799514796,0.63827451182,297
1453141425,780943149,3.00217577878,-0.0486493681645,0.334701811115,-0.623780332109,-0.433716475741,0.408844568146,0.505602843192,298
1453141425,897841874,2.99429242198,-0.238652795457,0.324081307648,-0.528389810325,-0.465358373307,0.275557473921,0.654456928532,299
1453141425,914422055,2.99726731579,-0.277885514217,0.328356004263,-0.524276755454,-0.472144664141,0.261431963101,0.658685530798,300
1453141425,930988546,3.0031105177,-0.323363914153,0.326294972902,-0.545776118952,-0.478899063586,0.267458909348,0.633442851951,301
1453141425,864302629,2.99880256834,-0.164195623192,0.317501625479,-0.551284633185,-0.476637138161,0.296910345966,0.617046625627,302
1453141425,947534504,3.00727083858,-0.365044028513,0.344735470927,-0.536253088968,-0.488824209959,0.241260576899,0.644419778068,303
1453141425,972339752,3.01186366344,-0.432020547999,0.337742401507,-0.574711085251,-0.482964715478,0.263251459692,0.605929798791,304
1453141426,5945002,3.00440769893,-0.534353232747,0.348842144458,-0.64435188161,-0.420390829244,0.305078453531,0.561256929173,305
1453141426,14213092,3.00399752261,-0.55713741836,0.351059501893,-0.655545567992,-0.41353785568,0.309035839176,0.551129114011,306
1453141425,989249933,3.01459391003,-0.478628152113,0.341580716871,-0.59657976031,-0.479452180486,0.267080928667,0.58556466232,307
1453141426,39243230,3.00025493869,-0.624322243954,0.357535055161,-0.688206473759,-0.387912713225,0.324026733406,0.520482710983,308
1453141426,64389231,2.99515811063,-0.707183204536,0.363115941467,0.746832155557,0.317494600956,-0.362617989249,-0.458199851225,309
1453141426,89247280,2.9910427712,-0.745755926433,0.363176117857,0.727062322437,0.359093358179,-0.35910143664,-0.462037333563,310
1453141425,997389934,3.00576868817,-0.507591365516,0.359984919234,-0.615508228349,-0.427714231428,0.322354839809,0.578184671468,311
1453141426,122930748,2.9658971078,-0.850570309395,0.381938700786,0.801156094899,0.202850614137,-0.436248712482,-0.355932017115,312
1453141426,55947099,2.99530122704,-0.667990157367,0.361955694693,0.70899246392,0.363823291621,-0.339846438079,-0.499466412388,313
1453141426,81091634,2.9889454077,-0.724014216417,0.364235067298,0.719957473745,0.354747386838,-0.35184775961,-0.48168317553,314
1453141426,156468043,2.96329874514,-0.883628482754,0.377423315743,0.775110344513,0.297788703843,-0.372283869343,-0.414645104058,315
1453141426,31050918,3.00775870083,-0.595447957143,0.359689539771,-0.666776542267,-0.418140360689,0.289106875718,0.544963205967,316
1453141426,168977733,2.95904767243,-0.900517706823,0.378091931311,0.783199381024,0.279721563513,-0.385163022719,-0.400005027968,317
1453141426,197808004,2.94268824844,-0.960794040078,0.382373478143,0.8112267261,0.203823991458,-0.427320376106,-0.343167998992,318
1453141426,214371562,2.9342075906,-0.986491661326,0.385918372857,0.820262482073,0.16534246815,-0.448638207848,-0.313934845452,319
1453141426,172658088,2.95473902432,-0.916639357738,0.379051023471,0.790236011419,0.259293127318,-0.399898464469,-0.385195195321,320
1453141426,255951078,2.91556075595,-1.03853281966,0.397183384396,0.835906403317,0.0528135562539,-0.487773706171,-0.246065082323,321
1453141426,239250143,2.92241719473,-1.01795097667,0.391612733093,0.831009300266,0.10062293674,-0.471652770919,-0.277204313021,322
1453141426,206562540,2.93800080731,-0.974469908828,0.384198562675,0.815023040121,0.186110139146,-0.439554290233,-0.328469916608,323
1453141426,289259081,2.90308985585,-1.06018217334,0.397415335579,0.845799815791,-0.0304999172721,-0.479309773305,-0.232281225821,324
1453141426,323085307,2.8919457762,-1.08748500709,0.389189688338,0.853344579369,-0.065753508113,-0.458634154049,-0.239027650644,325
1453141426,314403620,2.89466259054,-1.07989017256,0.392580404741,0.851896754673,-0.0637549209755,-0.463708146931,-0.234908458553,326
1453141426,331338242,2.8895176101,-1.09545865891,0.385063097796,0.855332341949,-0.0659746150695,-0.450633891787,-0.246947424678,327
1453141426,348035266,2.88434497273,-1.11681585056,0.37821541267,0.854999405722,-0.0548551874747,-0.449003388429,-0.253698407172,328
1453141426,364755271,2.88055872355,-1.1353928758,0.36957691782,0.856056002503,-0.03806397461,-0.443875882874,-0.262094362811,329
1453141426,406227719,2.86480407472,-1.18197925513,0.368855148567,0.846219661367,0.018025994773,-0.461401198822,-0.26588772434,330
1453141426,432031767,2.86273503296,-1.19740791911,0.37302471932,0.804679071827,0.129305908266,-0.570051967165,-0.10398234553,331
1453141426,381175091,2.87570426734,-1.14975855892,0.364370284751,0.858185501306,-0.0250914290689,-0.434451665432,-0.272286275708,332
1453141426,439468744,2.86077173998,-1.2050369554,0.372478048406,0.796644439078,0.147835005516,-0.577843669231,-0.0979752150324,333
1453141426,372801404,2.87890387961,-1.14067080354,0.364932430138,0.859046800118,-0.0329417341509,-0.431811614,-0.272932532637,334
1453141426,397770430,2.86869007641,-1.16858548203,0.366058158715,0.851598217804,0.00189319245554,-0.447855590066,-0.272400920891,335
1453141426,481180260,2.85043058418,-1.23246538184,0.367697995128,0.811140978237,0.173389527741,-0.544398564497,-0.124966347742,336
1453141426,476208261,2.85352505868,-1.23143823172,0.372880176445,0.805820521712,0.165776420005,-0.558382014435,-0.10668172905,337
1453141426,523055555,2.84156770957,-1.24596873285,0.36225641714,0.816811289853,0.17896284434,-0.529865356056,-0.141542649285,338
1453141426,489259639,2.84869172377,-1.23588189686,0.365956227171,0.810495049598,0.17677877158,-0.543521218604,-0.128186291868,339
1453141426,539290582,2.83256274161,-1.26007420338,0.353605920907,0.837352529439,0.115946036982,-0.431324209758,-0.315208952963,340
1453141426,506106266,2.83942233688,-1.24766378207,0.355251539942,0.838339249599,0.109956767356,-0.432848607984,-0.312632203172,341
1453141426,589493609,2.82662579904,-1.26168490397,0.347594457136,0.837784661828,0.127894027201,-0.409777578852,-0.337405266826,342
1453141426,623100326,2.8220944812,-1.26675939706,0.346948484838,0.840058024708,0.117541332366,-0.411130801026,-0.33385328328,343
1453141426,631160638,2.82097407922,-1.26616981271,0.34609348699,0.840869646931,0.117105073296,-0.404020156041,-0.340576499762,344
1453141426,639283525,2.81966668921,-1.26596235632,0.345587389806,0.841548951215,0.114219596906,-0.401278711333,-0.343110247912,345
1453141426,648008727,2.81865415531,-1.26576200468,0.345044250338,0.842412574273,0.112156681867,-0.398451873324,-0.344960922518,346
1453141426,664598684,2.81573908484,-1.26456838446,0.343724779235,0.842261396569,0.108667125705,-0.391778238559,-0.353973173324,347
1453141426,656256284,2.81732075608,-1.26541331627,0.344501410611,0.843073777367,0.10895100617,-0.394746048197,-0.34861417298,348
1453141426,673031042,2.81528411155,-1.25950705022,0.341832331094,0.842427969128,0.107281723065,-0.376876101911,-0.369824488826,349
1453141426,685325132,2.8139187309,-1.25903794926,0.341328382269,0.842226054128,0.105064551798,-0.37381974466,-0.373999347868,350
1453141426,697851445,2.81735629756,-1.25374881584,0.350059240106,0.833586763178,0.16696798136,-0.487066903225,-0.200051576445,351
1453141426,731167273,2.81331241205,-1.25403298395,0.348611545274,0.832168933491,0.161132379469,-0.488810045336,-0.206387892079,352
1453141426,606255166,2.82455009247,-1.26657015371,0.347635918446,0.839821790296,0.124037503183,-0.412525007707,-0.330359162676,353
1453141426,755590210,2.81055332202,-1.25566349701,0.347609278013,0.83231763372,0.159822205609,-0.487595719812,-0.209653602915,354
1453141426,747933717,2.81197185913,-1.25504936124,0.348079057424,0.829068302218,0.163260590935,-0.495122374106,-0.202102855903,355
1453141426,798746390,2.80493185181,-1.25900673178,0.344966064455,0.841327563161,0.157442489518,-0.459987685964,-0.236201445213,356
1453141426,772691540,2.80876969087,-1.25647561905,0.346356286939,0.828490501909,0.1670877831,-0.48886259267,-0.216098418488,357
1453141426,830972483,2.79955499672,-1.262095052,0.342996682186,0.842018711188,0.155476913337,-0.451584205151,-0.250804954269,358
1453141426,847588843,2.79653129409,-1.26397305168,0.341605001319,0.842718658895,0.156232573311,-0.445190079646,-0.259272902502,359
1453141426,822652573,2.80100789087,-1.26104443922,0.343390395026,0.844466092486,0.152059685492,-0.446685325859,-0.253430642092,360
1453141426,889245114,2.78714157653,-1.27102161866,0.337573675718,0.848092307438,0.157241682028,-0.418312521182,-0.284656154192,361
1453141426,783363010,2.80761000179,-1.25707780941,0.345356177302,0.839460058276,0.160670357449,-0.464147736422,-0.232505323746,362
1453141426,914394540,2.78089927623,-1.27535614976,0.334803917058,0.84663056737,0.162436851488,-0.411854960202,-0.295307371106,363
1453141426,922931027,2.77809381544,-1.2773118945,0.333780303398,0.848894937262,0.160216151984,-0.401844858246,-0.303692080956,364
1453141426,881766578,2.78905608211,-1.26955172285,0.33831208286,0.847762884721,0.155651935571,-0.422242012867,-0.280681757177,365
1453141426,964363391,2.76280393994,-1.28933443459,0.326501125737,0.847342906058,0.168363073455,-0.377681443216,-0.333197542759,366
1453141426,947800810,2.76947813439,-1.28390989366,0.329737020074,0.848560387256,0.163091046751,-0.386969242682,-0.32187169007,367
1453141427,6099838,2.7390336153,-1.30657171582,0.316153615385,0.848636310057,0.173492227667,-0.326407872466,-0.378384409013,368
1453141426,992357657,2.75076673947,-1.29856952109,0.320719588122,0.842235275646,0.18254323537,-0.369512950788,-0.347531130805,369
1453141427,22653132,2.73018641738,-1.31363557046,0.310554298951,0.840096747861,0.202247073628,-0.326342455104,-0.383189479812,370
1453141427,31157841,2.72483444785,-1.31790115647,0.308314461343,0.838264531038,0.211803682606,-0.325595081363,-0.382674298889,371
1453141427,64373935,2.69389426267,-1.33801816144,0.300419937016,0.836250656104,0.227763521674,-0.275439698865,-0.415862466025,372
1453141426,981307791,2.75508857597,-1.29536145952,0.322877250811,0.842456308597,0.179406420355,-0.377655120569,-0.33979010337,373
1453141427,72593625,2.68077439057,-1.34174134969,0.287231625757,-0.769687237793,-0.158703427723,0.128934682572,0.604789736717,374
1453141427,139244347,2.58042303865,-1.39939032541,0.290883023802,-0.730501375861,-0.199682502726,0.0378842939499,0.651965810639,375
1453141427,114336920,2.61905879971,-1.37471291237,0.286012334888,-0.741964676475,-0.184031001598,0.0676150505303,0.641131198941,376
1453141427,122698387,2.60622220418,-1.38241537691,0.287057585362,-0.737520809236,-0.189890672461,0.0575115231599,0.645520730232,377
1453141427,81092962,2.66940899814,-1.34776626134,0.286183360439,-0.764485472023,-0.164118007549,0.11733448466,0.612258002294,378
1453141427,164427505,2.53883354483,-1.43160504598,0.298425814408,-0.73000802885,-0.199899024061,0.0216555890838,0.653191926968,379
1453141427,181126483,2.47588383902,-1.47014600884,0.304998754189,-0.773946694368,-0.0418293345551,0.203655916831,0.598148049054,380
1453141427,231185779,2.39303677672,-1.52670126243,0.312043932965,-0.783832091657,-0.0532322596486,0.16682053178,0.595772178603,381
1453141427,214381685,2.42295944737,-1.50964160099,0.305651190847,-0.782914174902,-0.0668795350516,0.170918008583,0.594440541073,382
1453141427,172441372,2.52577882955,-1.44155160612,0.301362937454,-0.728252098558,-0.205072428287,0.0226774562691,0.653513514076,383
1453141427,256035025,2.35818114263,-1.54226896866,0.325330847536,-0.772987083621,-0.0542798377053,0.119405316005,0.620714941244,384
1453141427,247718537,2.37441028876,-1.53330485983,0.32233177556,-0.771600074296,-0.0607921505781,0.118486181793,0.62201178807,385
1453141427,300190010,2.27734059715,-1.58988097072,0.338271887266,-0.784476757902,-0.000124854719592,0.143011999126,0.603443260653,386
1453141427,314330636,2.24497532949,-1.61001955307,0.342913416467,-0.79084064285,0.0213292940093,0.157783855079,0.590948723588,387
1453141427,289327876,2.3058661815,-1.57734229913,0.344144570656,-0.781866407342,-0.0723758319024,0.0773125221934,0.614385411561,388
1453141427,339496194,2.21910211948,-1.63466711071,0.349094364101,-0.796351699211,-0.0651770338279,0.0626224136169,0.598042104486,389
1453141427,347997970,2.20623178488,-1.64169771154,0.350586305006,-0.799318432922,-0.0706953120851,0.0742697740385,0.592094769699,390
1453141427,372937176,2.15827177891,-1.67176642195,0.354510488548,-0.812996636803,-0.0345010486165,0.118753531672,0.56898483715,391
1453141427,364391396,2.17424857759,-1.66160350642,0.353113195526,-0.807736918645,-0.0503661830492,0.104930414565,0.577939379141,392
1453141427,330906414,2.2126077706,-1.63038437386,0.347067839824,-0.796169583029,0.0444340616748,0.171497006907,0.578557158666,393
1453141427,398183400,2.11128370037,-1.6989833003,0.358854344481,-0.820055234365,0.00795894223054,0.164045141958,0.54821096234,394
1453141427,422806781,2.06681114408,-1.72197663329,0.363916168646,-0.821100985194,0.0649834239338,0.210698450377,0.526475535743,395
1453141427,439549274,2.03931730097,-1.73520374829,0.367787452128,-0.81781067057,0.107536842428,0.238264463377,0.512690530549,396
1453141427,472918876,1.98465403187,-1.76284027336,0.381806171004,0.803847501008,-0.21501367983,-0.301236726866,-0.465676654983,397
1453141427,489559188,1.96846861354,-1.76963834574,0.384925182349,0.7961605663,-0.253533991916,-0.308718434956,-0.454468695875,398
1453141427,497736837,1.95941749769,-1.77384384235,0.387818484987,0.790408258473,-0.27616019913,-0.317669262806,-0.445057938726,399
1453141427,522904351,1.93722715627,-1.78337557394,0.392013296342,0.773343311696,-0.323984081993,-0.338729927446,-0.426891640961,400
1453141427,514457812,1.94490074534,-1.77986189885,0.389869554596,0.778270312675,-0.302596951522,-0.336182434119,-0.435559153649,401
1453141427,548261065,1.91537074363,-1.79500292296,0.396222481647,0.757945405735,-0.365637749247,-0.353726431999,-0.408295737861,402
1453141427,572828223,1.89202261368,-1.80742475326,0.393406921429,0.754871665633,-0.386198760229,-0.345965294239,-0.401655699829,403
1453141427,555901910,1.90761871711,-1.799200079,0.396478651505,0.754713835067,-0.378598366158,-0.354414073876,-0.401822060793,404
1453141427,622782895,1.83799745733,-1.84270724557,0.370062397483,0.775749139928,-0.343876499863,-0.312092122108,-0.427271262854,405
1453141427,581107557,1.88373477483,-1.8120069361,0.390289277835,0.756276515042,-0.391811191752,-0.332307638373,-0.405094379488,406
1453141427,631211829,1.82988446098,-1.84983025742,0.366908245258,0.780979253025,-0.336084403275,-0.305698866075,-0.428563744967,407
1453141427,647918631,1.81127554536,-1.86143608005,0.365373445541,0.785671645266,-0.309808859589,-0.321460329478,-0.428254355397,408
1453141427,664344325,1.79196004544,-1.87228512659,0.366711701048,0.791139496726,-0.277226474246,-0.333049024846,-0.431650467099,409
1453141427,597818759,1.86545646983,-1.82286997836,0.382238470677,0.763923930208,-0.379804292513,-0.315122870424,-0.415772178939,410
1453141427,564513200,1.89984026163,-1.80338627786,0.395514220818,0.753264843388,-0.386182858277,-0.349622861519,-0.401520523002,411
1453141427,714719438,1.74413882717,-1.89545455793,0.359092126675,0.810610931465,-0.205288799644,-0.318819529326,-0.446229239574,412
1453141427,722985089,1.737677215,-1.8976489739,0.358024041554,0.812252436593,-0.202155430322,-0.311921574262,-0.449537643306,413
1453141427,697900193,1.75772082914,-1.89000118642,0.362262208488,0.805196063601,-0.223257521066,-0.330745953515,-0.438659882692,414
1453141427,756025668,1.7166596186,-1.90364556656,0.349790454201,0.81639522638,-0.189069234252,-0.2820503165,-0.467118055705,415
1453141427,681040369,1.77399563475,-1.88195261477,0.365617892372,0.797333114443,-0.248437219028,-0.337334326006,-0.434447241115,416
1453141427,789789316,1.7013561379,-1.90692905346,0.34344847832,0.818462591906,-0.186587334936,-0.251729231827,-0.481597908981,417
1453141427,797823228,1.69802795505,-1.90828152223,0.342338717308,0.820554811609,-0.182160457714,-0.245252812515,-0.48307186499,418
1453141427,814367228,1.69121750051,-1.91101252957,0.340228560102,0.823566827902,-0.174301286632,-0.242921267567,-0.482022820229,419
1453141427,831221188,1.6860843564,-1.9124117058,0.33792072428,0.824853053574,-0.163943665995,-0.239767255553,-0.485027398767,420
1453141427,882890395,1.676674511,-1.9119849593,0.333919209599,0.825518664816,-0.157584166307,-0.228216505723,-0.491531678618,421
1453141427,922785201,1.67282927264,-1.90915726153,0.332359912174,-0.823690639394,0.165486701414,0.208675317396,0.500602131577,422
1453141427,942836490,1.67174230605,-1.90828001135,0.331876949402,-0.823338611573,0.168741879669,0.202659195692,0.502562393281,423
1453141427,898189685,1.6758013242,-1.9100692753,0.332769491888,0.824583182479,-0.1642948118,-0.212065399862,-0.498094424953,424
1453141427,891543730,1.67639677998,-1.91090642208,0.333085982238,0.825237531381,-0.165474542044,-0.2178853887,-0.494092248601,425
1453141427,851285682,1.68228852309,-1.91320822237,0.336080908745,0.82625056813,-0.161413483249,-0.234104810956,-0.486261887852,426
1453141427,947789915,1.67116817383,-1.90798338323,0.331529345438,-0.823077841102,0.166892621535,0.199036708477,0.505048620473,427
1453141427,964597914,1.67629642185,-1.90745148883,0.341475227124,0.84967123189,-0.109293668419,-0.349885025711,-0.379070126132,428
1453141427,972423564,1.67633379438,-1.90740827869,0.34160776881,0.846894103122,-0.106150572622,-0.360442034369,-0.376276459388,429
1453141428,322976494,1.59626273779,-1.92606300636,0.33836861366,-0.548662038036,0.078479041574,0.806535930849,0.20569589277,430
1453141428,367869703,1.41309789417,-1.90285187338,0.294633330607,-0.835435612998,0.147406507901,-0.00611819340355,0.529415928805,431
1453141427,982395918,1.6763547606,-1.90699888598,0.341541609404,0.841695510149,-0.094363884582,-0.379114113253,-0.372715192358,432
1453141427,866431949,1.67908625106,-1.91296872164,0.334845994396,0.825693834361,-0.152756433284,-0.232396922068,-0.490802235735,433
1453141428,359995648,1.42857653284,-1.90393556422,0.293556559533,-0.836944917089,0.151032553665,0.00110582882823,0.526033412091,434
1453141428,385976187,1.38939612227,-1.89445269443,0.299448521762,-0.844401992981,0.105434634612,0.0101224004337,0.52513460092,435
1453141427,908262754,1.67497655083,-1.90952562008,0.332492773736,0.824251662635,-0.166031249506,-0.208778823173,-0.499453925629,436
1453141427,955818937,1.67732839669,-1.90794925356,0.341656132373,0.846869025211,-0.102179464536,-0.365050097965,-0.372975384095,437
1453141428,376468768,1.40574849082,-1.89494021666,0.297202179084,-0.84376201727,0.102515723285,0.0172396002061,0.52655387272,438
1453141427,857569370,1.68088469747,-1.91285919566,0.335200464595,0.826591198518,-0.158393173531,-0.229108893895,-0.489047756205,439
1453141427,918262977,1.67367009867,-1.90926945373,0.332694953297,-0.823360198459,0.163776634165,0.20997588891,0.501163968949,440
1453141428,389526988,1.35282797997,-1.88515630977,0.305511780409,-0.816313022846,0.199009238619,-0.0200389436734,0.541873428407,441
1453141428,398188638,1.33582509774,-1.88523760549,0.30786664452,-0.816534843864,0.197115125907,-0.0285124903556,0.541851929763,442
1453141427,934006178,1.67261380773,-1.90872561836,0.332030899846,-0.822957886871,0.172734011275,0.201145164497,0.502437956951,443
1453141427,874152483,1.67782715553,-1.91236488137,0.334323906637,0.825687802026,-0.153332622954,-0.22787110987,-0.492750969162,444
1453141428,406195660,1.34275116839,-1.89239426247,0.314153365283,-0.859465843373,0.0244054207639,-0.0410233647782,0.508959647767,445
1453141428,417689929,1.32490730647,-1.89312673062,0.317358193222,-0.86212379646,0.017560598876,-0.0367190574304,0.505060289239,446
1453141428,422931799,1.28221830665,-1.88621093724,0.316319878046,-0.820914884776,0.19166690729,-0.035468768023,0.53675368196,447
1453141428,431598333,1.26436165174,-1.88599298268,0.31881962173,-0.823323456892,0.191574093318,-0.0365599919597,0.533011462437,448
1453141428,439395623,1.24636594486,-1.88589946934,0.32175654216,-0.824627611194,0.192890661346,-0.0409940977224,0.530190512527,449
1453141428,447598201,1.22886880289,-1.88588522889,0.324574429003,-0.820261508671,0.202221854742,-0.0529766560259,0.532419808773,450
1453141428,456145934,1.21882005909,-1.88304398619,0.312217317901,-0.744915823758,0.155979009517,-0.0685075241339,0.645040838429,451
1453141428,464565579,1.20130603097,-1.8828367443,0.314881966547,-0.743021946867,0.155841156314,-0.0716784812703,0.646911211678,452
1453141428,472856160,1.18355274733,-1.8824841018,0.31851208968,-0.744656187859,0.167488894254,-0.0728933785636,0.641966656101,453
1453141428,481164337,1.16541834978,-1.88205230372,0.321180182746,-0.74143089776,0.172329947641,-0.0738384836312,0.644306209288,454
1453141428,489451495,1.14660042043,-1.88158564373,0.324533087822,-0.745751434686,0.18328075632,-0.0705996340794,0.636614996442,455
1453141428,498813231,1.12785260266,-1.88088426303,0.327347738756,-0.745751486343,0.191946836356,-0.0683497767265,0.634302325908,456
1453141428,506061008,1.10897906508,-1.87981503704,0.329860067719,-0.745422945561,0.200481054935,-0.0627954170482,0.632620513769,457
1453141428,514415143,1.09038254155,-1.87939991681,0.332265815511,-0.746935937118,0.210144458945,-0.0609919885387,0.627858255939,458
1453141428,522994166,1.0709454964,-1.87835785864,0.33468474607,-0.746311687641,0.220743359051,-0.0499766005457,0.625934160853,459
1453141428,531346345,1.05182103356,-1.87765511514,0.336998098883,-0.746585679083,0.230650853459,-0.0442687917418,0.622455043891,460
1453141428,539455057,1.03254072299,-1.87678540217,0.339221902727,-0.747179544606,0.239384740011,-0.034613039338,0.619047342196,461
1453141428,556256702,0.993822666038,-1.87496599631,0.343643735407,-0.747819491039,0.259160588438,-0.013144267298,0.611088394964,462
1453141428,564558527,0.974756073437,-1.87418426354,0.345840825236,-0.747292297938,0.271003372137,-0.00385035237906,0.606709624548,463
1453141428,572937104,0.955452205844,-1.87346877008,0.347911844216,-0.74685094541,0.283436580565,0.00888370997086,0.601496841085,464
1453141428,589374528,0.939345969224,-1.8838513465,0.365694041233,0.867547665924,-0.165316703648,-0.0875214519485,-0.460837748338,465
1453141428,606987734,0.903308834557,-1.88172847795,0.367871903859,0.861551320065,-0.18511697721,-0.123321528915,-0.456347267056,466
1453141428,614524932,0.886619187993,-1.88048504207,0.368392336127,0.857595668413,-0.189957324437,-0.137741986704,-0.457682236395,467
1453141428,597705198,0.92109498263,-1.88295183929,0.366757413744,0.864400643783,-0.17566915903,-0.102655168779,-0.459797553186,468
1453141428,639507157,0.835781372991,-1.87434739452,0.37212199381,0.837445958999,-0.236537774686,-0.188665700855,-0.45512569717,469
1453141428,664733829,0.784116959863,-1.86948386167,0.383687412584,0.808565271506,-0.344016540149,-0.159398041456,-0.449963427623,470
1453141428,681302764,0.760665237183,-1.85111688694,0.367118880903,-0.728287239521,0.391886677736,0.082200946902,0.556116474214,471
1453141428,547650302,1.01318004262,-1.87579963915,0.341457494311,-0.747640992398,0.248592423886,-0.02479298156,0.615321104252,472
1453141428,725078369,0.707074726183,-1.84191866129,0.379552753912,-0.675338820055,0.488791309919,0.150008403966,0.531505420682,473
1453141428,731391390,0.698972643555,-1.83896607343,0.381494699066,-0.663227011643,0.507076199499,0.155902990538,0.527918475211,474
1453141428,672731563,0.765037024202,-1.86330225862,0.369288288112,-0.74281008483,0.375502507779,0.0848090805332,0.547757669399,475
1453141428,747715392,0.686800293174,-1.83424483998,0.384690728442,-0.640262568234,0.548378056256,0.155658919853,0.51489382576,476
1453141428,739517213,0.690219328032,-1.83676826684,0.384887286321,-0.649010362756,0.53031574797,0.162799999335,0.520621663694,477
1453141428,789422510,0.652960828902,-1.82538801986,0.390473255022,-0.58825034635,0.620213638564,0.171504220802,0.489778393567,478
1453141428,714546233,0.715418827299,-1.84569188152,0.376707397398,-0.690280954904,0.46417978241,0.141744664609,0.536616979748,479
1453141428,814441403,0.629896562805,-1.82028706613,0.385590169276,-0.584239202621,0.624910024399,0.163161093851,0.491457498651,480
1453141428,835567269,0.612016970544,-1.81680767927,0.378303969192,-0.588998960225,0.624759959003,0.142160959374,0.492489065981,481
1453141428,706698588,0.724746616487,-1.84874451724,0.374548619239,-0.70335100133,0.443144433733,0.130370999544,0.540299715211,482
1453141428,856249719,0.580355407426,-1.81340057032,0.367721625513,0.607072749928,-0.603007928138,-0.134540988362,-0.499742771181,483
1453141428,872847009,0.563404958159,-1.81082068686,0.360341421867,-0.618362281781,0.588087448249,0.126529692198,0.505738547744,484
1453141428,864686475,0.571945906035,-1.81255023449,0.363143459483,-0.61505264314,0.593637881455,0.130085198517,0.502376505217,485
1453141428,889415455,0.5467005921,-1.80473808036,0.359781170134,-0.621147190662,0.579463955837,0.128662345301,0.511706646742,486
1453141428,934259283,0.50488698982,-1.79173588689,0.355145837387,-0.655991813952,0.529325937949,0.123584306104,0.523656099676,487
1453141428,897733411,0.537560944886,-1.80188629726,0.360308237855,-0.627880851547,0.571501034896,0.129796099554,0.512157374168,488
1453141428,964420308,0.47810932613,-1.78437201438,0.348938143477,-0.67729737169,0.502834571127,0.107431990478,0.526197711705,489
1453141428,939457148,0.497425823699,-1.78974085401,0.353600237869,-0.66275667087,0.521303286912,0.119767916384,0.524072632825,490
1453141428,923047102,0.512900956835,-1.79427339048,0.357275743471,-0.645602502049,0.539113347576,0.129857701339,0.525063029756,491
1453141428,989407911,0.464054279787,-1.77885453836,0.343834285944,-0.68514651063,0.494670942387,0.088752833937,0.527255016285,492
1453141429,14909827,0.454656432006,-1.77343409821,0.338341652938,-0.689821985039,0.489085006396,0.0691004913377,0.529307668159,493
1453141429,6204670,0.457449168017,-1.77515273875,0.340015066825,-0.687911320657,0.490876365405,0.0745553460779,0.529395796327,494
1453141428,914881190,0.521229151238,-1.79650637564,0.358820146819,-0.638357894121,0.55030975625,0.128968883846,0.522518323304,495
1453141429,56145653,0.444149865878,-1.76525475621,0.332288327925,-0.697006146397,0.481108639885,0.046142944704,0.529705330506,496
1453141429,81484280,0.441501376334,-1.7609123536,0.329449463671,-0.696588144695,0.481027334637,0.03009357852,0.53148098417,497
1453141429,89522592,0.440808712888,-1.75996237595,0.328904192314,-0.696295582463,0.482356232268,0.0281139689739,0.530767869961,498
1453141429,122960642,0.441626803312,-1.76237774262,0.312976703867,0.648076775043,-0.641865227344,0.0435211267571,-0.407567706157,499
1453141429,97735438,0.440451666809,-1.75855360094,0.327973498291,-0.697560473903,0.478583388085,0.0269051943005,0.532581858889,500
1453141429,147736556,0.439940842336,-1.75422815054,0.326739069038,-0.691698499687,0.486703212738,0.0059374428594,0.533514681161,501
1453141429,164489802,0.440034570328,-1.75304236217,0.326295773803,-0.689309572929,0.486421783419,0.00425936624305,0.536868716805,502
1453141429,172645447,0.440475438605,-1.7522119917,0.3259901031,-0.686836870579,0.487463461591,-0.00214792766226,0.539100986118,503
1453141429,181362337,0.440554586572,-1.75160607234,0.325531437102,-0.685579129414,0.487754409361,-0.00577010622883,0.540410584033,504
1453141429,214616073,0.43918049743,-1.75040583333,0.325032329394,-0.6858215591,0.48784775385,-0.00952476912102,0.539965403438,505
1453141429,189608915,0.445480897255,-1.7518063875,0.324341040895,-0.685026279292,0.486583081085,-0.0243719892384,0.541647401934,506
1453141429,156227090,0.440745181314,-1.7529825118,0.326004144194,-0.688598512874,0.486370737143,0.0029651226212,0.537835292787,507
1453141429,255982922,0.437779138265,-1.74750648907,0.322839022348,-0.681503036827,0.488871503158,-0.0285199663096,0.543824305927,508
1453141429,281230615,0.43608793614,-1.74596650767,0.321713339279,-0.678846296452,0.489566279082,-0.039909052854,0.545802007764,509
1453141429,206265850,0.439355689683,-1.750938623,0.325195785184,-0.687319785746,0.486905351108,-0.00683570212472,0.538950799574,510
1453141429,297783418,0.434841881568,-1.74403804182,0.320938121779,-0.67623334163,0.49121592921,-0.0462361812868,0.54706269668,511
1453141429,323075600,0.432652190057,-1.74148993507,0.318972914667,-0.674020797998,0.489569593772,-0.0583639405683,0.550101106308,512
1453141429,314458442,0.433139422119,-1.74272843864,0.319841410907,-0.676865743942,0.489489731374,-0.0522577590519,0.547285751848,513
1453141429,364766093,0.427848261726,-1.73661528948,0.315288666661,-0.672495588621,0.486729314001,-0.0768868336974,0.552207092476,514
1453141429,289434172,0.435378233044,-1.7445440758,0.321403322681,-0.678883788929,0.487693334564,-0.0397888457402,0.547438453441,515
1453141429,397554898,0.423436319388,-1.73045077022,0.31062228555,-0.668066833559,0.484686430678,-0.100648854335,0.55554979789,516
1453141429,381251918,0.42562597882,-1.73398857726,0.313340391694,-0.67181268032,0.485264977774,-0.0863548940419,0.552927170777,517
1453141429,414632768,0.421903931161,-1.72442839543,0.308096308712,-0.659902948102,0.487993247873,-0.11740913593,0.559111602381,518
1453141429,406183789,0.425083405245,-1.72487359962,0.309851489791,-0.658054687137,0.493120919009,-0.113989385563,0.557496374834,519
1453141429,389189030,0.424661531173,-1.73221816949,0.311964973436,-0.669622752688,0.485140672691,-0.0937083423176,0.554493140953,520
1453141429,489478732,0.39154805705,-1.70162884969,0.289182235699,-0.672486107216,0.446459724245,-0.194738817977,0.557236882305,521
1453141429,432047970,0.417257928027,-1.72065330116,0.304499010239,-0.660936524425,0.481677260626,-0.133466971978,0.559764677938,522
1453141429,498238154,0.387455192886,-1.69698761418,0.287301445562,-0.67444922343,0.440735580066,-0.206033099136,0.555356422074,523
1453141429,506835266,0.382988190367,-1.69123329997,0.286173122685,-0.677092053757,0.437575010558,-0.213909201485,0.551649630104,524
1453141429,531220069,0.364221713453,-1.66717148681,0.284757082999,-0.667380583466,0.442044352084,-0.254129260419,0.542787496726,525
1453141429,440110727,0.41291217639,-1.72040298901,0.302265501712,-0.66510000718,0.474516876396,-0.138309607229,0.559773317524,526
1453141429,451773659,0.409754269769,-1.718151032,0.300157762227,-0.666530116836,0.469602306512,-0.148180519217,0.559690817143,527
1453141429,572804475,0.350276942277,-1.61106852031,0.292780575317,-0.617029934067,0.453618493951,-0.335543684066,0.548556978348,528
1453141429,564413185,0.354653713564,-1.6288461146,0.290026088051,-0.651885876687,0.433369714704,-0.334722150357,0.524591818668,529
1453141429,556163673,0.358977927067,-1.63930701855,0.288631122383,-0.6528777327,0.436132148609,-0.321095049545,0.529563390212,530
1453141429,598451102,0.335808845099,-1.5724844577,0.315672427062,0.610299953184,-0.550975624427,0.362083306295,-0.439153171152,531
1453141429,614490571,0.322325954514,-1.54428825662,0.331701039305,-0.593315276558,0.601878841637,-0.325581138646,0.423928961914,532
1453141429,672783244,0.272420572534,-1.47404440719,0.366488356021,0.60261735056,-0.595901604869,0.357689670605,-0.392188354826,533
1453141429,655959109,0.283185001243,-1.49943479289,0.353937888599,0.617149901701,-0.575827217446,0.351133416285,-0.405283034986,534
1453141429,648056708,0.288285189362,-1.51221434736,0.347942735078,0.628158732746,-0.563185820362,0.342368346658,-0.413548368907,535
1453141429,697805557,0.251671485128,-1.42694744683,0.393291364019,-0.572006197609,0.659334131617,-0.282030464325,0.398178640781,536
1453141429,714591070,0.245033485176,-1.40660039985,0.404855190758,-0.574096284554,0.652892247934,-0.322972272161,0.373943953107,537
1453141429,739594317,0.223707624518,-1.37918365437,0.420014123451,-0.618212048717,0.630732137537,-0.32758980186,0.335672094783,538
1453141429,764542810,0.208999352747,-1.34082905203,0.441848554036,-0.602360115876,0.656824665104,-0.314367617883,0.3269811171,539
1453141429,747832096,0.225409257343,-1.35635061053,0.433612267796,-0.550342446199,0.68829889139,-0.308943262769,0.357661695479,540
1453141429,757288676,0.213794141521,-1.35356450612,0.434336812148,-0.607854775044,0.647756651458,-0.322683261538,0.326801783456,541
1453141429,805956594,0.186762013134,-1.27765226595,0.4766791233,-0.574988976176,0.695666810143,-0.275629873456,0.330852745794,542
1453141429,723144182,0.24265237616,-1.39937343241,0.407983650041,-0.576464712122,0.635160523079,-0.368458664221,0.35846583988,543
1453141429,847853400,0.179834718579,-1.225677612,0.485923301747,-0.554744967869,0.691352831127,-0.161238310351,0.433925674271,544
1453141429,831174465,0.180162342876,-1.24751117299,0.491686745381,-0.560979936792,0.709701237507,-0.262044744268,0.336092570581,545
1453141429,872749580,0.162750931734,-1.19120653179,0.517047849811,-0.524520071176,0.741406443194,-0.213953356046,0.359748721138,546
1453141429,881302203,0.1606406664,-1.18221878479,0.520405719475,-0.516379115958,0.746231260331,-0.208716247209,0.364594353849,547
1453141429,889408959,0.156663025312,-1.17792028065,0.522498790405,-0.519194975803,0.743375093459,-0.200472268015,0.370999888522,548
1453141429,914600428,0.151030218571,-1.15115997208,0.531793913775,-0.486478036265,0.763289855536,-0.184320849859,0.383084247881,549
1453141429,923091451,0.149324044845,-1.14456909252,0.532852554633,-0.47792642363,0.766220521513,-0.180014647408,0.389983554432,550
1453141429,947783765,0.14344311912,-1.12720230013,0.535236573379,-0.461097969896,0.775094745565,-0.175138655716,0.394896503946,551
1453141429,964581501,0.13946357829,-1.11691740848,0.534817091783,-0.455414679669,0.774100065516,-0.164236494107,0.407912897705,552
1453141429,956077767,0.141761520372,-1.12183981852,0.534966695933,-0.458174148986,0.773950888679,-0.171403261493,0.402116143748,553
1453141429,981422749,0.134590160501,-1.10808548473,0.533572620788,-0.451639910793,0.775254186552,-0.165665907017,0.409337445716,554
1453141429,989404839,0.131972880072,-1.10421655677,0.53233885387,-0.451954316085,0.774132712516,-0.16283475704,0.412238622019,555
1453141430,14431554,0.124164205009,-1.09602990291,0.527013054433,-0.459094499601,0.768695593357,-0.157885971253,0.416426878661,556
1453141430,23032577,0.121303967306,-1.09310320055,0.524814509839,-0.459582090679,0.767145607625,-0.156984792881,0.419079578877,557
1453141430,31256668,0.118771228471,-1.09058963968,0.522611138611,-0.459461864754,0.766708393152,-0.157060111765,0.419982328199,558
1453141430,64558804,0.109365617498,-1.08505993962,0.509964480209,-0.468618730341,0.755969468395,-0.158763222605,0.428603415263,559
1453141430,39525246,0.116694610164,-1.08893049339,0.520133129299,-0.459944511357,0.762835417311,-0.152102332403,0.428249988963,560
1453141430,106174986,0.0977472400241,-1.08262499131,0.491503699602,-0.485444596845,0.746456524759,-0.165729039715,0.42388687811,561
1453141430,6247552,0.126756689743,-1.09846753495,0.529055114327,-0.456663467712,0.770873360947,-0.157991749158,0.415031740759,562
1453141429,998150085,0.129489151085,-1.10081155593,0.530636854809,-0.453036192075,0.774061213264,-0.163060008772,0.411094734008,563
1453141430,131453966,0.0871631445405,-1.05836494075,0.504719306162,-0.395891327139,0.796450701358,-0.0433556788562,0.455034748687,564
1453141430,148004324,0.0835075941496,-1.05483113535,0.503601099871,-0.400497302768,0.795646381968,-0.0418935919896,0.452541348704,565
1453141430,140732590,0.0853566155341,-1.05672204691,0.503561646073,-0.399660604631,0.795052125583,-0.0429637821152,0.454222007545,566
1453141430,189566734,0.0846694502999,-1.06986270545,0.484941444701,-0.510300455942,0.729019025906,-0.152098583263,0.430105481832,567
1453141430,181352418,0.0851045504388,-1.07028046306,0.485516812054,-0.508877661795,0.729869698941,-0.151682955424,0.43049509745,568
1453141430,214669223,0.0794110927426,-1.06401220392,0.480505466847,-0.461698019047,0.756528011511,-0.077885900831,0.456545828432,569
1453141430,231543714,0.0802695339542,-1.06405068586,0.479936666765,-0.459078451548,0.757069310988,-0.0792454212795,0.458053705247,570
1453141430,223051713,0.0797244521596,-1.06399971818,0.480075609698,-0.460851124793,0.756683441298,-0.0787906014828,0.456988458892,571
1453141430,264694786,0.0878196572319,-1.07039646257,0.482965017572,-0.499027668097,0.734619963016,-0.16006704687,0.430910010233,572
1453141430,272824520,0.0883075666892,-1.07080865118,0.483374771993,-0.497079078184,0.735565466358,-0.161149286424,0.431145847966,573
1453141430,314624527,0.0853897759625,-1.06892692557,0.485163975657,-0.439255135625,0.765492681159,-0.0859040611008,0.462273050485,574
1453141430,323102840,0.0856535240967,-1.06995727437,0.48594244316,-0.437483952637,0.765965740203,-0.0845547243287,0.463416415995,575
1453141430,298111325,0.0847399057072,-1.0523788643,0.50240820654,-0.393281095892,0.795641839639,-0.0461298860511,0.458427831008,576
1453141430,289599768,0.0837022760954,-1.05210877165,0.50137268982,-0.397553319296,0.791922416474,-0.0456019192042,0.461227394641,577
1453141430,372759289,0.0870043086898,-1.07849478684,0.492823467582,-0.424235542599,0.765062129858,-0.0836648408638,0.477183755231,578
1453141430,356217733,0.0868734979149,-1.07538634999,0.490089146209,-0.428659976741,0.765296108096,-0.0861090779579,0.472395721791,579
1453141430,364704845,0.0870034980792,-1.07689614229,0.491355860237,-0.426023017162,0.765516842891,-0.0855124884262,0.474527097668,580
1453141430,414672716,0.0866116256498,-1.0874386537,0.500967620837,-0.410726004091,0.766270276651,-0.0788448187215,0.487767882549,581
1453141430,406227159,0.0870451027122,-1.08542805365,0.499519879697,-0.412508773747,0.766782424541,-0.0804055616648,0.485197043117,582
1453141430,423101653,0.0864798860264,-1.08932216113,0.502521066208,-0.408402098749,0.766460622882,-0.0779534920399,0.489560100895,583
1453141430,439487252,0.0864166055172,-1.09289765974,0.505516770035,-0.40307193344,0.767336420141,-0.0801307509344,0.492246785213,584
1453141430,456305031,0.0864270098015,-1.09663652101,0.508424677285,-0.396624122652,0.767889412892,-0.078897409069,0.496800114474,585
1453141430,464648902,0.101742928071,-1.09711563124,0.503910673529,-0.36889649345,0.788790976226,-0.130150967751,0.47411485796,586
1453141430,489600327,0.105724171747,-1.0967369617,0.491555257097,-0.31590318803,0.76007416641,-0.244708874778,0.512454879919,587
1453141430,514599662,0.105523276481,-1.1013048389,0.494536398496,-0.308367751938,0.760787320787,-0.243683614895,0.516459367159,588
1453141430,497874772,0.105767366171,-1.09834318463,0.492772126081,-0.313047678346,0.760243355586,-0.244052733472,0.514265937677,589
1453141430,531334331,0.105555947384,-1.103374569,0.496288820425,-0.301207576055,0.762197746069,-0.242232840356,0.519280120039,590
1453141430,482017171,0.105663780981,-1.095124794,0.490368863959,-0.319175723897,0.759735941408,-0.244856430609,0.510855640076,591
1453141430,581257716,0.113900145607,-1.11585775304,0.496514276245,-0.288749588434,0.755034746039,-0.277056379051,0.519409251247,592
1453141430,614848296,0.114893747317,-1.11520569507,0.497130965856,-0.281655474573,0.755140316487,-0.277932701423,0.522672660027,593
1453141430,572706559,0.113697733773,-1.1154646039,0.496239224392,-0.29154246151,0.754740798146,-0.275376521736,0.519169617781,594
1453141430,623094876,0.115001718666,-1.11454351527,0.497010976151,-0.28120080831,0.75434130205,-0.279551537507,0.523207648362,595
1453141430,639527900,0.114737062858,-1.11276354117,0.496654398915,-0.280762895079,0.753271627177,-0.283951142987,0.522614390189,596
1453141430,631273991,0.114899144798,-1.11383231927,0.496793571176,-0.281610239342,0.75349494434,-0.281645892687,0.523083772529,597
1453141430,597895584,0.114391660086,-1.11616633761,0.497022716854,-0.286131466999,0.75475016827,-0.27429953649,0.522724335928,598
1453141430,673020704,0.110979066623,-1.1077161237,0.495688824658,-0.292281385978,0.746148270032,-0.286330942777,0.52521323455,599
1453141430,656240569,0.113683306032,-1.11055704102,0.496186897371,-0.283868414333,0.750576239571,-0.287095017615,0.523097010885,600
1453141430,689833107,0.108624211637,-1.1043477689,0.496351351765,-0.294580401388,0.746054422377,-0.283458701447,0.525619967794,601
1453141430,681305906,0.109851106706,-1.10593856412,0.496195562123,-0.291981227537,0.747310713476,-0.283124240592,0.525465816851,602
1453141430,747834892,0.100049423555,-1.10016293575,0.508806478203,-0.302922639454,0.734143027207,-0.322983046149,0.514736672494,603
1453141430,777112008,0.0952328320362,-1.07917265601,0.510842623997,-0.289246134427,0.743689347756,-0.2768457834,0.535368321781,604
1453141430,756299515,0.0997023604617,-1.0982576185,0.510659667864,-0.302775874114,0.732498888412,-0.325178278311,0.515782159292,605
1453141430,789746855,0.094842474046,-1.07252144323,0.515702099191,-0.289351008999,0.741177881139,-0.283290086723,0.535423261417,606
1453141430,806284009,0.0946366282727,-1.06365684395,0.521361036631,-0.291896519491,0.73756389807,-0.292428488948,0.534117493652,607
1453141430,814674320,0.094625658613,-1.05837945746,0.524515017962,-0.292933117025,0.735920143766,-0.297201302154,0.533182067354,608
1453141430,781431829,0.0950503082119,-1.07615633622,0.513158085674,-0.288874740246,0.74277072136,-0.280427515091,0.534979858235,609
1453141430,864600151,0.0979499564027,-1.01471355932,0.545058057367,-0.306123477903,0.724621377117,-0.330263466638,0.521668782568,610
1453141430,731465424,0.101042704132,-1.10332381782,0.505630010939,-0.304626765259,0.735691123676,-0.319240463039,0.513854679058,611
1453141430,898105666,0.099726994621,-0.979255489876,0.559123995888,-0.323466941937,0.715885624144,-0.369411307521,0.496399230956,612
1453141430,906223181,0.0997951127047,-0.970441974734,0.563203946838,-0.328786616038,0.713560727566,-0.379379997853,0.48867296469,613
1453141430,889607311,0.0996118043644,-0.988390337716,0.555538971902,-0.316248611183,0.71873537521,-0.360239541209,0.50362064026,614
1453141430,939655852,0.0990988125436,-0.936166376188,0.584416880583,-0.350066482341,0.701532375477,-0.424286747971,0.45308557646,615
1453141430,947911228,0.0990572035937,-0.927796448796,0.591020277085,-0.350887124867,0.700700392606,-0.435760230516,0.442730399797,616
1453141430,999233811,0.0957127403747,-0.873371805544,0.637386235848,-0.375794460771,0.683557591886,-0.483047869383,0.397733953433,617
1453141431,15703992,0.0938663663555,-0.854412561039,0.655196447621,-0.385088760267,0.679035404423,-0.493165440255,0.383934128196,618
1453141431,6977813,0.0948440413127,-0.864201770908,0.646266510741,-0.379824972206,0.680857916716,-0.489744734581,0.390276290189,619
1453141431,56144396,0.0885843275743,-0.802822827229,0.700366033613,-0.40444866774,0.67694154923,-0.497997120396,0.360791189148,620
1453141431,64576752,0.0875257518715,-0.791940538066,0.709207148151,-0.406998720588,0.678010086717,-0.495878161481,0.358830339737,621
1453141431,73032579,0.0904909185049,-0.790403598047,0.728871585954,-0.416687097524,0.651401619275,-0.537818030127,0.335856456889,622
1453141431,27427549,0.0928692647933,-0.844472706059,0.664333359992,-0.389050401599,0.67736235478,-0.496143351735,0.37902743947,623
1453141431,89616666,0.0961801814756,-0.754155065671,0.749684165957,-0.328538410994,0.704986623844,-0.476281433643,0.410137012069,624
1453141431,123072805,0.0814960774527,-0.720873687961,0.77561796468,-0.44367147776,0.677552581398,-0.487172983375,0.326711805008,625
1453141431,97993780,0.0843977272485,-0.74706649373,0.742973334474,-0.410665538624,0.687808299419,-0.483082468098,0.353418855827,626
1453141431,47914930,0.0907256963041,-0.821205104875,0.693891410262,-0.4228214741,0.661964646287,-0.505272636802,0.357385465018,627
1453141431,139752230,0.0810911926855,-0.697866465705,0.788924236461,-0.441376370925,0.686338087387,-0.472635700665,0.332779842311,628
1453141431,148057961,0.0866292902311,-0.692538331598,0.795182218256,-0.445151855371,0.681027099468,-0.477207672048,0.332136648366,629
1453141431,164746679,0.0871464403853,-0.669941066178,0.806088013048,-0.433828759085,0.692810737661,-0.461811993881,0.344289953208,630
1453141431,182964146,0.0876972330958,-0.648371295583,0.815084585413,-0.430550447268,0.70071099311,-0.445235486971,0.354112662347,631
1453141431,198039039,0.083876981865,-0.628427085753,0.821471445936,-0.435255987791,0.697271390625,-0.454240407336,0.34355565088,632
1453141431,84452535,0.089746635879,-0.779200000447,0.737464727377,-0.418010872627,0.654845206941,-0.533841745984,0.33385274532,633
1453141431,223063798,0.0913856334865,-0.599798339019,0.831221179666,-0.398728649229,0.725733862665,-0.408517635616,0.383978080437,634
1453141431,247937979,0.0938924686145,-0.576326990239,0.836089161899,-0.379124525854,0.736662465731,-0.393999435923,0.397941515767,635
1453141431,264795358,0.0946624128608,-0.5627637172,0.837679246596,-0.364778443762,0.74375408653,-0.386880692051,0.405080085729,636
1453141431,273092291,0.0947800424308,-0.556721768931,0.837776081288,-0.363633190799,0.744412456794,-0.381740741414,0.409749927474,637
1453141431,293237450,0.0939850338646,-0.545831850086,0.837130798634,-0.357333379525,0.747474846584,-0.374288285464,0.416536299699,638
1453141431,256428513,0.0943125213874,-0.569342219173,0.836989751679,-0.372875487015,0.739982592955,-0.390252181058,0.401363760803,639
1453141431,331353191,0.0892224270332,-0.526556361076,0.830281916779,-0.357178836494,0.746402479501,-0.364381128821,0.42723882117,640
1453141431,281251358,0.0945061564859,-0.551121589026,0.837605427284,-0.360568803968,0.746173345259,-0.378869232085,0.41191453168,641
1453141431,356330525,0.0837110726872,-0.520571656342,0.821887522356,-0.372025173289,0.740461356513,-0.360127898089,0.428511548233,642
1453141431,364745281,0.0813828666251,-0.519713639484,0.819380994864,-0.378659558278,0.738078026016,-0.361631852288,0.425535157005,643
1453141431,348213012,0.0859921105592,-0.521791523869,0.824955900222,-0.365587908328,0.742061547891,-0.360177939929,0.431233106352,644
1453141431,392973241,0.0715664232907,-0.508629578136,0.81806572419,-0.377953178572,0.74333205931,-0.346040964631,0.429958713374,645
1453141431,414825599,0.0748447244597,-0.507049807677,0.814767779536,-0.39166374697,0.729006256428,-0.355958482582,0.434100156733,646
1453141431,440084534,0.0704622616684,-0.502783840045,0.813257830014,-0.401412412083,0.725231481517,-0.346869595072,0.438849470384,647
1453141431,448610758,0.0689063986052,-0.501753957793,0.812093937075,-0.405900405926,0.724011996722,-0.343142393213,0.439664402756,648
1453141431,473083563,0.0642807566831,-0.502710672469,0.808244500142,-0.41885985157,0.718498449634,-0.342351801024,0.437163181149,649
1453141431,489921875,0.0630107584482,-0.502168611881,0.809720165628,-0.4107566641,0.722730099125,-0.335740465563,0.442965581619,650
1453141431,531490148,0.0559671413223,-0.49983205735,0.814435303969,-0.40330271211,0.730806526483,-0.320681741631,0.447696285264,651
1453141431,456448137,0.0672646304342,-0.50159173494,0.810741024636,-0.409813545712,0.722958498035,-0.340188356184,0.440063347925,652
1453141431,523266546,0.0558770113463,-0.49883679747,0.814040771749,-0.405425166658,0.730048272601,-0.320288610951,0.447297618602,653
1453141431,506358322,0.0624272061824,-0.502382812874,0.811424253602,-0.408871249125,0.722942943951,-0.3334310595,0.446095875336,654
1453141431,548131926,0.0627157505477,-0.506599660774,0.81405857993,-0.403250371734,0.725458329239,-0.330155744268,0.449551481768,655
1453141431,556366772,0.0631137341605,-0.507654176865,0.814915210622,-0.402482714607,0.725589537665,-0.327196475935,0.452183539516,656
1453141431,606518467,0.059499044694,-0.510950723137,0.823750370483,-0.383205531264,0.737919323747,-0.316591986378,0.456506414644,657
1453141431,623127980,0.0664022296632,-0.518525404642,0.8250017874,-0.379917524194,0.733311596828,-0.325907019079,0.460110195152,658
1453141431,631409762,0.0666480761522,-0.52001757011,0.82645995915,-0.377202631053,0.734062244552,-0.326096579968,0.46101173172,659
1453141431,498269655,0.062653205044,-0.502248020248,0.810548084785,-0.410654005067,0.722196618623,-0.33498935094,0.444496869424,660
1453141431,640403849,0.0606859543552,-0.516584332103,0.829705117895,-0.371036081722,0.74140799107,-0.315149379309,0.461873668399,661
1453141431,647986514,0.0607931139477,-0.517896827167,0.831435867363,-0.367894345245,0.742562729408,-0.314188740464,0.463184389845,662
1453141431,690064213,0.0671638006268,-0.53023696321,0.83785751831,-0.357739800935,0.739215441816,-0.319910134607,0.472483090897,663
1453141431,673064565,0.0670853207559,-0.527378682084,0.834661150539,-0.363401542451,0.73739183126,-0.323485875007,0.468561089727,664
1453141431,731417369,0.0619408767024,-0.53165102595,0.846735538394,-0.339018692345,0.749574972706,-0.308506645853,0.477522079068,665
1453141431,747984354,0.0681727471145,-0.539368509337,0.847365791968,-0.337779819909,0.743214706004,-0.321762699237,0.479588844138,666
1453141431,773170443,0.0678933939994,-0.542673795901,0.850841907643,-0.32921788538,0.745747201383,-0.321128101833,0.482030536159,667
1453141431,706503594,0.0673811560328,-0.533232628201,0.840570029362,-0.353274839004,0.739421096227,-0.321764231207,0.474258484475,668
1453141431,698862256,0.0672599712111,-0.531642632097,0.839231625145,-0.354915099252,0.739257549448,-0.320765502519,0.47396523111,669
1453141431,806466716,0.0667923319521,-0.545675679128,0.853466761919,-0.322716654917,0.745346855668,-0.321130277426,0.487018860319,670
1453141431,823329961,0.0663370977522,-0.546306341162,0.854339555394,-0.320628438751,0.744789500494,-0.322069344411,0.488628019672,671
1453141431,764717554,0.0680370576296,-0.541742860637,0.849673753884,-0.332018984677,0.744108045409,-0.321452407885,0.482426118734,672
1453141431,739786665,0.0620297574039,-0.533084872946,0.847753600635,-0.337565222646,0.749106554863,-0.309967790819,0.478339898582,673
1453141431,856523076,0.0661899221274,-0.545971624887,0.85535502007,-0.31615796224,0.744736152123,-0.325413693836,0.489405899532,674
1453141431,873121346,0.0662944526856,-0.545332576042,0.85550974251,-0.313424417147,0.744165038562,-0.328666097549,0.489859292492,675
1453141431,790046891,0.0672929454632,-0.544421425803,0.8523759505,-0.32540228124,0.744960685172,-0.32074774094,0.486073882855,676
1453141431,914639750,0.0669832772724,-0.54176800949,0.854585731609,-0.311085039993,0.742453173663,-0.339981314073,0.486211979379,677
1453141431,931468285,0.0672968096331,-0.539693249931,0.854194377265,-0.311334468389,0.740161790503,-0.343948264209,0.486755548731,678
1453141431,939737353,0.0670503749071,-0.538581212178,0.854137231891,-0.312005153082,0.739004031414,-0.346413569109,0.486336781604,679
1453141431,973190559,0.0653665201274,-0.533757425591,0.854854345672,-0.314991731172,0.735524017001,-0.348573333298,0.488140616034,680
1453141431,956495001,0.0664791185973,-0.536063702589,0.854382393648,-0.31271107533,0.737791046123,-0.345465883304,0.488394798394,681
1453141431,999452205,0.0639746310282,-0.53028626941,0.856980079764,-0.318065582588,0.732139210257,-0.348919960404,0.490979962126,682
1453141431,947944824,0.0667955927961,-0.537362258824,0.854218755543,-0.31164597681,0.738819325018,-0.345277151358,0.487654056549,683
1453141432,31407456,0.0626076559762,-0.526870056031,0.863714945472,-0.315855316744,0.727689520079,-0.355309577274,0.494427432034,684
1453141432,39792391,0.0625933971542,-0.525569120831,0.866376426947,-0.311571208524,0.72796319167,-0.35821208198,0.494648438707,685
1453141432,47956347,0.0625651467289,-0.524071901001,0.869325846997,-0.311398795312,0.726240122509,-0.358347979122,0.49718487567,686
1453141431,964768954,0.0658603041949,-0.534951737066,0.854532504295,-0.314293282789,0.736634240889,-0.346614974264,0.488311158136,687
1453141432,89916218,0.0653176743275,-0.5120547616,0.886327911428,-0.295138278219,0.723376415147,-0.378874229859,0.496058743183,688
1453141432,106545288,0.0678679864395,-0.503377650068,0.894005060103,-0.289932369746,0.722022633176,-0.389376735896,0.492958716018,689
1453141432,81449150,0.0643300619974,-0.515466778645,0.882627446323,-0.298937026736,0.724288597504,-0.376689356093,0.494113155641,690
1453141432,123334221,0.0708064866326,-0.491508966476,0.901736989064,-0.290240125064,0.715971900179,-0.399225017708,0.49372491652,691
1453141432,148126757,0.074918649059,-0.468888264518,0.912073644287,-0.288846883423,0.708205951368,-0.42376879313,0.485213167951,692
1453141432,181392230,0.0739942486672,-0.431043675848,0.922371204642,-0.32105229484,0.693340301882,-0.452279284798,0.460052277797,693
1453141432,164736272,0.0755161733881,-0.450679665212,0.917382023658,-0.299134038452,0.701758027362,-0.438400856251,0.475246449026,694
1453141432,190084676,0.0727823016867,-0.421367000732,0.925437347198,-0.328611614362,0.68950909462,-0.461326761488,0.451408057613,695
1453141432,231825524,0.0672848518773,-0.371476078547,0.94826284931,-0.360538560949,0.664220286158,-0.509072167239,0.411908832228,696
1453141432,139676311,0.073861480962,-0.477083589363,0.909030222909,-0.28697622489,0.712066042347,-0.41533455634,0.487958813829,697
1453141432,256607302,0.0646090727493,-0.340957480663,0.966385021885,-0.368813207521,0.650206270492,-0.535929460139,0.392413350342,698
1453141432,206615476,0.0704737864567,-0.401170833489,0.932961848535,-0.345874884454,0.679484910059,-0.479350006057,0.434619825824,699
1453141432,198088273,0.0716610529049,-0.411189411439,0.92895917142,-0.337619623763,0.6846800014,-0.469826171365,0.44327153533,700
1453141432,306515045,0.0549129062888,-0.272331935158,1.0051123337,-0.38412683552,0.629345809958,-0.563771383018,0.372199211997,701
1453141432,314706866,0.052282363922,-0.25928179395,1.01137061502,-0.388995135521,0.628421820334,-0.564184235402,0.368055632741,702
1453141432,323136293,0.0535525377733,-0.240691030136,1.00905167828,-0.366649718256,0.63997981443,-0.546067978594,0.397244992391,703
1453141432,364831674,0.0356375972947,-0.169327634445,1.03277798739,-0.401855417957,0.648394991535,-0.510508874428,0.396833525726,704
1453141432,348164474,0.0428426378933,-0.198957416198,1.02402774983,-0.388597238967,0.643212376669,-0.528596139283,0.394786202774,705
1453141432,289908954,0.0591507353246,-0.297321062266,0.992486693239,-0.372583740444,0.635873612636,-0.56499787376,0.370976424798,706
1453141432,389908745,0.0189286244557,-0.141135721641,1.0494521953,-0.484450548129,0.584860583904,-0.571102953292,0.311588158558,707
1453141432,423113104,0.0119976056202,-0.0644327770088,1.06662454783,-0.413415949188,0.666897983413,-0.467060228407,0.407662943761,708
1453141432,431520040,0.0101552999841,-0.0495041880137,1.06975160241,-0.408716367857,0.672606968225,-0.457836509069,0.413444709609,709
1453141432,356921452,0.0392444329085,-0.184217383564,1.02853098547,-0.395446240775,0.645828167137,-0.520884391413,0.393964084621,710
1453141432,448087018,0.00829392726828,-0.0247538349621,1.07492768672,-0.409219571494,0.674280317125,-0.441569538574,0.427670128542,711
1453141432,456439686,0.00692194100885,-0.0101577973308,1.07740767355,-0.400601416468,0.6813843906,-0.431284103076,0.43500326413,712
1453141432,473169465,0.00464041406635,0.0193882070606,1.08190804836,-0.379059085552,0.697784950358,-0.40460786896,0.453544755333,713
1453141432,498180045,0.00166119055316,0.0612228386343,1.08669305995,-0.347631563171,0.718332248713,-0.369866836322,0.475762125579,714
1453141432,523174983,-0.00104720425274,0.102003969768,1.09052205503,-0.319981114527,0.737141732048,-0.324483053314,0.498943785742,715
1453141432,539686233,-0.0026915984098,0.127839141871,1.09259868692,-0.299720856094,0.749180655273,-0.293205666241,0.512763289903,716
1453141432,547949431,-0.00373490035931,0.140148774068,1.09364285623,-0.289647263132,0.75548236243,-0.277326891434,0.518112592306,717
1453141432,481617957,0.00371931419944,0.0333978516786,1.08363631504,-0.368890891273,0.704688009851,-0.393950771379,0.460583443947,718
1453141432,648701134,-0.0110156243151,0.255362695592,1.1126927604,-0.156450402639,0.791493610184,-0.123285857515,0.577807696287,719
1453141432,657816467,-0.0114541556196,0.262301719556,1.11382580971,-0.147039645614,0.792243924603,-0.114356168009,0.581077940887,720
1453141432,607993791,-0.00838459060738,0.214267538372,1.10346888292,-0.212470544526,0.781107645756,-0.185213356235,0.557156285186,721
1453141432,583793302,-0.0066005981102,0.184732565186,1.09838065191,-0.247288057213,0.772182060284,-0.22476445402,0.540429849975,722
1453141432,573068057,-0.00589537599863,0.174100542181,1.09683995131,-0.260205120771,0.767728813781,-0.238103244146,0.53496972694,723
1453141432,626159441,-0.00970639068784,0.232457870072,1.1073924228,-0.187974709755,0.787581006711,-0.158191276208,0.565116967089,724
1453141432,681741228,-0.0133750598613,0.285287382869,1.11847886323,-0.112276715392,0.805607306872,-0.0882563450024,0.574979672564,725
1453141432,706574829,-0.0134893849152,0.306070277206,1.11423286173,-0.105865759791,0.808977798302,-0.0898147325077,0.57120983586,726
1453141432,723313898,-0.0144192075613,0.320290037926,1.10889455791,-0.110581623444,0.809441783684,-0.0999319865413,0.567969454679,727
1453141432,615151619,-0.00904030607117,0.223944768767,1.10549783756,-0.198812947217,0.783762551763,-0.171303716741,0.562889608275,728
1453141432,748197368,-0.0168372577483,0.339842659447,1.09494936437,-0.14327714359,0.798614118967,-0.123976718921,0.571241562105,729
1453141432,641119936,-0.0107010569945,0.248268705399,1.11118996684,-0.165407576796,0.790039522443,-0.133643440141,0.57499331946,730
1453141432,756497235,-0.0182428436579,0.346731730286,1.09241524227,-0.150855304703,0.796406111826,-0.125912450684,0.571949330668,731
1453141432,781791861,-0.0205457348602,0.370876379915,1.09064051082,-0.171858675304,0.787475562704,-0.121765142516,0.579240954988,732
1453141432,798119286,-0.0210266646879,0.385064969291,1.0893184363,-0.191362315149,0.780333320577,-0.126969427344,0.581669268277,733
1453141432,831483023,-0.0209528046163,0.41295806703,1.08429859446,-0.220480302224,0.772904030465,-0.136584266734,0.579096308142,734
1453141432,823085867,-0.0211812721049,0.406114479821,1.08494476238,-0.216659666479,0.774274242831,-0.137403075909,0.578513941526,735
1453141432,864762672,-0.0182148657153,0.433975733629,1.07953680027,-0.232060911631,0.772058353817,-0.155576555521,0.57084986377,736
1453141432,856350358,-0.0190106223871,0.429104872661,1.08121887906,-0.229945692631,0.771473690078,-0.14951826287,0.574105924918,737
1453141432,848191780,-0.0199079403162,0.424096576571,1.08250727167,-0.228716543916,0.770812335534,-0.143524162144,0.577007712954,738
1453141432,931419748,-0.0188032364259,0.465677340985,1.06887868871,-0.260102075567,0.76742363254,-0.18968484594,0.554461484438,739
1453141432,948246328,-0.0201159486672,0.472424679557,1.06684794256,-0.272100098334,0.762785164846,-0.192383206782,0.554174187892,740
1453141432,889892542,-0.0167824059176,0.446745692875,1.07408178851,-0.236826603008,0.774222881324,-0.175284691127,0.560149415066,741
1453141432,908158900,-0.0169636319259,0.453855757076,1.0711351986,-0.246320873372,0.772311174195,-0.189478217209,0.554039242976,742
1453141432,927514011,-0.018235292046,0.462004102606,1.06982559151,-0.252703987386,0.769195242354,-0.189137035763,0.55561367478,743
1453141433,7022022,-0.0214928182771,0.487876171595,1.06089335468,-0.291974315999,0.757113193932,-0.208846016678,0.545814942713,744
1453141433,40085093,-0.0193540015688,0.492354199621,1.05860888171,-0.28989397986,0.756769701003,-0.222323902329,0.542063817773,745
1453141433,25985537,-0.0205095018106,0.490323608402,1.05958695315,-0.291201815015,0.756987866434,-0.216016714043,0.543606155463,746
1453141433,64804297,-0.0178623053569,0.49490227202,1.05735775771,-0.288260477941,0.757291927592,-0.23162174788,0.538299358323,747
1453141433,81458299,-0.0170191564111,0.496493212856,1.05676303448,-0.287497592494,0.757162321436,-0.236109752992,0.536938113612,748
1453141433,89753767,-0.0165269060333,0.497378822909,1.056581486,-0.286250092953,0.757314268833,-0.238193727133,0.536469692398,749
1453141433,98030169,-0.0160489067242,0.498190333549,1.05638891624,-0.28563170419,0.75733168415,-0.240572125284,0.53571289165,750
