0,1445364752,189000000,0.0,0.0,0.0,-0.0797399667325,-0.0797399667325,0.702596283584,0.702596283584,2
1,1445364757,608000000,3.83222554002,-1.4335407493,-0.783288378068,-0.0728406011339,0.117928851161,-0.928446877535,0.344635210746,2
1,1445364759,106000000,2.63800668681,-1.20868443749,-0.408708054181,-0.0771256569015,0.125659454488,-0.928970362581,0.339522311477,131
1,1445364760,807000000,2.77721398121,-0.68102900009,-0.46025900183,-0.0633250170876,0.133740212466,-0.927207247551,0.344078796017,288
1,1445364762,505000000,2.86369907693,-0.656964304914,-0.644619654701,-0.06483250588,0.132751291818,-0.930845202715,0.334217069109,442
1,1445364763,539000000,3.16232240057,-1.23228845618,-0.956515060572,-0.0691711067926,0.119662687231,-0.93087911421,0.338171959212,527
1,1445364765,712000000,3.21555287198,-1.34823344548,-0.848410331065,-0.0667071806475,0.11920465343,-0.931353323006,0.337522429442,710
1,1445364766,530000000,3.24351607264,-1.3547924826,-0.821273986437,-0.0646130881168,0.122554995917,-0.931687964323,0.335801963894,776
1,1445364767,313000000,3.37521615235,-1.03746730667,-0.922913701312,-0.0592508636809,0.11912220324,-0.929239670427,0.344692429209,839
1,1445364768,796000000,3.37416523688,-0.973464710593,-0.884770431638,-0.0562378529636,0.121142416202,-0.930040559331,0.342324958029,964
1,1445364769,702000000,3.08860191446,-0.984908998385,-0.929511016928,-0.0542158993744,0.119939017183,-0.930589854802,0.341581308845,1043
1,1445364770,529000000,3.45154767878,-1.11616892686,-0.801355010133,-0.0490337683273,0.119163067576,-0.931395079315,0.34043950875,1113
1,1445364771,906000000,3.114391901,-0.83077317345,-0.769130160559,-0.0528815289487,0.115583675361,-0.930171231638,0.344420437431,1234
1,1445364773,214000000,3.27099680569,-0.461950781631,-0.668043062211,-0.0531886857873,0.115430194156,-0.929282608437,0.346815033754,1357
1,1445364774,906000000,3.28558321029,-0.323056156558,-0.589038430841,-0.0533022731235,0.115919649487,-0.927718666081,0.35079848795,1501
1,1445364775,907000000,3.29177500494,-0.321163924925,-0.591856533387,-0.053788117119,0.117559808161,-0.926862411651,0.352438079427,1590
1,1445364776,609000000,3.36465284243,-0.147122011641,-0.537993426127,-0.0537742239206,0.116613282331,-0.926095724557,0.354762433443,1647
1,1445364777,530000000,3.32005307839,-0.0262711155214,-0.636468692087,-0.0499572327119,0.116648471015,-0.924728985249,0.35885054403,1717
1,1445364778,415000000,3.45188287715,0.0331366743758,-0.649671784792,-0.0498652252142,0.115382731999,-0.923734975768,0.361820368433,1784
1,1445364779,996000000,3.67376830872,0.102952544029,-0.493690868855,-0.0514187676434,0.113886418711,-0.92381357534,0.361876321392,1906
1,1445364782,111000000,3.10710329885,0.614424803341,-0.527866153749,-0.054221001395,0.111428354963,-0.925410171419,0.358133800907,2100
1,1445364783,733000000,3.16643169271,0.66933090369,-0.579147141329,-0.0537295413525,0.110007469739,-0.92786258009,0.352253496017,2244
1,1445364785,23000000,3.19815329011,0.675215642713,-0.572766990158,-0.0572026111503,0.110137524843,-0.926883462189,0.354238104132,2365
