0,1445364270,189000000,0.0,0.0,0.0,-0.0797399667325,-0.0797399667325,0.702596283584,0.702596283584,0
1,1445364277,840000000,3.44788739538,-0.709757337359,-0.748490645219,-0.0577629731168,0.112446986229,-0.911708288919,0.390905500271,1
1,1445364278,640000000,3.06851898746,-0.566459242132,-0.637177309971,-0.0575551157714,0.118473526156,-0.910152937931,0.392776096299,68
1,1445364280,36000000,3.11546384689,-0.537340329704,-0.700478699891,-0.054940684618,0.11369952968,-0.908680941448,0.39793577971,198
1,1445364282,291000000,2.97889911453,-1.98375788922,-0.348401457859,-0.0559109328718,0.115123450093,-0.908842063938,0.397022243256,387
1,1445364283,639000000,3.29849798077,-1.63611578229,-0.539775875692,-0.0523672288692,0.11352523115,-0.909040554965,0.397510961688,508
1,1445364285,55000000,3.11444501418,-1.40245017324,-0.516101151839,-0.0539767389554,0.110770528804,-0.910077021239,0.395697127881,631
1,1445364286,35000000,3.41817060578,-0.802440287521,-0.572801879933,-0.058543616777,0.110470142749,-0.909190867861,0.397166159553,705
1,1445364286,756000000,3.47991499784,-0.868250085452,-0.587542854491,-0.0523200565849,0.11285067093,-0.910699701634,0.393895152539,770
1,1445364287,352000000,3.49960467646,-0.976190924746,-0.641318654917,-0.0549678423096,0.109114981725,-0.911433265395,0.392889118972,821
1,1445364288,66000000,3.43611656783,-1.25136997926,-0.643915430085,-0.0555410683746,0.104718483727,-0.913534591111,0.389106386139,880
1,1445364288,842000000,3.46367775571,-1.29725639448,-0.531049129785,-0.0554861751806,0.103528525478,-0.914323568236,0.38757649741,944
1,1445364290,442000000,3.47795764522,-0.930047508813,-0.621609069136,-0.056928670898,0.104531143104,-0.914639302993,0.386351280535,1083
1,1445364291,545000000,3.15560233823,-1.10521053033,-0.540921857894,-0.0598699690337,0.104809687205,-0.91596231751,0.382679433962,1181
1,1445364293,51000000,2.47052458355,-0.574674598167,-0.966959180399,-0.0479865838257,0.107637135036,-0.915912507554,0.383687129625,1313
1,1445364295,559000000,2.45297606254,-0.925293933187,-0.549957772374,-0.0529488736485,0.111679726753,-0.917198593727,0.378775388689,1531
