2,1458684383,464000000,0.0,0.0,0.0,-0.0797399667325,-0.0797399667325,0.702596283584,0.702596283584,0
2,1458684383,501000000,0.0,0.0,0.0,-0.0797399667325,-0.0797399667325,0.702596283584,0.702596283584,1
2,1458684383,503000000,0.0,0.0,0.0,-0.0797399667325,-0.0797399667325,0.702596283584,0.702596283584,2
2,1458684383,505000000,0.0,0.0,0.0,-0.0797399667325,-0.0797399667325,0.702596283584,0.702596283584,3
2,1458684383,522000000,0.0,0.0,0.0,-0.0797399667325,-0.0797399667325,0.702596283584,0.702596283584,4
2,1458684383,533000000,0.0,0.0,0.0,-0.0797399667325,-0.0797399667325,0.702596283584,0.702596283584,5
2,1458684383,552000000,0.0,0.0,0.0,-0.0797399667325,-0.0797399667325,0.702596283584,0.702596283584,6
2,1458684383,568000000,0.0,0.0,0.0,-0.0797399667325,-0.0797399667325,0.702596283584,0.702596283584,7
2,1458684383,587000000,0.0,0.0,0.0,-0.0797399667325,-0.0797399667325,0.702596283584,0.702596283584,8
2,1458684383,596000000,0.0,0.0,0.0,-0.0797399667325,-0.0797399667325,0.702596283584,0.702596283584,9
2,1458684383,616000000,0.0,0.0,0.0,-0.0797399667325,-0.0797399667325,0.702596283584,0.702596283584,10
2,1458684383,629000000,0.0,0.0,0.0,-0.0797399667325,-0.0797399667325,0.702596283584,0.702596283584,11
2,1458684383,670000000,0.0,0.0,0.0,-0.0797399667325,-0.0797399667325,0.702596283584,0.702596283584,12
2,1458684383,670000000,0.0,0.0,0.0,-0.0797399667325,-0.0797399667325,0.702596283584,0.702596283584,13
2,1458684383,688000000,0.0,0.0,0.0,-0.0797399667325,-0.0797399667325,0.702596283584,0.702596283584,14
2,1458684383,701000000,0.0,0.0,0.0,-0.0797399667325,-0.0797399667325,0.702596283584,0.702596283584,15
2,1458684383,721000000,0.0,0.0,0.0,-0.0797399667325,-0.0797399667325,0.702596283584,0.702596283584,16
2,1458684383,733000000,0.0,0.0,0.0,-0.0797399667325,-0.0797399667325,0.702596283584,0.702596283584,17
2,1458684383,750000000,0.0,0.0,0.0,-0.0797399667325,-0.0797399667325,0.702596283584,0.702596283584,18
2,1458684383,765000000,0.0,0.0,0.0,-0.0797399667325,-0.0797399667325,0.702596283584,0.702596283584,19
2,1458684383,781000000,0.0,0.0,0.0,-0.0797399667325,-0.0797399667325,0.702596283584,0.702596283584,20
2,1458684383,803000000,0.0,0.0,0.0,-0.0797399667325,-0.0797399667325,0.702596283584,0.702596283584,21
2,1458684383,818000000,0.0,0.0,0.0,-0.0797399667325,-0.0797399667325,0.702596283584,0.702596283584,22
2,1458684383,831000000,0.0,0.0,0.0,-0.0797399667325,-0.0797399667325,0.702596283584,0.702596283584,23
2,1458684383,863000000,0.0,0.0,0.0,-0.0797399667325,-0.0797399667325,0.702596283584,0.702596283584,24
2,1458684383,863000000,0.0,0.0,0.0,-0.0797399667325,-0.0797399667325,0.702596283584,0.702596283584,25
2,1458684383,885000000,0.0,0.0,0.0,-0.0797399667325,-0.0797399667325,0.702596283584,0.702596283584,26
2,1458684383,902000000,0.0,0.0,0.0,-0.0797399667325,-0.0797399667325,0.702596283584,0.702596283584,27
2,1458684383,917000000,0.0,0.0,0.0,-0.0797399667325,-0.0797399667325,0.702596283584,0.702596283584,28
2,1458684383,933000000,0.0,0.0,0.0,-0.0797399667325,-0.0797399667325,0.702596283584,0.702596283584,29
2,1458684383,949000000,0.0,0.0,0.0,-0.0797399667325,-0.0797399667325,0.702596283584,0.702596283584,30
2,1458684383,965000000,0.0,0.0,0.0,-0.0797399667325,-0.0797399667325,0.702596283584,0.702596283584,31
2,1458684383,984000000,0.0,0.0,0.0,-0.0797399667325,-0.0797399667325,0.702596283584,0.702596283584,32
2,1458684383,984000000,0.0,0.0,0.0,-0.0797399667325,-0.0797399667325,0.702596283584,0.702596283584,33
2,1458684384,3000000,0.0,0.0,0.0,-0.0797399667325,-0.0797399667325,0.702596283584,0.702596283584,34
2,1458684384,28000000,0.0,0.0,0.0,-0.0797399667325,-0.0797399667325,0.702596283584,0.702596283584,35
2,1458684384,57000000,0.0,0.0,0.0,-0.0797399667325,-0.0797399667325,0.702596283584,0.702596283584,36
2,1458684384,68000000,0.0,0.0,0.0,-0.0797399667325,-0.0797399667325,0.702596283584,0.702596283584,37
2,1458684384,68000000,0.0,0.0,0.0,-0.0797399667325,-0.0797399667325,0.702596283584,0.702596283584,38
2,1458684384,98000000,0.0,0.0,0.0,-0.0797399667325,-0.0797399667325,0.702596283584,0.702596283584,39
2,1458684384,120000000,0.0,0.0,0.0,-0.0797399667325,-0.0797399667325,0.702596283584,0.702596283584,40
2,1458684384,122000000,0.0,0.0,0.0,-0.0797399667325,-0.0797399667325,0.702596283584,0.702596283584,41
2,1458684384,85000000,0.0,0.0,0.0,-0.0797399667325,-0.0797399667325,0.702596283584,0.702596283584,42
2,1458684384,136000000,0.0,0.0,0.0,-0.0797399667325,-0.0797399667325,0.702596283584,0.702596283584,43
2,1458684384,152000000,0.0,0.0,0.0,-0.0797399667325,-0.0797399667325,0.702596283584,0.702596283584,44
2,1458684384,183000000,0.0,0.0,0.0,-0.0797399667325,-0.0797399667325,0.702596283584,0.702596283584,45
2,1458684384,169000000,0.0,0.0,0.0,-0.0797399667325,-0.0797399667325,0.702596283584,0.702596283584,46
2,1458684384,221000000,0.0,0.0,0.0,-0.0797399667325,-0.0797399667325,0.702596283584,0.702596283584,47
2,1458684384,236000000,0.0,0.0,0.0,-0.0797399667325,-0.0797399667325,0.702596283584,0.702596283584,48
2,1458684384,251000000,0.0,0.0,0.0,-0.0797399667325,-0.0797399667325,0.702596283584,0.702596283584,49
2,1458684384,199000000,0.0,0.0,0.0,-0.0797399667325,-0.0797399667325,0.702596283584,0.702596283584,50
2,1458684384,269000000,0.0,0.0,0.0,-0.0797399667325,-0.0797399667325,0.702596283584,0.702596283584,51
2,1458684384,299000000,0.0,0.0,0.0,-0.0797399667325,-0.0797399667325,0.702596283584,0.702596283584,52
2,1458684384,284000000,0.0,0.0,0.0,-0.0797399667325,-0.0797399667325,0.702596283584,0.702596283584,53
2,1458684384,320000000,0.0,0.0,0.0,-0.0797399667325,-0.0797399667325,0.702596283584,0.702596283584,54
2,1458684384,335000000,0.0,0.0,0.0,-0.0797399667325,-0.0797399667325,0.702596283584,0.702596283584,55
2,1458684384,352000000,0.0,0.0,0.0,-0.0797399667325,-0.0797399667325,0.702596283584,0.702596283584,56
2,1458684384,373000000,0.0,0.0,0.0,-0.0797399667325,-0.0797399667325,0.702596283584,0.702596283584,57
2,1458684384,385000000,0.0,0.0,0.0,-0.0797399667325,-0.0797399667325,0.702596283584,0.702596283584,58
2,1458684384,413000000,0.0,0.0,0.0,-0.0797399667325,-0.0797399667325,0.702596283584,0.702596283584,59
2,1458684384,497000000,0.0,0.0,0.0,-0.0797399667325,-0.0797399667325,0.702596283584,0.702596283584,60
2,1458684384,511000000,0.0,0.0,0.0,-0.0797399667325,-0.0797399667325,0.702596283584,0.702596283584,61
2,1458684384,518000000,0.0,0.0,0.0,-0.0797399667325,-0.0797399667325,0.702596283584,0.702596283584,62
2,1458684384,516000000,0.0,0.0,0.0,-0.0797399667325,-0.0797399667325,0.702596283584,0.702596283584,63
2,1458684384,544000000,0.0,0.0,0.0,-0.0797399667325,-0.0797399667325,0.702596283584,0.702596283584,64
2,1458684384,544000000,0.0,0.0,0.0,-0.0797399667325,-0.0797399667325,0.702596283584,0.702596283584,65
2,1458684384,581000000,0.0,0.0,0.0,-0.0797399667325,-0.0797399667325,0.702596283584,0.702596283584,66
2,1458684384,568000000,0.0,0.0,0.0,-0.0797399667325,-0.0797399667325,0.702596283584,0.702596283584,67
2,1458684384,558000000,0.0,0.0,0.0,-0.0797399667325,-0.0797399667325,0.702596283584,0.702596283584,68
2,1458684384,606000000,0.0,0.0,0.0,-0.0797399667325,-0.0797399667325,0.702596283584,0.702596283584,69
2,1458684384,606000000,0.0,0.0,0.0,-0.0797399667325,-0.0797399667325,0.702596283584,0.702596283584,70
2,1458684384,650000000,0.0,0.0,0.0,-0.0797399667325,-0.0797399667325,0.702596283584,0.702596283584,71
2,1458684384,650000000,0.0,0.0,0.0,-0.0797399667325,-0.0797399667325,0.702596283584,0.702596283584,72
2,1458684384,671000000,0.0,0.0,0.0,-0.0797399667325,-0.0797399667325,0.702596283584,0.702596283584,73
2,1458684384,680000000,0.0,0.0,0.0,-0.0797399667325,-0.0797399667325,0.702596283584,0.702596283584,74
2,1458684384,703000000,0.0,0.0,0.0,-0.0797399667325,-0.0797399667325,0.702596283584,0.702596283584,75
2,1458684384,703000000,0.0,0.0,0.0,-0.0797399667325,-0.0797399667325,0.702596283584,0.702596283584,76
2,1458684384,726000000,0.0,0.0,0.0,-0.0797399667325,-0.0797399667325,0.702596283584,0.702596283584,77
2,1458684384,744000000,0.0,0.0,0.0,-0.0797399667325,-0.0797399667325,0.702596283584,0.702596283584,78
2,1458684384,744000000,0.0,0.0,0.0,-0.0797399667325,-0.0797399667325,0.702596283584,0.702596283584,79
2,1458684384,772000000,0.0,0.0,0.0,-0.0797399667325,-0.0797399667325,0.702596283584,0.702596283584,80
2,1458684384,772000000,0.0,0.0,0.0,-0.0797399667325,-0.0797399667325,0.702596283584,0.702596283584,81
2,1458684384,790000000,0.0,0.0,0.0,-0.0797399667325,-0.0797399667325,0.702596283584,0.702596283584,82
1,1458684384,821000000,0.805345281586,2.75488966855,-0.570379375813,0.428968486349,-0.554993567358,-0.588141821616,0.402563505023,83
1,1458684384,825000000,0.805230785414,2.75403408058,-0.570269586119,0.429434608986,-0.554540631156,-0.58834164896,0.40239869421,84
1,1458684384,854000000,0.804881503285,2.75153880015,-0.569880401499,0.430823916188,-0.553222887595,-0.588818735269,0.402029460212,85
1,1458684384,859000000,0.804881503285,2.75153880015,-0.569880401499,0.430823916188,-0.553222887595,-0.588818735269,0.402029460212,86
1,1458684384,892000000,0.804711430565,2.74901182557,-0.569319691907,0.433071630501,-0.551337382868,-0.588761334757,0.402288632456,87
1,1458684384,899000000,0.804711430565,2.74901182557,-0.569319691907,0.433071630501,-0.551337382868,-0.588761334757,0.402288632456,88
1,1458684384,899000000,0.804711430565,2.74901182557,-0.569319691907,0.433071630501,-0.551337382868,-0.588761334757,0.402288632456,89
1,1458684384,924000000,0.804736716872,2.74773948427,-0.568850754972,0.43504107937,-0.54987440409,-0.588203270493,0.402981775728,90
1,1458684384,927000000,0.804736716872,2.74773948427,-0.568850754972,0.43504107937,-0.54987440409,-0.588203270493,0.402981775728,91
1,1458684384,959000000,0.804707783777,2.74654924273,-0.568342216092,0.43696243465,-0.548502814374,-0.587550071049,0.403724420043,92
1,1458684384,967000000,0.804684852157,2.74616265365,-0.56815061376,0.437546983686,-0.548121465879,-0.587333168008,0.403924801749,93
1,1458684385,1000000,0.804653375652,2.74561845277,-0.567641382666,0.439123897528,-0.547131884763,-0.586763998758,0.404382137411,94
1,1458684385,1000000,0.804653375652,2.74561845277,-0.567641382666,0.439123897528,-0.547131884763,-0.586763998758,0.404382137411,95
1,1458684385,4000000,0.804653457703,2.74553034149,-0.567483029682,0.439589106836,-0.546847261739,-0.586609801374,0.404485389615,96
1,1458684385,28000000,0.804655506722,2.74533370745,-0.567134433934,0.440431553298,-0.54634007251,-0.586351654932,0.404628605993,97
1,1458684385,30000000,0.804655506722,2.74533370745,-0.567134433934,0.440431553298,-0.54634007251,-0.586351654932,0.404628605993,98
1,1458684385,62000000,0.804673786534,2.74502471643,-0.566516601402,0.441578662896,-0.545696775236,-0.585939132793,0.404843978136,99
1,1458684385,67000000,0.804683711855,2.74493179164,-0.566294148531,0.441959180551,-0.545482341227,-0.585773072444,0.404958029598,100
1,1458684385,89000000,0.804602101838,2.74476973097,-0.565880575138,0.442753321152,-0.545078281148,-0.585365144469,0.405224396688,101
1,1458684385,92000000,0.804506297325,2.74470436898,-0.565690911626,0.443188156979,-0.544877040312,-0.585107975233,0.40539107757,102
1,1458684385,122000000,0.804179568156,2.74458889832,-0.565112034271,0.44468563557,-0.544143765562,-0.584172164964,0.40608512605,103
1,1458684385,106000000,0.80440302133,2.74465485003,-0.565498637645,0.443660445167,-0.544654734127,-0.584820221137,0.405588386097,104
1,1458684385,141000000,0.8040644158,2.74456624119,-0.564917532092,0.445220655779,-0.543853935843,-0.583823162462,0.406388950523,105
1,1458684385,160000000,0.803839703215,2.74452668773,-0.564504984731,0.446384615691,-0.543277795088,-0.583025748669,0.40702701216,106
1,1458684385,185000000,0.803539146572,2.74445179845,-0.563835018757,0.448303703984,-0.542285905779,-0.58165471011,0.408200420866,107
1,1458684385,196000000,0.803539146572,2.74445179845,-0.563835018757,0.448303703984,-0.542285905779,-0.58165471011,0.408200420866,108
1,1458684385,219000000,0.80318150591,2.74436979918,-0.563290872026,0.450337896431,-0.540947630245,-0.580358323836,0.409579853417,109
1,1458684385,248000000,0.802905961483,2.74431456915,-0.562674126488,0.452284118212,-0.539687718684,-0.57904944717,0.410947661445,110
1,1458684385,222000000,0.803082892791,2.744345893,-0.563104867551,0.450984937565,-0.540510295792,-0.579947258161,0.410027296632,111
1,1458684385,243000000,0.802905961483,2.74431456915,-0.562674126488,0.452284118212,-0.539687718684,-0.57904944717,0.410947661445,112
1,1458684385,271000000,0.802614436202,2.74436260263,-0.561828134975,0.454415914607,-0.538610464994,-0.577284197723,0.41248987698,113
1,1458684385,291000000,0.802395443283,2.7444166272,-0.561559667404,0.455158642454,-0.538256663217,-0.576613022602,0.413071176516,114
1,1458684385,296000000,0.802170300054,2.74448826365,-0.561286175053,0.455894024571,-0.537901104665,-0.575931654608,0.413673505534,115
1,1458684385,340000000,0.80130450488,2.74488727478,-0.560159837191,0.458365933317,-0.536664612215,-0.573455925639,0.415980848741,116
1,1458684385,318000000,0.801724380069,2.74467179521,-0.560731338103,0.457253057791,-0.537229739471,-0.574623367209,0.414863633049,117
1,1458684385,369000000,0.800739080723,2.74521297593,-0.559270562018,0.45958355265,-0.535982287807,-0.571953392435,0.417582641129,118
1,1458684385,345000000,0.80130450488,2.74488727478,-0.560159837191,0.458365933317,-0.536664612215,-0.573455925639,0.415980848741,119
1,1458684385,394000000,0.800201956593,2.74558399768,-0.558421959531,0.460264610481,-0.535412788402,-0.570810281162,0.419124393555,120
1,1458684385,423000000,0.799681432751,2.74611681583,-0.557750344922,0.460340641267,-0.534672570178,-0.570262619775,0.420728274762,121
1,1458684385,430000000,0.799681432751,2.74611681583,-0.557750344922,0.460340641267,-0.534672570178,-0.570262619775,0.420728274762,122
1,1458684385,446000000,0.799394247579,2.74653578067,-0.557390550271,0.460163913537,-0.534004945703,-0.570134053469,0.421942000419,123
1,1458684385,366000000,0.800739080723,2.74521297593,-0.559270562018,0.45958355265,-0.535982287807,-0.571953392435,0.417582641129,124
1,1458684385,449000000,0.799394247579,2.74653578067,-0.557390550271,0.460163913537,-0.534004945703,-0.570134053469,0.421942000419,125
1,1458684385,477000000,0.799084800075,2.74725776678,-0.556809315102,0.459885700673,-0.532891591874,-0.569830251779,0.424057988704,126
1,1458684385,484000000,0.799009390196,2.74752079793,-0.55657325047,0.459849744878,-0.532524894448,-0.569600943846,0.424864935831,127
1,1458684385,497000000,0.798923829295,2.74782048813,-0.556340832792,0.45977761678,-0.532180718738,-0.569374796869,0.425676598372,128
1,1458684385,527000000,0.79869100042,2.74877606532,-0.555585927629,0.459506900752,-0.531234481832,-0.568558035927,0.428234857592,129
1,1458684385,532000000,0.798622526386,2.74909898475,-0.555329657258,0.459340318541,-0.530958126479,-0.568320244233,0.429071135924,130
1,1458684385,561000000,0.798530527351,2.74972600912,-0.554818969335,0.45877933045,-0.530499136918,-0.567974322001,0.430694045963,131
1,1458684385,589000000,0.798515960111,2.75003694923,-0.554559478526,0.458363682573,-0.530331374244,-0.567862047793,0.431490512835,132
1,1458684385,589000000,0.798515960111,2.75003694923,-0.554559478526,0.458363682573,-0.530331374244,-0.567862047793,0.431490512835,133
1,1458684385,623000000,0.799113054732,2.75221636955,-0.553375322962,0.455791671789,-0.529540168007,-0.567160507914,0.43608499247,134
1,1458684385,630000000,0.799333209672,2.75279574981,-0.553106177567,0.455366271363,-0.529321592356,-0.566790755888,0.437273884208,135
1,1458684385,649000000,0.79981856293,2.75412034156,-0.552528033093,0.454657835932,-0.528750717457,-0.565750145386,0.440040570867,136
1,1458684385,680000000,0.800516575517,2.75642405878,-0.551557851997,0.453882643664,-0.528035799718,-0.563545742201,0.44450527156,137
1,1458684385,685000000,0.800713409142,2.75723136842,-0.551197056054,0.453612888331,-0.527920242747,-0.562733970901,0.445943990689,138
1,1458684385,710000000,0.801001205629,2.75889364403,-0.550665814822,0.452759410211,-0.528082375968,-0.561213588838,0.448527845693,139
1,1458684385,710000000,0.801001205629,2.75889364403,-0.550665814822,0.452759410211,-0.528082375968,-0.561213588838,0.448527845693,140
1,1458684385,733000000,0.801173015328,2.76127323742,-0.549835015747,0.450419030733,-0.529327100023,-0.559631464464,0.451384693933,141
1,1458684385,756000000,0.801177733386,2.76274521189,-0.549226485142,0.448222711457,-0.530877186999,-0.558919089993,0.452631488188,142
1,1458684385,759000000,0.801177733386,2.76274521189,-0.549226485142,0.448222711457,-0.530877186999,-0.558919089993,0.452631488188,143
1,1458684385,787000000,0.801025946245,2.76485450919,-0.548282203708,0.444404141282,-0.5341463025,-0.558021909584,0.453656516719,144
1,1458684385,806000000,0.800780543322,2.76628349613,-0.547727274139,0.441682246492,-0.536616301219,-0.557448269242,0.454104795745,145
1,1458684385,825000000,0.800466255985,2.7677982999,-0.547154625944,0.43896178248,-0.539134140177,-0.556770126389,0.454592079538,146
1,1458684385,855000000,0.800015549523,2.77024777091,-0.546249186794,0.435093717961,-0.542929931692,-0.555364924413,0.455511082847,147
1,1458684385,855000000,0.800015549523,2.77024777091,-0.546249186794,0.435093717961,-0.542929931692,-0.555364924413,0.455511082847,148
1,1458684385,873000000,0.799739416758,2.77197840203,-0.545614428106,0.432715258508,-0.545459017771,-0.554158573382,0.456223892989,149
1,1458684385,877000000,0.799739416758,2.77197840203,-0.545614428106,0.432715258508,-0.545459017771,-0.554158573382,0.456223892989,150
1,1458684385,896000000,0.799472061695,2.7737276778,-0.545050615872,0.430378047625,-0.547870729204,-0.552944536976,0.457017219842,151
1,1458684385,930000000,0.798970004271,2.77713081802,-0.544122901277,0.425641300872,-0.552561454576,-0.550771827622,0.458427437886,152
1,1458684385,932000000,0.798970004271,2.77713081802,-0.544122901277,0.425641300872,-0.552561454576,-0.550771827622,0.458427437886,153
1,1458684385,958000000,0.798695972738,2.77876416938,-0.543677484261,0.423104263827,-0.555038091548,-0.549874215651,0.458861466921,154
1,1458684385,983000000,0.798204211606,2.78113387054,-0.543029014374,0.419076561502,-0.559024845787,-0.54873038066,0.459087166814,155
1,1458684385,983000000,0.798204211606,2.78113387054,-0.543029014374,0.419076561502,-0.559024845787,-0.54873038066,0.459087166814,156
1,1458684386,26000000,0.797565427865,2.78348178262,-0.542574067104,0.414861824691,-0.563117122565,-0.547879450792,0.458930147287,157
1,1458684386,26000000,0.797565427865,2.78348178262,-0.542574067104,0.414861824691,-0.563117122565,-0.547879450792,0.458930147287,158
1,1458684386,55000000,0.796583064409,2.78653837263,-0.541996115865,0.409397366133,-0.568600178792,-0.546710422812,0.45847066086,159
1,1458684386,58000000,0.796583064409,2.78653837263,-0.541996115865,0.409397366133,-0.568600178792,-0.546710422812,0.45847066086,160
1,1458684386,88000000,0.795793166824,2.78885675218,-0.541542507623,0.405680666269,-0.57260604255,-0.545529296073,0.458195705105,161
1,1458684386,110000000,0.795362196496,2.79053952355,-0.54130578,0.403409742532,-0.575146332557,-0.5446271756,0.458092256401,162
1,1458684386,110000000,0.795362196496,2.79053952355,-0.54130578,0.403409742532,-0.575146332557,-0.5446271756,0.458092256401,163
1,1458684386,146000000,0.794572586268,2.7940776008,-0.540993501426,0.399313490198,-0.579815524246,-0.542580009937,0.458224428862,164
1,1458684386,153000000,0.794393786943,2.79499489818,-0.540926557324,0.39837919708,-0.580942238076,-0.541983053077,0.458317031683,165
1,1458684386,157000000,0.794393786943,2.79499489818,-0.540926557324,0.39837919708,-0.580942238076,-0.541983053077,0.458317031683,166
1,1458684386,199000000,0.793676974569,2.79976058928,-0.54063760198,0.394093028715,-0.586360540348,-0.538591942202,0.459119506486,167
1,1458684386,221000000,0.793469332509,2.80173033638,-0.54052801041,0.392357421552,-0.588629980433,-0.537162348913,0.459376763451,168
1,1458684386,221000000,0.793469332509,2.80173033638,-0.54052801041,0.392357421552,-0.588629980433,-0.537162348913,0.459376763451,169
1,1458684386,249000000,0.793241316677,2.80372879801,-0.540451497706,0.390470350564,-0.591024664469,-0.535806518317,0.459493336457,170
1,1458684386,254000000,0.79312430955,2.80473478885,-0.54041844463,0.389477648611,-0.592269211034,-0.53514754185,0.459501307229,171
1,1458684386,292000000,0.792799098169,2.80875449427,-0.540231235601,0.385296091519,-0.597583055146,-0.532468017068,0.459259430891,172
1,1458684386,295000000,0.792799098169,2.80875449427,-0.540231235601,0.385296091519,-0.597583055146,-0.532468017068,0.459259430891,173
1,1458684386,297000000,0.792751982115,2.80976604471,-0.540174813231,0.384225141556,-0.598965739862,-0.531768377539,0.459166065512,174
1,1458684386,312000000,0.792705633559,2.81078840735,-0.540125228338,0.383157474451,-0.600337501616,-0.531055923383,0.459091320072,175
1,1458684386,348000000,0.792597211956,2.81502208179,-0.540049365989,0.378933429883,-0.605781060998,-0.528049931217,0.458913970146,176
1,1458684386,365000000,0.792597211956,2.81502208179,-0.540049365989,0.378933429883,-0.605781060998,-0.528049931217,0.458913970146,177
1,1458684386,391000000,0.79266124662,2.81960986415,-0.540044774862,0.374935984743,-0.611090313329,-0.524592501509,0.459123451438,178
1,1458684386,401000000,0.792690669969,2.82083586731,-0.540023659697,0.373986088051,-0.612354408851,-0.523647694029,0.45929247375,179
1,1458684386,425000000,0.792734419722,2.82207998472,-0.54001456107,0.373058481193,-0.613584591985,-0.522682250433,0.45950471507,180
1,1458684386,440000000,0.792929589917,2.82591861873,-0.540010724303,0.370420784144,-0.617219657931,-0.519574821817,0.460293755196,181
1,1458684386,440000000,0.792929589917,2.82591861873,-0.540010724303,0.370420784144,-0.617219657931,-0.519574821817,0.460293755196,182
1,1458684386,457000000,0.793006718276,2.82723108197,-0.540014227617,0.369548917675,-0.618400682898,-0.518498811478,0.460622595334,183
1,1458684386,460000000,0.793089029642,2.82855584598,-0.540025489514,0.368661197537,-0.619575283557,-0.51742203735,0.460966186071,184
1,1458684386,488000000,0.793391098141,2.83255185097,-0.540062685154,0.365868559924,-0.623112132298,-0.514238416291,0.46198519311,185
1,1458684386,491000000,0.793391098141,2.83255185097,-0.540062685154,0.365868559924,-0.623112132298,-0.514238416291,0.46198519311,186
1,1458684386,522000000,0.793812401076,2.83653289423,-0.54005720183,0.362868227049,-0.626680189116,-0.511142682613,0.46295976972,187
1,1458684386,522000000,0.793812401076,2.83653289423,-0.54005720183,0.362868227049,-0.626680189116,-0.511142682613,0.46295976972,188
1,1458684386,540000000,0.794174946096,2.83918103136,-0.540105083714,0.360652079083,-0.629041740797,-0.509280556041,0.463540593073,189
1,1458684386,565000000,0.794624155122,2.84180406415,-0.540216981752,0.358263519447,-0.631327178977,-0.507634096866,0.464091442948,190
1,1458684386,594000000,0.795479723979,2.84565852333,-0.540469473478,0.354359579384,-0.634513010603,-0.505624893421,0.464936549463,191
1,1458684386,599000000,0.795479723979,2.84565852333,-0.540469473478,0.354359579384,-0.634513010603,-0.505624893421,0.464936549463,192
1,1458684386,624000000,0.796570455671,2.84940265573,-0.540763511406,0.350090359588,-0.637321505217,-0.504156645765,0.465922864477,193
1,1458684386,629000000,0.797018981879,2.85063015735,-0.540900449022,0.348633082357,-0.638144264656,-0.50376295094,0.46631508729,194
1,1458684386,649000000,0.797518077603,2.85184620374,-0.541062578503,0.347135172782,-0.638878854721,-0.503460012628,0.466753678607,195
1,1458684386,656000000,0.798071138061,2.85305317796,-0.541249635363,0.345556861902,-0.639529030657,-0.503267654109,0.467241631779,196
1,1458684386,681000000,0.800091591087,2.85665015788,-0.541909588226,0.340338989475,-0.64124018101,-0.50315695599,0.468842702984,197
1,1458684386,681000000,0.800091591087,2.85665015788,-0.541909588226,0.340338989475,-0.64124018101,-0.50315695599,0.468842702984,198
1,1458684386,700000000,0.801745021636,2.8589914488,-0.54237621262,0.336335293483,-0.64196004426,-0.50377076183,0.470086046864,199
1,1458684386,733000000,0.804722863944,2.86257566401,-0.543113240637,0.33092089617,-0.64240862364,-0.505252895893,0.471722409837,200
1,1458684386,740000000,0.804722863944,2.86257566401,-0.543113240637,0.33092089617,-0.64240862364,-0.505252895893,0.471722409837,201
1,1458684386,740000000,0.804722863944,2.86257566401,-0.543113240637,0.33092089617,-0.64240862364,-0.505252895893,0.471722409837,202
1,1458684386,760000000,0.807783960135,2.86640986899,-0.543871215545,0.328690825575,-0.641583589892,-0.506140817766,0.473449375282,203
1,1458684386,785000000,0.808687797528,2.86775099711,-0.544132213511,0.328620816611,-0.640994822852,-0.506187513753,0.474244870175,204
1,1458684386,791000000,0.809497585247,2.86907914401,-0.544356606909,0.328860541779,-0.640251303308,-0.50611108982,0.4751637375,205
1,1458684386,843000000,0.811885341827,2.87550152778,-0.545214807232,0.331073126384,-0.637708408043,-0.503394519344,0.479908875925,206
1,1458684386,843000000,0.811885341827,2.87550152778,-0.545214807232,0.331073126384,-0.637708408043,-0.503394519344,0.479908875925,207
1,1458684386,843000000,0.811885341827,2.87550152778,-0.545214807232,0.331073126384,-0.637708408043,-0.503394519344,0.479908875925,208
1,1458684386,874000000,0.811977245755,2.87901986828,-0.545552257307,0.332125325787,-0.638565023402,-0.501183371308,0.480356853997,209
1,1458684386,898000000,0.810957190019,2.88372664956,-0.54591480413,0.333142903757,-0.641754182625,-0.498618597385,0.478065758136,210
1,1458684386,934000000,0.81025768682,2.88611536998,-0.546149219056,0.333301048776,-0.643662848387,-0.497317810601,0.476742638905,211
1,1458684386,946000000,0.809918763361,2.88728784613,-0.546285923769,0.333329722102,-0.644628329817,-0.496706380012,0.476055022888,212
1,1458684386,976000000,0.809057357765,2.89068972904,-0.546670610809,0.333462874714,-0.647538298896,-0.495141751665,0.473636261712,213
1,1458684386,986000000,0.809057357765,2.89068972904,-0.546670610809,0.333462874714,-0.647538298896,-0.495141751665,0.473636261712,214
1,1458684386,992000000,0.808478450018,2.89367858551,-0.546871042045,0.33277222791,-0.650512532613,-0.494865813605,0.470323203521,215
1,1458684387,11000000,0.808194818235,2.89518192007,-0.546905852639,0.330990816689,-0.652822785073,-0.496306008722,0.466848836631,216
1,1458684387,22000000,0.808092436485,2.89576244036,-0.5469603726,0.329663847823,-0.654108235676,-0.497627197743,0.464576512025,217
1,1458684387,58000000,0.807822399452,2.89693695344,-0.54713237529,0.324371819465,-0.659109517776,-0.502924470017,0.455438847456,218
1,1458684387,58000000,0.807822399452,2.89693695344,-0.54713237529,0.324371819465,-0.659109517776,-0.502924470017,0.455438847456,219
1,1458684387,58000000,0.807822399452,2.89693695344,-0.54713237529,0.324371819465,-0.659109517776,-0.502924470017,0.455438847456,220
1,1458684387,82000000,0.807296596791,2.89745120126,-0.54708553918,0.317006168434,-0.666074345889,-0.509059112053,0.443520997652,221
1,1458684387,86000000,0.807296596791,2.89745120126,-0.54708553918,0.317006168434,-0.666074345889,-0.509059112053,0.443520997652,222
1,1458684387,111000000,0.80541230671,2.89606426709,-0.546837475145,0.30504867085,-0.675195846347,-0.517963813968,0.427515338798,223
1,1458684387,111000000,0.80541230671,2.89606426709,-0.546837475145,0.30504867085,-0.675195846347,-0.517963813968,0.427515338798,224
1,1458684387,127000000,0.803621131303,2.89485428477,-0.546817516196,0.295652979383,-0.682203488922,-0.524630829481,0.414668793428,225
1,1458684387,144000000,0.80261717494,2.8942335756,-0.546840517461,0.290814018549,-0.685763259957,-0.527925911969,0.40798307487,226
1,1458684387,168000000,0.799513249357,2.89260249192,-0.547006021779,0.277005411524,-0.695844940136,-0.536541427171,0.388833020979,227
1,1458684387,211000000,0.795058880659,2.8896348361,-0.546918669152,0.262927221579,-0.706526454489,-0.543443919401,0.369267317435,228
1,1458684387,217000000,0.794193993261,2.88913800306,-0.546947291076,0.260554335689,-0.708392596571,-0.544474163265,0.365840474544,229
1,1458684387,227000000,0.794193993261,2.88913800306,-0.546947291076,0.260554335689,-0.708392596571,-0.544474163265,0.365840474544,230
1,1458684387,250000000,0.792263272706,2.88817316038,-0.547162754516,0.256373905715,-0.712083541298,-0.546114195783,0.359122173981,231
1,1458684387,261000000,0.791849508673,2.88799341297,-0.547272303019,0.255921026586,-0.712715920664,-0.546223200652,0.358023266916,232
1,1458684387,282000000,0.791071096384,2.88736633776,-0.547415034786,0.256286818659,-0.713090452878,-0.54599311391,0.357366187767,233
1,1458684387,287000000,0.790863559824,2.88710871064,-0.5474976573,0.257026637611,-0.712859051662,-0.545751024666,0.357666183891,234
1,1458684387,312000000,0.790825620891,2.88666856345,-0.547696321147,0.259516859536,-0.711603272948,-0.545054962486,0.359425749517,235
1,1458684387,316000000,0.790825620891,2.88666856345,-0.547696321147,0.259516859536,-0.711603272948,-0.545054962486,0.359425749517,236
1,1458684387,335000000,0.791277585196,2.88628277503,-0.547990121621,0.263071631595,-0.709349721621,-0.544170738593,0.362621698669,237
1,1458684387,341000000,0.791665617567,2.88610220029,-0.54818741373,0.265132501524,-0.707881102673,-0.543727485722,0.364649862723,238
1,1458684387,365000000,0.792696044876,2.88576393534,-0.548665203721,0.26962408762,-0.704528366689,-0.54282521395,0.369165842144,239
1,1458684387,384000000,0.793987739203,2.88538699877,-0.549185555621,0.274444525776,-0.700727124243,-0.541724042726,0.374428579509,240
1,1458684387,384000000,0.793987739203,2.88538699877,-0.549185555621,0.274444525776,-0.700727124243,-0.541724042726,0.374428579509,241
1,1458684387,425000000,0.797052054145,2.88448088651,-0.550421330366,0.283948255652,-0.69163011316,-0.540222270191,0.386239658078,242
1,1458684387,428000000,0.797052054145,2.88448088651,-0.550421330366,0.283948255652,-0.69163011316,-0.540222270191,0.386239658078,243
1,1458684387,449000000,0.799424034677,2.88386908458,-0.551348888435,0.291124356093,-0.684400418479,-0.5394477203,0.394764275914,244
1,1458684387,457000000,0.800190988257,2.88368328478,-0.551642487177,0.293567168543,-0.681918143111,-0.539144198845,0.397654996828,245
1,1458684387,488000000,0.802368933405,2.88325063281,-0.552541480582,0.301423628419,-0.67435419623,-0.537905409566,0.40626098092,246
1,1458684387,493000000,0.802368933405,2.88325063281,-0.552541480582,0.301423628419,-0.67435419623,-0.537905409566,0.40626098092,247
1,1458684387,528000000,0.805037714149,2.88294284778,-0.553697174889,0.314148112086,-0.663459928519,-0.534385775963,0.419003256993,248
1,1458684387,533000000,0.805037714149,2.88294284778,-0.553697174889,0.314148112086,-0.663459928519,-0.534385775963,0.419003256993,249
1,1458684387,539000000,0.805037714149,2.88294284778,-0.553697174889,0.314148112086,-0.663459928519,-0.534385775963,0.419003256993,250
1,1458684387,571000000,0.806987215654,2.88238369614,-0.554959204206,0.326800863432,-0.652756865765,-0.529745734777,0.431832289601,251
1,1458684387,571000000,0.806987215654,2.88238369614,-0.554959204206,0.326800863432,-0.652756865765,-0.529745734777,0.431832289601,252
1,1458684387,579000000,0.806987215654,2.88238369614,-0.554959204206,0.326800863432,-0.652756865765,-0.529745734777,0.431832289601,253
1,1458684387,602000000,0.807662184604,2.8810122966,-0.555977249704,0.333037071569,-0.647373877754,-0.527901446993,0.437393911281,254
1,1458684387,609000000,0.807718733277,2.88020415224,-0.556304261011,0.334061297409,-0.646459991644,-0.527940597831,0.437916948677,255
1,1458684387,632000000,0.807611252881,2.87806328846,-0.556952347548,0.334615378351,-0.64575712322,-0.528942073548,0.437322042906,256
1,1458684387,635000000,0.807464191123,2.87676137489,-0.557274576995,0.334290582641,-0.645800930389,-0.529902631231,0.436341799603,257
1,1458684387,694000000,0.806386528707,2.8694609312,-0.558914692212,0.329524966489,-0.647531224752,-0.539684818502,0.425272743202,258
1,1458684387,694000000,0.806386528707,2.8694609312,-0.558914692212,0.329524966489,-0.647531224752,-0.539684818502,0.425272743202,259
1,1458684387,694000000,0.806386528707,2.8694609312,-0.558914692212,0.329524966489,-0.647531224752,-0.539684818502,0.425272743202,260
1,1458684387,712000000,0.806175284845,2.86674904176,-0.559500830748,0.327612746411,-0.648097341381,-0.544639726839,0.419532230506,261
1,1458684387,712000000,0.806175284845,2.86674904176,-0.559500830748,0.327612746411,-0.648097341381,-0.544639726839,0.419532230506,262
1,1458684387,731000000,0.806178866037,2.86431066465,-0.560042634268,0.326456062268,-0.648101597828,-0.548914943116,0.414829053376,263
1,1458684387,756000000,0.80643373598,2.86217154427,-0.560569578993,0.326407360678,-0.647291699736,-0.552195942536,0.411766112491,264
1,1458684387,760000000,0.806655687685,2.86120315844,-0.560845704057,0.326905582501,-0.646497511981,-0.553501789657,0.410864303607,265
1,1458684387,778000000,0.807273797316,2.85942691599,-0.561445117262,0.329037401158,-0.644081948136,-0.555507734224,0.410248692798,266
1,1458684387,793000000,0.807420128354,2.85843994509,-0.561639814067,0.330569735501,-0.642528224557,-0.556274017346,0.410414848956,267
1,1458684387,813000000,0.807830154234,2.85658808225,-0.562077715859,0.334321805189,-0.638841522996,-0.557435522845,0.411553249218,268
1,1458684387,833000000,0.808343963752,2.85485332415,-0.562545840391,0.338603126475,-0.63475708705,-0.558305697726,0.413190163325,269
1,1458684387,838000000,0.808619235582,2.85401712316,-0.562779206632,0.340786206202,-0.63268354073,-0.558714597599,0.414022097697,270
1,1458684387,865000000,0.8091738836,2.85238080613,-0.563238152591,0.344947912911,-0.628638329128,-0.559615319777,0.415518329802,271
1,1458684387,870000000,0.8091738836,2.85238080613,-0.563238152591,0.344947912911,-0.628638329128,-0.559615319777,0.415518329802,272
1,1458684387,912000000,0.809958408667,2.84807985262,-0.564266795402,0.353418074207,-0.619628168445,-0.562535963829,0.41798311819,273
1,1458684387,912000000,0.809958408667,2.84807985262,-0.564266795402,0.353418074207,-0.619628168445,-0.562535963829,0.41798311819,274
1,1458684387,956000000,0.809973044438,2.84404167963,-0.564858721949,0.358098905173,-0.614119346078,-0.565815531909,0.417702509853,275
1,1458684387,943000000,0.810016895238,2.84509148381,-0.564739742029,0.3570177101,-0.615365739805,-0.564959878963,0.417951786828,276
1,1458684387,946000000,0.809973044438,2.84404167963,-0.564858721949,0.358098905173,-0.614119346078,-0.565815531909,0.417702509853,277
1,1458684387,981000000,0.809583827465,2.84086116543,-0.565176283534,0.361075020552,-0.610652479099,-0.568492683608,0.416586663238,278
1,1458684387,990000000,0.809583827465,2.84086116543,-0.565176283534,0.361075020552,-0.610652479099,-0.568492683608,0.416586663238,279
1,1458684388,27000000,0.808125228635,2.83538578838,-0.565617781152,0.36592780428,-0.605688385246,-0.573095488399,0.413279546083,280
1,1458684388,27000000,0.808125228635,2.83538578838,-0.565617781152,0.36592780428,-0.605688385246,-0.573095488399,0.413279546083,281
1,1458684388,46000000,0.807287026694,2.83324501937,-0.565710163552,0.36798702138,-0.60397444828,-0.574730278327,0.411686197358,282
1,1458684388,52000000,0.807287026694,2.83324501937,-0.565710163552,0.36798702138,-0.60397444828,-0.574730278327,0.411686197358,283
1,1458684388,67000000,0.806324769366,2.83111688022,-0.565756327048,0.370243626713,-0.602318128159,-0.576216496393,0.410008632414,284
1,1458684388,93000000,0.805212589592,2.82898318711,-0.565806152874,0.372769917902,-0.600723049391,-0.577526744009,0.408212280795,285
1,1458684388,97000000,0.804619845097,2.8279206439,-0.565820676276,0.374111541469,-0.599917822729,-0.578127555633,0.407317676918,286
1,1458684388,129000000,0.802736751812,2.82475809821,-0.565855791911,0.378431928127,-0.59740590529,-0.57975537298,0.404696389406,287
1,1458684388,139000000,0.802096561123,2.8237140279,-0.565868736988,0.37995503793,-0.596518382478,-0.580245929962,0.403874546462,288
1,1458684388,139000000,0.802096561123,2.8237140279,-0.565868736988,0.37995503793,-0.596518382478,-0.580245929962,0.403874546462,289
1,1458684388,172000000,0.800233644371,2.82057621274,-0.565944550491,0.384843478528,-0.593471591248,-0.581713521227,0.401617164272,290
1,1458684388,172000000,0.800233644371,2.82057621274,-0.565944550491,0.384843478528,-0.593471591248,-0.581713521227,0.401617164272,291
1,1458684388,201000000,0.798751134964,2.81725962364,-0.566195520441,0.390033427978,-0.59001176204,-0.583074897973,0.399729544903,292
1,1458684388,201000000,0.798751134964,2.81725962364,-0.566195520441,0.390033427978,-0.59001176204,-0.583074897973,0.399729544903,293
1,1458684388,233000000,0.797788232055,2.81379332392,-0.566774893392,0.395157742386,-0.585618179382,-0.584720959269,0.398751935922,294
1,1458684388,238000000,0.797566077413,2.8126147814,-0.567016923638,0.39686072508,-0.583986922059,-0.585346009248,0.398535932145,295
1,1458684388,279000000,0.796968176682,2.80780202028,-0.568033032306,0.40364968728,-0.576993962296,-0.58787121178,0.398186307893,296
1,1458684388,305000000,0.796909529254,2.80525539268,-0.568588549047,0.4068136935,-0.573179161422,-0.589259235755,0.39842417192,297
1,1458684388,300000000,0.796909529254,2.80525539268,-0.568588549047,0.4068136935,-0.573179161422,-0.589259235755,0.39842417192,298
1,1458684388,333000000,0.796744368059,2.80140276117,-0.569400163037,0.411426159968,-0.567642878444,-0.591336379329,0.398536527721,299
1,1458684388,333000000,0.796744368059,2.80140276117,-0.569400163037,0.411426159968,-0.567642878444,-0.591336379329,0.398536527721,300
1,1458684388,388000000,0.795568815373,2.79395598102,-0.570639354381,0.42083466751,-0.55798869547,-0.594287637039,0.397956031255,301
1,1458684388,388000000,0.795568815373,2.79395598102,-0.570639354381,0.42083466751,-0.55798869547,-0.594287637039,0.397956031255,302
1,1458684388,388000000,0.795568815373,2.79395598102,-0.570639354381,0.42083466751,-0.55798869547,-0.594287637039,0.397956031255,303
