0,1445364507,249000000,0.0,0.0,0.0,-0.0797399667325,-0.0797399667325,0.702596283584,0.702596283584,0
1,1445364510,231000000,2.52291136318,-4.55340423583,0.767826438687,-0.0611441140355,-0.0897245943312,0.59437852671,0.796821850527,2
1,1445364510,647000000,2.24640498861,-8.61112777696,0.756763087383,-0.0748641540407,-0.0812198159699,0.578148537049,0.808420044928,40
1,1445364511,703000000,1.05175735473,-13.0089047834,0.598302295317,-0.0679039839502,-0.0699913055549,0.578284397464,0.809986062695,127
1,1445364511,966000000,0.64513294695,-14.6653239844,0.749515064271,-0.072454796638,-0.0740977751846,0.576517720951,0.810485742988,153
1,1445364514,366000000,0.64513294695,-14.6653239844,0.749515064271,-0.072454796638,-0.0740977751846,0.576517720951,0.810485742988,368
1,1445364516,965000000,-1.14145156421,-22.7182603463,0.94967039766,-0.077464888324,-0.0538074985827,0.571043017248,0.815483792988,598
1,1445364517,289000000,-4.24755065412,-23.0340662889,1.32148644219,-0.0765424612327,-0.0329672829606,0.533411728819,0.841740065246,625
1,1445364518,362000000,-4.23525166621,-23.5943818581,1.54936649726,-0.0908567765942,-0.0372780908489,0.529522601756,0.842591956002,713
1,1445364518,787000000,-4.03091783388,-23.0286075299,1.89747160692,-0.091201596329,-0.0439487543949,0.526877181875,0.843890520763,750
1,1445364518,996000000,-3.20146402581,-20.6385207175,0.108754699942,-0.0742795309786,-0.0458285302929,0.549407379759,0.830983650956,768
