1,1445365276,980000000,3.14131485186,-1.49934818499,-0.684666866416,-0.0847461338356,0.121327939856,-0.884557319144,0.442330162842,0
1,1445365278,703000000,3.10862843221,-1.34812202334,-0.987907170558,-0.0802323462403,0.105170247299,-0.886241716261,0.443934240692,155
1,1445365281,691000000,3.12804566801,-1.35006950282,-1.01356352714,-0.077191894713,0.110928131421,-0.888118034599,0.439297982776,424
1,1445365282,735000000,3.13718022076,-1.37155007643,-0.971265089314,-0.0786000196551,0.115393361794,-0.890481247552,0.433069921286,517
1,1445365283,297000000,2.8472404954,-1.15924729584,-0.937841430444,-0.0794213675811,0.118474848312,-0.889897906002,0.433287056791,562
1,1445365284,130000000,2.86426297943,-1.38535147453,-0.961777838549,-0.0789578006997,0.118445558867,-0.890287381721,0.432579117898,635
1,1445365286,39000000,3.09550662395,-0.86698621485,-1.0938191861,-0.076679998615,0.119468136962,-0.890483871974,0.43230315268,802
1,1445365286,621000000,3.16070896909,-0.936320807805,-1.00788123314,-0.0767113261873,0.118149342156,-0.889258778758,0.435172298963,854
1,1445365288,102000000,3.09621806032,-1.28705095745,-0.682317208748,-0.0773422980239,0.117476347503,-0.88743781563,0.438943732274,980
1,1445365289,827000000,3.68804371452,-0.959863925242,-0.845529357985,-0.0760664308033,0.115575295004,-0.88806157003,0.438409508479,1126
1,1445365291,196000000,3.64326843484,-0.927555030313,-0.779247827673,-0.0754480770223,0.115082219114,-0.88810672215,0.438554581083,1235
1,1445365292,701000000,4.15172043666,-0.986813023932,-0.989087062664,-0.0590979275076,0.1221387206,-0.886683244102,0.442020805533,1363
1,1445365293,726000000,3.75496153389,-0.459951000993,-0.999079237079,-0.0604597214071,0.122955659442,-0.885143417373,0.444688271241,1447
1,1445365294,210000000,3.57557332059,-0.145353116461,-0.869219405466,-0.0597340905971,0.114919786632,-0.883117312488,0.450920273935,1482
1,1445365295,221000000,3.20937170049,-0.220059546632,-0.850784190182,-0.0664576722713,0.110915871452,-0.882170786551,0.452830818974,1573
1,1445365296,3000000,3.21911936382,-0.250469901407,-0.821851368702,-0.0650346995351,0.101780119614,-0.882868574262,0.453821964749,1648
1,1445365297,31000000,3.22475314399,-0.243342319598,-0.821900877537,-0.0640698642832,0.100640331683,-0.882276608453,0.455362012366,1728
1,1445365298,99000000,3.65488908701,-0.264865404782,-0.814830939604,-0.0558823155085,0.0963049672666,-0.88391882909,0.45419161559,1828
1,1445365299,198000000,3.75996020345,-0.846971496613,-0.689841617451,-0.0641745753114,0.100629274864,-0.883878976985,0.452231497099,1927
1,1445365300,794000000,2.86012641042,-1.09959876886,-0.687628834108,-0.0713201902086,0.103027325265,-0.884272653698,0.449845167407,2066
1,1445365303,230000000,3.15857852789,-1.06732556694,-0.79747817579,-0.0726671656847,0.105336158304,-0.884569429932,0.448509420654,2280
1,1445365305,523000000,2.80290964606,-0.57345932423,-0.739837420112,-0.0790001278704,0.109642578371,-0.883327330257,0.448854444588,2481
1,1445365306,420000000,2.81698285686,-0.543807180418,-0.749970149689,-0.0787058158948,0.110830448112,-0.882966702084,0.44932372442,2564
