1,1445361766,972000000,3.09827611699,-0.519421104526,-0.415558094377,-0.0100214390867,-0.115566972923,0.993088366692,0.0178701278283,1
1,1445361768,185000000,2.97457274398,-0.458818904929,-0.540733879898,-0.00464963638062,-0.122457590489,0.992025448034,0.0294623465684,115
1,1445361770,284000000,3.07720158327,-0.543246374418,-0.6905828122,-0.00570121694167,-0.121312513827,0.991990728312,0.0347154872915,284
1,1445361771,685000000,2.95785352502,-0.553601008463,-0.706638672583,-0.0077340109374,-0.111845569485,0.99322541044,0.0305620306426,411
1,1445361772,580000000,3.01017423946,-0.426222527231,-0.654213648046,-0.00748093021835,-0.111711589939,0.993293175222,0.0288656268729,489
1,1445361775,187000000,2.792005356,0.0301375529474,-0.681626784467,-0.0034262789392,-0.109297150799,0.993588219504,0.0287200888448,713
1,1445361776,766000000,2.9284008035,0.167670336533,-0.677996125729,-0.00332873443902,-0.10869776518,0.993663596656,0.0283966908606,854
1,1445361779,598000000,2.57174992866,0.0604804588899,-0.500426707651,0.0055441240231,-0.102170292276,0.994339170364,0.0286375338486,1093
1,1445361780,596000000,2.56872022967,0.131752894887,-0.566162311841,0.00231088507704,-0.111763550397,0.993336788821,0.0280284246289,1185
1,1445361781,782000000,2.70570489137,0.0930224507807,-0.511445583864,0.00549796400735,-0.114727389992,0.993158894956,0.021042997571,1283
