1,1445363285,190000000,3.80616682907,-1.59859933647,-0.806150691087,0.00387150011904,-0.120816310238,0.948951912701,0.29133948934,0
1,1445363287,506000000,3.6031838495,-1.08365418168,-1.17082476546,0.000651943355099,-0.119960178222,0.948951300381,0.291720002942,201
1,1445363288,610000000,3.78270859337,-0.509672870261,-1.09147193251,-0.00160392750586,-0.114473414293,0.949543406847,0.291994149515,299
1,1445363289,400000000,3.74207231103,-0.352982832647,-1.03933849665,-0.00357786381769,-0.108986104143,0.952441875208,0.28454121379,370
1,1445363289,787000000,3.78285065039,-0.313349352516,-0.891264914136,-0.00624160100355,-0.109823706548,0.952476523296,0.284056805002,405
1,1445363291,228000000,5.23667135869,-1.74124839609,-1.34800563184,-0.00633758963532,-0.110524419583,0.952104664203,0.28502788642,525
1,1445363292,600000000,5.7981837646,-0.862767180915,-1.10618789043,-0.00663772857353,-0.110805010392,0.951900008592,0.285595104778,657
1,1445363293,817000000,5.53241856224,-0.954229089761,-1.06179157542,-0.00689671614117,-0.11099118721,0.951938872636,0.285387060732,764
1,1445363294,893000000,5.51348566022,-1.04795261074,-1.09931787968,-0.00731082552207,-0.110607480033,0.952084422949,0.285039977492,860
1,1445363296,593000000,5.38521853791,-1.47807057604,-1.14025839199,-0.00836569512163,-0.109979230063,0.95150759248,0.287172222809,1012
1,1445363297,598000000,6.01635069437,-0.475781975081,-0.921601417008,-0.00766477758041,-0.108024574305,0.951514781252,0.287908950174,1103
1,1445363299,877000000,5.56875103189,-0.20038354875,-0.966424196254,-0.00985473486609,-0.107292564522,0.950124561081,0.29266791459,1302
1,1445363301,96000000,5.51130975962,-0.578728260064,-1.13773172472,-0.010622628718,-0.106840251198,0.950126827639,0.292799132313,1403
