1,1445363547,727000000,3.59754360099,-1.19013122813,-0.757327912156,-0.0471306982481,0.0900041161223,-0.909379023192,0.403370485463,0
1,1445363549,98000000,3.67047057793,-1.08655243888,-0.769957982255,-0.0509399876399,0.0980442622984,-0.912965928147,0.392792126109,128
1,1445363553,311000000,3.5294113386,-1.1712182615,-0.692158862527,-0.0525481335835,0.100334900084,-0.912716423587,0.392581624119,498
1,1445363554,405000000,3.54871767516,-1.22498435732,-0.730415853245,-0.0517269104521,0.107444435494,-0.912715179366,0.390808164411,595
1,1445363554,704000000,3.49929950855,-1.0262376866,-0.564854918794,-0.0464487233771,0.115935002927,-0.912843775961,0.388738770747,624
1,1445363556,53000000,3.64180040483,-1.24948928084,-0.630381659153,-0.046287255415,0.11430697086,-0.916958861144,0.37944413735,742
1,1445363556,717000000,3.54858355595,-1.11302120456,-0.717294148216,-0.0497120837266,0.109835557089,-0.91316355684,0.389354822226,795
1,1445363557,913000000,3.65630333761,-1.27207276949,-0.711476601817,-0.0659875021756,0.108279232572,-0.908125277623,0.399036010271,879
1,1445363560,128000000,3.60976685471,-1.29745199419,-0.664441657212,-0.0684294009043,0.111031084186,-0.90415286278,0.406813367729,1060
1,1445363561,40000000,4.09884974527,-1.11616573452,-0.862015636731,-0.0720889671505,0.110520226273,-0.904345977291,0.405890149865,1134
1,1445363561,728000000,3.89021950851,-1.01963949202,-0.848074174583,-0.0703399590854,0.110388029455,-0.904565698791,0.405743354448,1195
1,1445363563,310000000,3.46007137175,-0.702618283688,-0.749483165067,-0.0705553704165,0.108694586182,-0.903143129934,0.409316397781,1327
1,1445363564,546000000,3.47978450952,-0.695753783315,-0.709747088081,-0.0708720168411,0.103059804224,-0.902741236424,0.411599433966,1433
1,1445363565,97000000,3.50477351992,-0.706292883944,-0.719282921688,-0.0706929674594,0.108688935335,-0.902345794078,0.411049008753,1483
1,1445363566,405000000,3.54726643623,-0.740258149845,-0.713508014349,-0.0711397464932,0.108404801021,-0.901477234696,0.412948339273,1602
1,1445363566,825000000,3.54783809953,-0.726364164181,-0.750575952712,-0.0678395725761,0.111925492675,-0.900541161382,0.414603537298,1638
1,1445363568,122000000,3.44206373477,-0.729703611531,-0.795190868302,-0.0658498929908,0.111545624945,-0.900648939438,0.414792542167,1749
1,1445363568,813000000,3.50600646464,-0.728083768318,-0.815493600097,-0.0583167501395,0.109058259549,-0.899133671136,0.419838176095,1810
1,1445363570,509000000,3.39397806865,-1.4835576086,-0.858237671928,-0.0626544551394,0.108887356878,-0.899919807469,0.417567123812,1964
1,1445363572,99000000,3.86294240971,-1.26032925455,-0.765041782152,-0.0652928062443,0.107238132171,-0.898997448385,0.419571710507,2100
1,1445363573,910000000,2.97531786055,-1.26647762727,-0.863873110313,-0.0584881559642,0.111668888611,-0.90096640601,0.415173132765,2254
1,1445363578,319000000,3.05725443405,-1.33199970259,-0.979283621991,-0.0580109790227,0.109978916037,-0.901408980916,0.414730290025,2649
