1453147572,543176054,2.73506171519,-0.797612630005,0.318124330781,0.97526117994,-0.161119750307,0.123606225151,-0.0873358922031,0
1453147572,560010457,2.73534103827,-0.797844225091,0.318489548426,0.975498622584,-0.160360382226,0.122132487686,-0.0881512370908,1
1453147572,476647070,2.73367745508,-0.797958879764,0.317991932403,0.976328839938,-0.154820933614,0.124486719173,-0.0855308807946,2
1453147572,618248379,2.73814089462,-0.798156992228,0.318630422059,0.979688349683,-0.145156798812,0.110676407441,-0.083011891254,3
1453147572,610459398,2.73776268873,-0.798153253435,0.318729178452,0.979703475228,-0.143947913856,0.110384885669,-0.0852952269438,4
1453147572,601587533,2.73681170359,-0.797877562369,0.318678286419,0.976408049934,-0.158388628835,0.117517076517,-0.0879209816106,5
1453147572,593114595,2.73660691917,-0.797759371012,0.318489478625,0.975896819135,-0.161223639079,0.118812944029,-0.0866938344756,6
1453147572,668200608,2.73953622842,-0.799441467527,0.318758885484,0.976959717524,-0.159675527174,0.112215209966,-0.0863781396487,7
1453147572,693217052,2.74074815692,-0.800726700022,0.318595961194,0.979559953105,-0.147626926767,0.104621581888,-0.0878801079294,8
1453147572,701705145,2.74069374558,-0.800900541124,0.318182757829,0.976471593164,-0.160138118608,0.10992198989,-0.0936811979645,9
1453147572,710241144,2.74108887836,-0.801687404132,0.318102115586,0.977451219146,-0.156074612548,0.107243115591,-0.0934277456998,10
1453147572,717959723,2.74125499032,-0.802300201315,0.317870239775,0.978026587775,-0.153441884584,0.10584812327,-0.0933582158168,11
1453147572,751569858,2.74202363201,-0.805498652406,0.315832421525,0.977909460885,-0.151219272031,0.103579426673,-0.100484428883,12
1453147572,776452353,2.74166402781,-0.809699763675,0.313600793467,0.975270020428,-0.159576019715,0.105224795406,-0.110957756008,13
1453147572,760003195,2.74153994038,-0.807553084199,0.315631430326,0.977715064497,-0.151743071966,0.102897769987,-0.10227092303,14
1453147572,743071015,2.7419513213,-0.804379112919,0.316310679568,0.977819234274,-0.152274221082,0.104526693974,-0.0987738676198,15
1453147572,801456091,2.74107818565,-0.815279061042,0.310772451764,0.973509163937,-0.160925452981,0.106243876818,-0.122862300777,16
1453147572,768110441,2.74162557092,-0.809098539828,0.314864381888,0.977841273795,-0.150318730432,0.101613169619,-0.104429336418,17
1453147572,734962304,2.74188552059,-0.80320204385,0.316630880912,0.976531340332,-0.15770972846,0.108620630074,-0.0985684615934,18
1453147572,676855406,2.73962603005,-0.799664770529,0.318523515966,0.97538614822,-0.164467086328,0.114918239866,-0.0914671390284,19
1453147572,843049780,2.73959981138,-0.827646857146,0.305960230816,0.968295696317,-0.165205267886,0.109089561427,-0.152348716912,20
1453147572,859892985,2.73894346926,-0.83325315506,0.304305013537,0.966144474277,-0.16792180966,0.109813020491,-0.162198092452,21
1453147572,851560365,2.73930698134,-0.830317480645,0.305175316574,0.967417981431,-0.166789121203,0.109334698434,-0.155980005037,22
1453147572,959849262,2.73228677024,-0.872727188303,0.306912816633,0.94903478839,-0.19821632345,0.127854996212,-0.209036741954,23
1453147572,918112815,2.73492927637,-0.854845701635,0.30372212858,0.9553895442,-0.185952658902,0.11955169462,-0.195856630712,24
1453147572,951538642,2.73285762782,-0.868613459465,0.306032701192,0.9501863532,-0.196922950535,0.126843775503,-0.205615909794,25
1453147573,1404337,2.72738449004,-0.894024092605,0.311412081787,0.948399182528,-0.203265814145,0.137416237036,-0.200845157223,26
1453147573,86200657,2.70580488027,-0.945910674905,0.32313457504,0.95942599868,-0.206579861933,0.135942364839,-0.135448097595,27
1453147573,71190789,2.71155352624,-0.93506598883,0.320427501681,0.956914396126,-0.203377476166,0.137950089985,-0.154668074756,28
1453147573,77455416,2.70867405707,-0.940514010042,0.321830521125,0.958815759068,-0.203773476376,0.135836404408,-0.143865151185,29
1453147573,102257238,2.69920343386,-0.956715449969,0.32606366492,0.958886403757,-0.218940610984,0.136246855104,-0.118484885225,30
1453147573,110211464,2.69570869819,-0.96230140741,0.327685884015,0.959070747997,-0.221862822313,0.137585544598,-0.109683208965,31
1453147573,143250580,2.68245260363,-0.985469940376,0.334986812648,0.967851990981,-0.21006052493,0.1219208591,-0.0653636254932,32
1453147573,126834176,2.68933225389,-0.973935560575,0.331106204424,0.964695990344,-0.21243379,0.128370516826,-0.0880598744596,33
1453147573,184974318,2.66526790865,-1.0135383485,0.344933928891,0.970916601191,-0.210264634794,0.113846306648,-0.012196530225,34
1453147573,168319335,2.67213316956,-1.00272702435,0.341184069752,0.973231461823,-0.200375291883,0.109028445595,-0.0279832480687,35
1453147573,160161248,2.67566134405,-0.99687381604,0.339063284655,0.971463909072,-0.204106407725,0.113767340881,-0.0406870967923,36
1453147573,60752524,2.71390751575,-0.929460296188,0.31912519449,0.952285532211,-0.213536583614,0.144128737318,-0.163649930276,37
1453147573,193171027,2.66177762376,-1.01924955375,0.347257408275,0.973643082618,-0.202209966507,0.105479024854,0.00211007845772,38
1453147573,180911648,2.66883718041,-1.00792632705,0.342764964775,0.97010205736,-0.2114821468,0.116583013782,-0.0242012559117,39
1453147573,118036615,2.69261909677,-0.968046624512,0.329381555677,0.962470602591,-0.215435196982,0.132424977198,-0.0984969058576,40
1453147573,268351392,2.63231191561,-1.06404697496,0.361160767299,0.967212087667,-0.219961421519,0.109459175969,0.0643151561494,41
1453147573,285105130,2.62582529428,-1.07226869459,0.362203493573,0.96470445267,-0.226519911578,0.111594005898,0.0747049295876,42
1453147573,293248063,2.62280919646,-1.07649365709,0.36250769246,0.965243811421,-0.224780505594,0.107593715297,0.0787508809301,43
1453147573,251531172,2.63852014566,-1.05464599036,0.359137848753,0.969337999667,-0.21379897443,0.107118023006,0.056564742392,44
1453147573,343830956,2.60441188056,-1.09831251316,0.358064129553,0.955729144537,-0.255482943039,0.123588751492,0.0776922686204,45
1453147573,377136028,2.59427448762,-1.11100654206,0.349778992571,0.956873228169,-0.256219030111,0.118521709252,0.0685422370402,46
1453147573,393328520,2.58932101419,-1.11617530731,0.343998949993,0.948332686009,-0.280951433308,0.137013111537,0.0543950000986,47
1453147573,410505631,2.58522894297,-1.12176245369,0.339546066275,0.948430475203,-0.281605047565,0.137719455779,0.0470274642273,48
1453147573,351784207,2.60166117275,-1.10147261582,0.356373003459,0.953712714526,-0.261627543362,0.12904848788,0.0730039347034,49
1453147573,368111141,2.59620810917,-1.10806099932,0.352245960865,0.953537050651,-0.264822703254,0.125082634105,0.0706425050666,50
1453147573,443400528,2.57422934592,-1.134860458,0.333635181926,0.944478725814,-0.292362909612,0.147150238711,0.028821395101,51
1453147573,418456923,2.58204500966,-1.12404064041,0.337372683016,0.938355311463,-0.306063799911,0.155788005896,0.0392983085041,52
1453147573,461763193,2.56930513913,-1.14313754279,0.330365149259,0.941890699517,-0.296219757436,0.157748525984,0.0145316213412,53
1453147573,493372800,2.56294010026,-1.16209855219,0.324456664407,0.951992621272,-0.26300827183,0.156547960515,-0.00542531568848,54
1453147573,477042932,2.56562933298,-1.15307838258,0.327768029309,0.951369201715,-0.270578677297,0.147117853423,0.00633708320502,55
1453147573,510290311,2.5611798471,-1.17126940862,0.321813862009,0.96014952036,-0.235118136704,0.150585200348,-0.0125083084913,56
1453147573,526980980,2.55912284335,-1.17839358834,0.318609493993,0.959942362624,-0.229737205322,0.158726874247,-0.023178790377,57
1453147573,535005608,2.55805086209,-1.18156054428,0.317013296498,0.960407112338,-0.225834812362,0.160598745347,-0.0287203601669,58
1453147573,543336759,2.55690352065,-1.18434612139,0.315367654694,0.959685212565,-0.225218917157,0.164482408973,-0.0350181278398,59
1453147573,568649962,2.55339116387,-1.19118509801,0.311306506018,0.960952987557,-0.215768843858,0.167583952508,-0.0439178846001,60
1453147573,585125033,2.55068826377,-1.19511402948,0.308516608905,0.960234860131,-0.21282735171,0.172400277686,-0.0541449536692,61
1453147573,618368503,2.54415411638,-1.20090838964,0.3035707442,0.952990731108,-0.225353497136,0.190151319927,-0.0697634810012,62
1453147573,635038640,2.5410243776,-1.20342180505,0.301284773693,0.950806926965,-0.227049412001,0.196376046135,-0.0764931411899,63
1453147573,651856911,2.53835696376,-1.20549586689,0.298917208356,0.953516726271,-0.215201024681,0.195443132852,-0.079349565336,64
1453147573,643248549,2.53989329858,-1.20462274962,0.300228593798,0.95549307029,-0.212392689106,0.190138879588,-0.0759575191214,65
1453147573,627056551,2.54292754586,-1.20247297409,0.302881306897,0.958378315442,-0.209226047386,0.18283855162,-0.065616534716,66
1453147573,685284691,2.53268881036,-1.20835066385,0.294523811432,0.950028537211,-0.219833882966,0.203725039907,-0.0872636837365,67
1453147573,702078026,2.52952495294,-1.20969469294,0.292627838986,0.945605401087,-0.22894646985,0.210080100957,-0.0963342647281,68
1453147573,760417145,2.52262461335,-1.21456555028,0.287861675916,0.938947635638,-0.238579383559,0.220949702631,-0.112420835159,69
1453147573,743868255,2.52451354466,-1.21334026921,0.289041084887,0.945053731696,-0.22586586814,0.21210618302,-0.104254596736,70
1453147573,735209053,2.52503903715,-1.21230574875,0.289461017441,0.938693284331,-0.2419697186,0.220498958741,-0.108100797532,71
1453147573,785473189,2.52126492976,-1.21699715541,0.286657587486,0.942862587546,-0.225646257328,0.218383009648,-0.111367718202,72
1453147573,802333015,2.52025404009,-1.21779048123,0.285582010696,0.940465849995,-0.230101335758,0.222041044891,-0.115217770587,73
1453147573,843864624,2.51630247376,-1.21876947842,0.283578528038,0.937226219993,-0.235572535747,0.227143334297,-0.120492732742,74
1453147573,869187113,2.51330240054,-1.21895106839,0.282530446898,0.937647630727,-0.234634751668,0.227001222278,-0.119305905076,75
1453147573,794895550,2.52082436069,-1.21732590998,0.286004137847,0.940358641973,-0.23019391372,0.222157189989,-0.115683056186,76
1453147573,885655337,2.51075995377,-1.21877622511,0.281241937308,0.926895989787,-0.257578674677,0.239614931386,-0.130773602558,77
1453147573,905159075,2.50830918439,-1.21946943065,0.280177305692,0.925882282041,-0.2580758314,0.241079280972,-0.134237272532,78
1453147573,894091117,2.50995300976,-1.21935491726,0.280941823108,0.932913012854,-0.243799447016,0.232816326951,-0.12661634171,79
1453147573,910793029,2.50742016447,-1.21995991799,0.279737090125,0.926504355929,-0.258083228177,0.239525664896,-0.132703359541,80
1453147573,935005256,2.5048488261,-1.22149194175,0.277770889147,0.925586282209,-0.256709458374,0.2415644602,-0.13797427201,81
1453147573,960034902,2.50234798775,-1.22352924531,0.27647790141,0.927314208265,-0.252392783254,0.239619954535,-0.137726248409,82
1453147573,985099263,2.49948484304,-1.22558713631,0.274999177838,0.923494027058,-0.256820352723,0.243405596182,-0.148174910706,83
1453147574,10617796,2.49600844866,-1.22705208305,0.273390812158,0.919089873821,-0.265339474985,0.247979429219,-0.152888748896,84
1453147574,18562734,2.49467177159,-1.2276689645,0.272937244308,0.918799899481,-0.265893500745,0.247922707394,-0.153758648974,85
1453147573,968724905,2.50152805586,-1.22421841137,0.275827072779,0.926253867312,-0.253128729468,0.240905629941,-0.141223571229,86
1453147574,3626199,2.49715694251,-1.22680070402,0.274071831014,0.922023223253,-0.259808558212,0.244638742013,-0.150081893541,87
1453147574,51827225,2.48917356397,-1.22990764953,0.270310710627,0.911819518895,-0.277834620313,0.253080900261,-0.165357632546,88
1453147574,102498120,2.48057518444,-1.23568381232,0.266762790292,0.901495625186,-0.291483441565,0.260338562682,-0.185921687396,89
1453147574,60625272,2.48781756542,-1.23066595827,0.269754317366,0.910095778029,-0.280185904989,0.254299045445,-0.168977894839,90
1453147574,127766349,2.47610845945,-1.23986757749,0.264532202896,0.895888431952,-0.297013787258,0.265462151582,-0.196714447234,91
1453147574,111012614,2.4793070574,-1.23685948374,0.265856763612,0.89932406259,-0.293817795736,0.26294370915,-0.189071254221,92
1453147574,69344118,2.48651394733,-1.23138965494,0.269100069851,0.908976756895,-0.282073541143,0.25494907486,-0.170870541755,93
1453147574,160831864,2.46780654079,-1.24740184053,0.262162954655,0.886433195419,-0.305219057312,0.271172607352,-0.218043422588,94
1453147574,119209809,2.47764193022,-1.23844235302,0.265306137273,0.898028713654,-0.295060309258,0.263029191244,-0.193130753398,95
1453147574,85859273,2.48370158467,-1.23320814573,0.267821775299,0.905400054903,-0.287350253402,0.257670929464,-0.176879237224,96
1453147574,144175907,2.47230927341,-1.24332294345,0.263274384339,0.890460358322,-0.302519079171,0.269729480491,-0.206902306293,97
1453147574,212489333,2.44812170036,-1.26223764456,0.259564155027,0.856180877321,-0.337784160237,0.289191355643,-0.263105541988,98
1453147574,219615869,2.44366673079,-1.26542720557,0.259623637914,0.851998669991,-0.340068316171,0.292029869445,-0.270500207064,99
1453147574,252549874,2.42073580321,-1.27990204368,0.260178049419,0.827566900409,-0.359223455187,0.304769810665,-0.30529804634,100
1453147574,269381833,2.40534863215,-1.2880678442,0.260859261246,0.807170752555,-0.379098647947,0.314097676003,-0.325733389866,101
1453147574,244340448,2.42750891023,-1.27592200248,0.259892993371,0.831637209855,-0.357525828193,0.303466732723,-0.297426924621,102
1453147574,294300500,2.39782159098,-1.32711244481,0.282573456618,0.31610968382,0.693629360462,-0.500591865512,0.410317879556,103
1453147574,236072361,2.4333212004,-1.27227791967,0.25983343702,0.842175977585,-0.346597375786,0.297016557708,-0.28703840566,104
1453147574,311231211,2.37652678761,-1.33895277106,0.284800517163,0.349250104077,0.692732203177,-0.488983434578,0.398800276069,105
1453147574,286380013,2.37958419845,-1.30548090525,0.256265140566,0.84327410155,-0.348524797717,0.283159390731,-0.295364206485,106
1453147574,343934949,2.34212356677,-1.35468625235,0.288623931416,0.229076078007,0.732623348474,-0.478984420642,0.42586512482,107
1453147574,360463309,2.31942700682,-1.37021964301,0.294622379238,0.247017781558,0.732862602437,-0.474611912821,0.420283420744,108
1453147574,369174821,2.30192809176,-1.37717804118,0.301011780214,0.23286070164,0.734665977655,-0.477037514005,0.42246538928,109
1453147574,386092336,2.28034193099,-1.39388399626,0.306914816453,0.247771063613,0.730479456806,-0.482148854595,0.415381445462,110
1453147574,402454468,2.25485752241,-1.42282356124,0.314444434536,0.435738207656,0.672513382572,-0.477702017776,0.360081583621,111
1453147574,410975316,2.24457552243,-1.43025326103,0.317525035805,0.428951751256,0.67321398674,-0.481420929795,0.361962997429,112
1453147574,377341223,2.29096860885,-1.38536152402,0.304217487582,0.238439537052,0.733024062619,-0.478093712722,0.421009159815,113
1453147574,444123453,2.20018526537,-1.46168592317,0.325872980375,0.43969099959,0.65581311268,-0.508676928256,0.343261953582,114
1453147574,460709012,2.17583155136,-1.47718743455,0.328820406614,0.436267113155,0.648143402893,-0.525434606267,0.336897031455,115
1453147574,469556435,2.16353556882,-1.4845675985,0.330150303944,0.429765325208,0.645301000409,-0.535998864734,0.334056284366,116
1453147574,419037095,2.23423740196,-1.43826180571,0.319784935065,0.438581071084,0.667103683125,-0.487321585882,0.353747073459,117
1453147574,427322782,2.2232385717,-1.44611187349,0.322072043817,0.440481469861,0.663425451036,-0.493408339533,0.349844188326,118
1453147574,510954572,2.10069626766,-1.519594331,0.333849441408,0.410971642101,0.624414236349,-0.591633374962,0.301958805909,119
1453147574,527242397,2.05178566117,-1.50873058282,0.30989722534,0.796323488891,-0.495359072575,0.296078746137,-0.181178548244,120
1453147574,352346778,2.33076607684,-1.36218963415,0.291736335468,0.236698217953,0.733234975655,-0.476547178438,0.423371244674,121
1453147574,544052352,2.02447106058,-1.52055475414,0.310840646289,0.800987659026,-0.505169787509,0.283833321233,-0.150535383326,122
1453147574,552207022,2.01049471341,-1.52603159652,0.311476280893,0.804539369505,-0.50906423734,0.275298263811,-0.133344932866,123
1453147574,585946718,1.96865072877,-1.53759158671,0.316760648566,0.756448119049,-0.573467688974,0.297095462178,-0.103224702675,124
1453147574,594608360,1.95556628018,-1.54073512271,0.31736466139,0.751681645104,-0.585664335182,0.289569768826,-0.0901184769658,125
1453147574,560354356,1.99670098217,-1.53092700586,0.311931508841,0.806312952842,-0.514359445359,0.26700650175,-0.118327135823,126
1453147574,636024591,1.89405602161,-1.55017444366,0.323304239481,0.737265466119,-0.633374975924,0.235018099663,-0.00650116697412,127
1453147574,652468859,1.87138015661,-1.55331268945,0.326501465695,0.736454857044,-0.643139315618,0.20770562602,0.0294013122661,128
1453147574,602684321,1.94293930513,-1.5427319939,0.318191863201,0.740891569668,-0.602301508667,0.287824013942,-0.0739588510648,129
1453147574,669534014,1.85039211614,-1.55583167405,0.329706687772,0.724390837374,-0.658614291468,0.192659475317,0.0660867337136,130
1453147574,644545432,1.88260567376,-1.55151679873,0.324629946875,0.733168438428,-0.641620234927,0.225092607027,0.0109924194942,131
1453147574,702502734,1.81187912883,-1.56275976637,0.339186100007,0.721540904565,-0.663502916591,0.147866171078,0.131446560113,132
1453147574,710941442,1.80328275151,-1.56432886957,0.341952852896,0.722204543681,-0.662801621559,0.135266881855,0.144282633115,133
1453147574,737366381,1.77874182121,-1.56932566636,0.350556774923,0.722128377952,-0.660296524996,0.104522510428,0.177803682889,134
1453147574,719403625,1.7948912795,-1.56594301755,0.344793600868,0.721508922401,-0.662686685888,0.125895327218,0.156274111187,135
1453147574,611029161,1.9302697416,-1.54515220578,0.319378676321,0.743759007178,-0.608375230209,0.270895802439,-0.057598461179,136
1453147574,694512327,1.82105623298,-1.56105655587,0.336312584889,0.728160970297,-0.658677535292,0.152092772188,0.113107446643,137
1453147574,661163748,1.86124179514,-1.55425307289,0.327983154655,0.730569467181,-0.651141950658,0.200231143243,0.0467963993418,138
1453147574,727620375,1.7868370905,-1.56749100807,0.347519530513,0.719673263393,-0.663352278891,0.118452208605,0.167341633566,139
1453147575,242369600,1.60453228195,-1.61277658124,0.314444197502,0.759144863497,-0.620282403224,0.180296937258,0.0802610172624,140
1453147574,678465037,1.84025091489,-1.55735734837,0.331604928013,0.723703991797,-0.66110735417,0.179864893111,0.082693522994,141
1453147575,257095424,1.56419021069,-1.59746034823,0.291803433521,0.701766739223,-0.667451748248,0.247300090515,0.0295681029475,142
1453147574,619411656,1.91769933455,-1.54700212938,0.320632023535,0.743169972323,-0.616077908338,0.257936158816,-0.0401913059102,143
1453147574,685937217,1.83038250892,-1.55933686623,0.333916711482,0.72607092501,-0.660159282252,0.164544863586,0.0996780907714,144
1453147574,627786320,1.90553753056,-1.54859315628,0.321622837078,0.732662516878,-0.628820168127,0.258294694158,-0.0327823654956,145
1453147575,268523691,1.5618483769,-1.59655333955,0.290707559499,0.704366951664,-0.665894542406,0.244504705221,0.0258670625194,146
1453147575,278012047,1.55884735446,-1.5963795098,0.29014640846,0.709076350132,-0.66243832942,0.240367985398,0.0246864536632,147
1453147575,285606450,1.55766103987,-1.59632526673,0.289293566125,0.702049739753,-0.66695225539,0.24878671217,0.0201500320168,148
1453147575,292044626,1.5435482806,-1.5979580834,0.290182480607,0.748595498718,-0.635940304131,0.182463574015,0.0434942874168,149
1453147575,301594097,1.54215486439,-1.59851122701,0.289547950728,0.749893736059,-0.633994208419,0.184325426823,0.0416517146903,150
1453147575,309596228,1.5407990779,-1.59850560139,0.288704363895,0.746749613025,-0.636291880175,0.189289493836,0.0408307016033,151
1453147575,314504675,1.55248750528,-1.59755277656,0.28640308615,0.696190163976,-0.667039368219,0.265001720093,0.0123217359134,152
1453147575,320447611,1.55110180379,-1.59769476777,0.285645555118,0.696498824768,-0.665861191256,0.26725896872,0.00953439640947,153
1453147575,330648766,1.54899519644,-1.59773932146,0.285183924339,0.702554635252,-0.661153106035,0.263096657394,0.00858508791341,154
1453147575,335834413,1.54767065047,-1.59754246689,0.284082719812,0.686077842388,-0.671804898979,0.279184332407,0.0056107424825,155
1453147575,344415387,1.54597655671,-1.59762306539,0.283384384456,0.70262041393,-0.660190827464,0.265446215645,0.00330633657083,156
1453147575,352474726,1.55846587813,-1.59821859707,0.279404975239,-0.18042520554,0.791939849041,-0.580628003853,0.0561172152594,157
1453147575,360850370,1.54305403637,-1.59765122553,0.281906375704,0.697779908154,-0.662135839249,0.273271748362,0.00137175266617,158
1453147575,369064678,1.54176423628,-1.59739676994,0.280976544477,0.687660799461,-0.668684497022,0.282810602891,-0.00135322602482,159
1453147575,377335216,1.54005972549,-1.5973259764,0.280462106679,0.695197016628,-0.662794614558,0.278190787943,-0.00378054082701,160
1453147575,385595972,1.53857473386,-1.59718574442,0.279680719756,0.693255813824,-0.66373550745,0.280746090518,-0.00576067765017,161
1453147575,394035661,1.53664282275,-1.5971137551,0.279054804334,0.701270454888,-0.657609393849,0.27520115637,-0.00582732836062,162
1453147575,402192777,1.53542923636,-1.5965830115,0.277929351052,0.687738784787,-0.666064650831,0.288508435428,-0.0116673689961,163
1453147575,411056332,1.53338338906,-1.59634309173,0.27708740498,0.683006985147,-0.668868801337,0.293152132888,-0.0133346099062,164
1453147575,419078997,1.53153297121,-1.59607196181,0.274996144544,0.678113663685,-0.670571696709,0.300191037031,-0.0195140970223,165
1453147575,427450732,1.52966062098,-1.59598579226,0.275303795712,0.69115331218,-0.660912062009,0.291562850958,-0.0222137186231,166
1453147575,443966381,1.51832154594,-1.60073113803,0.27563114662,0.745261095393,-0.618238978432,0.249664996028,-0.00581850483413,167
1453147575,453129138,1.51786251312,-1.60061150104,0.2730324408,0.721518188175,-0.633168589327,0.279591362159,-0.0183769374103,168
1453147575,435964734,1.52004134999,-1.60125538079,0.27722305936,0.754918079135,-0.612289497408,0.234921284935,0.00350072041873,169
1453147575,469346074,1.51695987232,-1.59548824637,0.270337371257,0.669516567879,-0.669287339528,0.319357870766,-0.0425743216369,170
1453147575,502452168,1.49734346571,-1.60031197579,0.268282105582,0.73703444972,-0.616027239769,0.275652660753,-0.0361423630759,171
1453147575,510890385,1.49382156935,-1.59985037495,0.267218291132,0.729046557728,-0.620806732673,0.285166963092,-0.0420704230347,172
1453147575,539461546,1.48860738073,-1.59249521543,0.263935034564,-0.645317959069,0.674617390289,-0.348046377806,0.0855559893819,173
1453147575,527319501,1.49260590889,-1.59344377908,0.264630328383,-0.659365447487,0.667289036227,-0.337320572767,0.0785963102201,174
1453147575,519035769,1.48992703273,-1.59921806266,0.266461792776,0.726211617573,-0.622267566847,0.28848050808,-0.0466771701223,175
1453147575,560604039,1.4744966327,-1.5897282557,0.263404372095,-0.642408365463,0.672581593983,-0.352164565125,0.104525645126,176
1453147575,577179329,1.46364032872,-1.58649666314,0.263429718023,-0.617925155436,0.683651181059,-0.367471008572,0.125517420208,177
1453147575,585581377,1.45742233452,-1.58499633679,0.263691072227,-0.622841574542,0.67957553399,-0.364547473713,0.131721699175,178
1453147575,610475600,1.434093108,-1.57814632433,0.264567422297,-0.5949358078,0.689058370309,-0.382038897332,0.159047879048,179
1453147575,618772536,1.42489521888,-1.57536554112,0.26477972516,-0.58549896576,0.691347397952,-0.388608240418,0.167968365822,180
1453147575,637877336,1.39272837109,-1.5687008712,0.259638642408,-0.630940048594,0.673975833071,-0.350066134571,0.158508463314,181
1453147575,651977384,1.36957070006,-1.56162615861,0.260324171271,-0.61816262868,0.675785378857,-0.361832619828,0.173971955943,182
1453147575,668795162,1.34587534023,-1.55438755168,0.26144764906,-0.590738080608,0.684524610662,-0.381259825009,0.19260198169,183
1453147575,660365742,1.357880642,-1.55786091062,0.260743621204,-0.603293122572,0.681046856334,-0.372171287754,0.183578648831,184
1453147575,677255878,1.33284225958,-1.55046319694,0.26277834294,-0.577506238328,0.68921275802,-0.388313577366,0.201704944185,185
1453147575,568881908,1.46938563384,-1.58822606857,0.26334511373,-0.629275657111,0.678316687139,-0.361546495042,0.114816162796,186
1453147575,602180133,1.44241784169,-1.58095054023,0.264428591461,-0.609167962095,0.683357926618,-0.374339291013,0.147670014864,187
1453147575,693508991,1.30503550595,-1.54453182731,0.266192434349,-0.558483024569,0.693666891373,-0.401617501224,0.213603225143,188
1453147575,751931708,1.19372976036,-1.53385405039,0.283153195917,-0.553500261929,0.68082028079,-0.425133071302,0.222223034347,189
1453147575,768845310,1.16091172519,-1.53209518405,0.287643077258,-0.553311790738,0.67988291057,-0.428438373872,0.219193635716,190
1453147575,785433803,1.12978806793,-1.53043968476,0.291639207076,-0.505377067445,0.704027980566,-0.449218443939,0.217120731176,191
1453147575,710270060,1.2767969338,-1.54012951648,0.270255884138,-0.502605488541,0.716354830145,-0.428243962186,0.225456401701,192
1453147575,818671403,1.05273374222,-1.52338271477,0.300260247793,-0.578364238268,0.684201039503,-0.405438010861,0.181614329789,193
1453147575,827128209,1.03402531588,-1.52118861711,0.301737162824,-0.581570766489,0.687316982111,-0.398484644013,0.174873663409,194
1453147575,846635852,0.996699347286,-1.51745753291,0.304395698208,-0.597671090425,0.688655426217,-0.37816580663,0.159792347466,195
1453147575,860006477,0.959246167617,-1.51281575135,0.306765602355,-0.596393761277,0.700698587662,-0.365470260396,0.140596797702,196
1453147575,835185096,1.01541708729,-1.51935464156,0.303007534027,-0.587419393665,0.688350395672,-0.389970306731,0.170397619093,197
1453147575,885262482,0.903011349395,-1.50532743481,0.309359227904,-0.601603696715,0.715870368029,-0.334642403066,0.116692203458,198
1453147575,868783991,0.940307633873,-1.51065564965,0.308017114437,-0.598688596498,0.705331498832,-0.355433028712,0.133217128327,199
1453147575,877253011,0.921009349183,-1.50834047969,0.309079209024,-0.608331158845,0.706865444384,-0.340557365259,0.119562225147,200
1453147575,910276972,0.845911825008,-1.49825070477,0.311708376484,-0.619063580756,0.724303076838,-0.293921992706,0.0758630217403,201
1453147575,927851065,0.8227505195,-1.49509805518,0.314872227375,-0.53085588433,0.765638126939,-0.354695811963,0.0786204148168,202
1453147575,945044799,0.785703158937,-1.49075724312,0.31656717938,-0.561908447767,0.763126211973,-0.316066524435,0.0447127840857,203
1453147575,969428134,0.734422668238,-1.48257999916,0.318964780582,-0.568112663602,0.774216977807,-0.278988361312,-0.00125179216231,204
1453147575,919102885,0.840388852199,-1.49794108147,0.31483140281,-0.552980412512,0.751624560093,-0.349055018495,0.0862193603938,205
1453147575,960954714,0.751179511879,-1.4854382777,0.318170559512,-0.568630920402,0.771027088474,-0.286258179489,0.0152433551836,206
1453147576,27583924,0.633511522562,-1.46326982776,0.330610607743,-0.57137596696,0.79482080134,-0.172523500974,-0.109658742241,207
1453147576,2961514,0.672818757477,-1.47133100993,0.325532989691,-0.586291858709,0.781361113382,-0.204226482948,-0.0634681854824,208
1453147575,994454363,0.68725170174,-1.47400202357,0.323805497276,-0.581581750198,0.780983092998,-0.222333159145,-0.0489493884747,209
1453147576,44286814,0.611386765432,-1.45750799995,0.33354323615,-0.559256243654,0.801816835267,-0.154365580387,-0.143155454693,210
1453147576,61099704,0.57918541703,-1.44839246822,0.345919772554,-0.615709423876,0.770822168005,-0.00927579392026,-0.163245368418,211
1453147576,85946506,0.553432457717,-1.44141129072,0.353715442791,-0.582863547227,0.785311698462,0.0247204871269,-0.207230594,212
1453147576,102590729,0.538708241817,-1.43796183537,0.358026639263,-0.578170762173,0.78418752213,0.0529407207487,-0.219010912946,213
1453147576,119352288,0.516201741585,-1.44149676461,0.369904482885,-0.639170003858,0.72102347212,0.168519099593,-0.207817640955,214
1453147576,69292502,0.570185054163,-1.44567087289,0.347534328479,-0.588647267576,0.786059034111,-0.013862302388,-0.188184552608,215
1453147576,77599706,0.561796712559,-1.44319582852,0.350496573663,-0.580847111322,0.788973589602,0.000756018020188,-0.200341549897,216
1453147576,19388185,0.646180503713,-1.46589953316,0.328754622857,-0.575729556906,0.790921805551,-0.183677040686,-0.096129701623,217
1453147576,36817076,0.622431330318,-1.46018307415,0.332026133505,-0.572713399991,0.79558622589,-0.153555051466,-0.12434936596,218
1453147576,186214695,0.459423239104,-1.43075470201,0.338267855258,-0.591517195752,0.77691247212,0.0661773671276,-0.205268053712,219
1453147576,202850122,0.450448584473,-1.43501263938,0.330593429236,-0.60074185829,0.77333151139,0.0419068943355,-0.198271040237,220
1453147576,194604031,0.456677635292,-1.43742169436,0.33274250472,-0.613408351073,0.762467216459,0.0629420602051,-0.195990397003,221
1453147576,252748083,0.4198340764,-1.46427645984,0.335068168021,-0.338127921176,-0.444233960839,0.797899871241,0.227335638278,222
1453147576,244531327,0.415116199012,-1.42800615812,0.327061439424,-0.622360792736,0.760695917162,0.0218405318672,-0.183116783626,223
1453147576,227799592,0.429721612955,-1.4294193495,0.328755710883,-0.607029460192,0.771059856844,0.0305662234294,-0.189862154229,224
1453147576,277802666,0.403744836662,-1.46033392601,0.331621432946,-0.338777634449,-0.46002763786,0.798284201201,0.190647897745,225
1453147576,236096034,0.422618611145,-1.42824100912,0.327899447519,-0.610073131585,0.769411892541,0.0210222252305,-0.18808024825,226
1453147576,294507513,0.394038987366,-1.46224684504,0.329473827401,-0.338587445807,-0.462840109207,0.802725023072,0.163615745529,227
1453147576,327612140,0.356858072948,-1.43180563215,0.32039672694,0.719801596558,-0.677850716838,-0.0139551281733,0.149027922459,228
1453147576,344357074,0.353365717057,-1.42833415074,0.317907549881,0.715702492288,-0.68318459137,-0.0066104209523,0.144862206879,229
1453147576,302841108,0.379507015127,-1.47240660487,0.343729593032,-0.413599381066,-0.353905373865,0.827676766896,0.136519990739,230
1453147576,411099213,0.382723926591,-1.37397311504,0.271138580651,-0.209865285087,0.884787477013,-0.38977254464,-0.145550836758,231
1453147576,419411304,0.382528870487,-1.37285968366,0.271055665012,-0.208172549075,0.886821402093,-0.386559586802,-0.144165448192,232
1453147576,394392411,0.382935548424,-1.37695061465,0.271863576597,-0.212147355973,0.883247048118,-0.392720018214,-0.143663282152,233
1453147576,444383262,0.385516625583,-1.37882028813,0.27228919575,-0.169633513926,0.881397444073,-0.41919917232,-0.136510330966,234
1453147576,402757790,0.382336171827,-1.3753376814,0.271846169509,-0.215671974148,0.883719382407,-0.388545194281,-0.146827397741,235
1453147576,461251885,0.383715082439,-1.37829927647,0.27175177228,-0.168120764778,0.879750411457,-0.424476287662,-0.132644273168,236
1453147576,503556918,0.380267088744,-1.37779136562,0.27034612992,-0.162107639442,0.878675372987,-0.431453482664,-0.124493350981,237
1453147576,510799804,0.375189038974,-1.36953226707,0.266613644495,-0.195099210303,0.886661811782,-0.400563052065,-0.123759326867,238
1453147576,563482966,0.37809257498,-1.41734336541,0.287175377379,-0.252549230222,-0.634181703041,0.717092038125,0.140753197835,239
1453147576,560218168,0.378786198104,-1.41863290274,0.286655293141,-0.243764045757,-0.64185791045,0.713821596837,0.138044343155,240
1453147576,478875844,0.381703883767,-1.37827600158,0.271343222705,-0.168390297208,0.880094414043,-0.424921103279,-0.128532432349,241
1453147576,535398253,0.379271148651,-1.41994485168,0.287827577341,-0.243857142448,-0.637763815201,0.71790635134,0.135652057869,242
1453147576,569441058,0.37656700114,-1.41696169373,0.288074212369,-0.26183679518,-0.624843328449,0.721475391132,0.143127801539,243
1453147576,594337237,0.3728329228,-1.4143856937,0.287899117032,-0.272069177205,-0.620536930306,0.719508515799,0.152380368269,244
1453147576,527586293,0.377926846764,-1.42153001821,0.289699796762,-0.240803059171,-0.631346937245,0.723738688366,0.140061566779,245
1453147576,619343417,0.389618533144,-1.39079951616,0.256580919038,0.549691378863,0.619965129197,-0.547140761277,-0.118825981726,246
1453147576,611109063,0.390759781649,-1.39125145267,0.256877933528,0.548837528755,0.619153916721,-0.548467054161,-0.120870529658,247
1453147576,644415113,0.348083134028,-1.42657337087,0.313958545187,0.855448398965,-0.144425902034,-0.47281470556,0.154257738012,248
1453147576,652702266,0.344070027184,-1.42793815214,0.31192407105,0.855922437728,-0.14492177487,-0.474550330853,0.145589983339,249
1453147576,661217247,0.335324544057,-1.43297108044,0.308688109599,0.857378418986,-0.163639143847,-0.470821575691,0.128263483198,250
1453147576,670153157,0.341186192123,-1.42693015524,0.311761087817,0.858098383576,-0.150964804696,-0.467890251778,0.148173898305,251
1453147576,744255034,0.323255196542,-1.42310005893,0.307372604839,0.868204790659,-0.198118478181,-0.440609908984,0.113280263882,252
1453147576,760491033,0.320380035592,-1.41955079479,0.307354471902,0.871206797038,-0.20593787298,-0.431697389026,0.110569767911,253
1453147576,785997353,0.315710434877,-1.41395619051,0.308342229941,0.871237750785,-0.214613028134,-0.429177323126,0.103406262269,254
1453147576,802246555,0.312082453621,-1.40968968946,0.309614287821,0.872570129273,-0.224427160196,-0.421879852548,0.1013469747,255
1453147576,752313392,0.321649242609,-1.42139310316,0.307302643214,0.870537568794,-0.203227982402,-0.433771720686,0.11271567247,256
1453147576,827496198,0.316459590141,-1.39484426304,0.316878621382,0.874312085628,-0.21749382827,-0.414983547963,0.12674173152,257
1453147576,844107179,0.302208687764,-1.39572231508,0.314444392237,0.87558496894,-0.253299785098,-0.399535536545,0.0977831072976,258
1453147576,877446962,0.306648461527,-1.37768374851,0.312964521142,0.879327381059,-0.173158536132,-0.439981064311,0.0567110336007,259
1453147576,885698919,0.304433255518,-1.3724511726,0.315143633309,0.880302368743,-0.180241138402,-0.435577863297,0.0534115775668,260
1453147576,894049141,0.302055946867,-1.3666918966,0.317572706555,0.881814870567,-0.188291983666,-0.429527802523,0.0495432113764,261
1453147576,918796699,0.278758302785,-1.34002516988,0.353058671613,0.850215479177,-0.411997179929,-0.296228742689,0.140144549316,262
1453147576,902978209,0.284338496471,-1.35542258537,0.347853364944,0.852707606248,-0.397675711603,-0.304849544626,0.147683857577,263
1453147576,968953286,0.276977027959,-1.28806043315,0.355106831501,0.903720766752,-0.233326391096,-0.356974048403,0.0376443850465,264
1453147576,977338219,0.271408836365,-1.28083488467,0.360266852926,0.902031439157,-0.245918611484,-0.352112608554,0.0433593149803,265
1453147576,993929643,0.259446643742,-1.26644915585,0.371762077367,0.897755464591,-0.26953945359,-0.343634828008,0.0574344298865,266
1453147576,985689909,0.265548317741,-1.27366717607,0.365837166469,0.899521397333,-0.260088854161,-0.347568887941,0.0491010368239,267
1453147577,27563738,0.229995674834,-1.2399320167,0.407338177294,0.881087914608,-0.35135179826,-0.29925049368,0.103368963541,268
1453147577,43736182,0.226951093892,-1.21966892205,0.425675722242,0.859636114006,-0.407512546243,-0.277385050061,0.134226711776,269
1453147577,2547291,0.253443741001,-1.25951858045,0.378238687159,0.895477413124,-0.28020216372,-0.339554243652,0.0656495670078,270
1453147577,77394721,0.201316604585,-1.1929067625,0.463072768749,0.796796692623,-0.536753774113,-0.210806387436,0.180474606571,271
1453147577,85772810,0.197608291833,-1.18442074973,0.472805406588,0.79174798567,-0.545618522087,-0.206182697233,0.181450408941,272
1453147577,68859698,0.205207063345,-1.20100004851,0.45352625953,0.799179437471,-0.531949774999,-0.211806706333,0.182974268013,273
1453147577,102501613,0.187371892432,-1.16295775932,0.494127887697,0.75912428502,-0.594333922443,-0.182553739224,0.192799483455,274
1453147577,127259429,0.179478170325,-1.14181915905,0.521700275136,0.759756985386,-0.592576887953,-0.187181722493,0.191271947201,275
1453147577,177282065,0.160047882584,-1.08600034,0.57475179477,0.743565393683,-0.605704223457,-0.211420840873,0.18850497884,276
1453147577,210681496,0.149928172045,-1.04351215159,0.605710719089,0.72425434773,-0.626801012331,-0.225471654105,0.178153484194,277
1453147577,218689495,0.148025319327,-1.03323864467,0.612847918898,0.721030067031,-0.62922636602,-0.23364043153,0.17205223479,278
1453147577,160527355,0.165675879622,-1.10392595356,0.557942709516,0.742405090152,-0.610381245879,-0.19509702986,0.19546499875,279
1453147577,152298862,0.168958296235,-1.11348598955,0.548993291924,0.746561099748,-0.606019489345,-0.193455264633,0.19483830081,280
1453147577,243638475,0.143538657568,-1.00244865274,0.63123193577,0.718492906095,-0.626843710975,-0.261425019869,0.149972880511,281
1453147577,185598557,0.156687449853,-1.07478716733,0.583275209443,0.734893161904,-0.615968965512,-0.211439435102,0.189229065939,282
1453147577,276957725,0.147985745652,-0.968964583066,0.637698902811,0.803934884179,-0.470893940291,-0.362168094663,0.0279619420895,283
1453147577,235327849,0.144955788703,-1.0129861269,0.625569919832,0.721472918045,-0.623827583169,-0.256419843505,0.156731741718,284
1453147577,310460308,0.144034801929,-0.929698305562,0.649550745888,0.791241506275,-0.471234981923,-0.389594395757,-0.00952246573576,285
1453147577,327334306,0.142526309382,-0.911986975405,0.653634516971,0.78617608859,-0.468142153755,-0.402273243436,-0.0307623019642,286
1453147577,360827110,0.140104429836,-0.88114347386,0.657714493566,0.777163073089,-0.462036527665,-0.422134302583,-0.0658971586146,287
1453147577,369073692,0.139599824215,-0.87462790413,0.658094787533,0.7752953981,-0.461883121179,-0.424307927946,-0.0744567682432,288
1453147577,385797606,0.138073478949,-0.863520514328,0.657474590779,0.772981665731,-0.45760173977,-0.431115260124,-0.0850859841109,289
1453147577,394035869,0.137504344001,-0.858699745704,0.656630515938,0.772765366611,-0.455683284553,-0.432567635442,-0.0898424905777,290
1453147577,352569290,0.140778480591,-0.88806116406,0.657164201637,0.778726707256,-0.465481196636,-0.416621534729,-0.0577794754558,291
1453147577,418854810,0.135616625316,-0.84673062162,0.653381816153,0.771080034218,-0.455832372259,-0.433021461884,-0.100721610286,292
1453147577,427529163,0.134943019816,-0.843590020158,0.652071984744,0.770990973508,-0.45623391096,-0.432157944092,-0.103262038608,293
1453147577,452554900,0.125811129828,-0.834732190439,0.658683856865,0.755301340311,-0.501353107591,-0.414775503351,-0.0782702283954,294
1453147577,469058814,0.12940200826,-0.833163045856,0.646818207975,0.768897685585,-0.458978491588,-0.433844093551,-0.0995710593122,295
1453147577,411025741,0.136084601627,-0.850185640056,0.654623700566,0.771003610443,-0.455842277137,-0.434084997654,-0.0965995127841,296
1453147577,502495395,0.119771918255,-0.829690811141,0.645884251342,0.758414631731,-0.506393058799,-0.404487085393,-0.0690182159119,297
1453147577,511515889,0.118383977896,-0.829447118915,0.643868751932,0.758494689885,-0.508101534547,-0.402917253618,-0.0646244748074,298
1453147577,518996376,0.124871237061,-0.831986870193,0.636958125165,0.771133650063,-0.483438912581,-0.408188506292,-0.070865046909,299
1453147577,543990335,0.122593604336,-0.827981250236,0.633136470424,0.772048780582,-0.484981552395,-0.405001104788,-0.0686125306305,300
1453147577,585618742,0.118398604307,-0.819299663342,0.630401973497,0.776651417582,-0.477674933728,-0.406408299195,-0.058919670753,301
1453147577,560809580,0.121115445099,-0.824483328695,0.631582910733,0.773374034833,-0.48443382789,-0.403644712195,-0.065478354881,302
1453147577,627315589,0.10646286349,-0.813588236529,0.630289037743,0.769439052693,-0.488274764336,-0.409658235163,-0.0416104442026,303
1453147577,535622514,0.123267213082,-0.82962304181,0.634300210195,0.77181519434,-0.484740625188,-0.405542517623,-0.0697359195781,304
1453147577,593919097,0.117448106529,-0.817677036637,0.629872575293,0.777346522881,-0.475445860231,-0.407990436695,-0.0568103944671,305
1453147577,660597194,0.104910697429,-0.814449146903,0.628749913772,0.771775536467,-0.48604231923,-0.407770859663,-0.0429919904114,306
1453147577,669329731,0.104797301447,-0.814458367384,0.629122056905,0.771879010659,-0.486055058991,-0.407309803031,-0.0452989722616,307
1453147577,693566888,0.104100595104,-0.81518016111,0.630633978214,0.773035831967,-0.484635515288,-0.406296428601,-0.049671238377,308
1453147577,701688799,0.10446258434,-0.816274855106,0.631388937732,0.771808142282,-0.483432750324,-0.409480853005,-0.0541331547606,309
1453147577,635675102,0.105853564454,-0.813990957909,0.629277426075,0.769732781637,-0.487829106345,-0.409738133754,-0.0406062756763,310
1453147577,735098981,0.104052971033,-0.820099228343,0.633420044749,0.772500284903,-0.479363898317,-0.411793332541,-0.0622881536932,311
1453147577,751642495,0.109292115117,-0.822924733913,0.627373815664,0.783296364813,-0.435347414174,-0.435419651398,-0.0856105193304,312
1453147577,789078677,0.111604246659,-0.829633134538,0.628163753004,0.789238891033,-0.416080212115,-0.439089111749,-0.105735433568,313
1453147577,743567516,0.109439302344,-0.821871605554,0.626373058669,0.784955464122,-0.431582420681,-0.436661752016,-0.0831146667581,314
1453147577,793392147,0.111676620807,-0.830877790483,0.629477447366,0.788772950616,-0.414584081876,-0.440047942925,-0.110973327242,315
1453147577,818623703,0.107879317996,-0.835614635,0.639762322757,0.781253294185,-0.448182289988,-0.421400792253,-0.105817283815,316
1453147577,810132194,0.107827237112,-0.834255257505,0.638316572453,0.781902172688,-0.447642511195,-0.421560538936,-0.102624980042,317
1453147577,843685621,0.112386103705,-0.839945024153,0.638155035094,0.78754012928,-0.410685280222,-0.439751816485,-0.13317839645,318
1453147577,868822331,0.11222431955,-0.845327109296,0.642641906236,0.786080241703,-0.406418618243,-0.442732218557,-0.144533535905,319
1453147577,826816507,0.112251915779,-0.836972150539,0.635215548796,0.788374528206,-0.410053900818,-0.441181594432,-0.125220615055,320
1453147577,877340735,0.112625289954,-0.846915425315,0.644007391553,0.784094108504,-0.410095628516,-0.441048352371,-0.149981183327,321
1453147577,919108959,0.108741089459,-0.855735228881,0.656397627729,0.7719837068,-0.443988480116,-0.426885704718,-0.157111365176,322
1453147583,412478370,-0.018252115171,2.62020960208,0.32141513902,-0.529230991972,0.584313169835,0.4386538241,0.431364694078,323
1453147583,454041750,-0.0164658506238,2.65014081172,0.314181622922,0.573013194093,-0.559783312312,-0.466061825574,-0.375612695998,324
1453147583,478987800,-0.0173464238684,2.66004879841,0.310248501014,0.58202975085,-0.556184728507,-0.474603959368,-0.355880596062,325
1453147583,553946699,-0.00136643515667,2.6654038454,0.302742019647,-0.560559255541,0.600729267991,0.450170664497,0.349634152268,326
1453147583,545557851,-0.00308845245247,2.66552223195,0.30325560396,-0.563508574125,0.596030083024,0.452233843366,0.350272433875,327
1453147583,520693451,-0.00909766236329,2.66504688257,0.305205400097,-0.569935517526,0.583243485938,0.462047893856,0.348586123873,328
1453147583,570649588,0.00120531447586,2.66498560936,0.301901930143,-0.555050907836,0.609143775592,0.445587550982,0.349734305977,329
1453147583,487361981,-0.0164140715485,2.66198966251,0.30914981549,0.582210797507,-0.559662946947,-0.473628721355,-0.351402628602,330
1453147583,537326920,-0.00491268907424,2.66553025693,0.30379702786,-0.566139638797,0.592428611171,0.45520282242,0.348288157292,331
1453147583,579203677,0.00218888449146,2.66509478315,0.301607523698,-0.550926707801,0.614403028256,0.444959809755,0.347849750906,332
1453147583,504026248,-0.0132929959443,2.66412016959,0.306941888782,0.577816906942,-0.568793849814,-0.468642573757,-0.35067836621,333
1453147583,620547062,0.00452228933258,2.66501387861,0.300514415539,-0.555311498723,0.611706546286,0.44407267781,0.346761730068,334
1453147583,628887019,0.00466481012573,2.66512311114,0.300536191327,-0.55411018408,0.612186887868,0.444993091001,0.346655833907,335
1453147583,637297375,0.00498454926941,2.66519131559,0.300539818692,-0.554174908183,0.613735536607,0.444465212141,0.34448445167,336
1453147583,661996533,0.00622425944065,2.66542899656,0.300359104553,-0.554451567233,0.613273597991,0.445786764695,0.343151736151,337
1453147583,670440133,0.0070458367324,2.66595045326,0.30055572637,-0.553021025268,0.614578499969,0.445926761306,0.342943634638,338
1453147583,562274433,-1.2640313856e-05,2.66522292868,0.302305844958,-0.557893286536,0.604579768301,0.447446646331,0.3507561593,339
1453147583,703162941,0.0096544582184,2.66618344336,0.299712268358,-0.549260976066,0.620793368775,0.444470242084,0.339667745535,340
1453147583,719528982,0.011495019895,2.66638334494,0.299004460247,-0.543741767126,0.62586223378,0.444370903729,0.339375684057,341
1453147583,727842056,0.0120190409766,2.6660991432,0.298071372414,-0.549115589328,0.621220544092,0.44238718595,0.341834291525,342
1453147583,736689966,0.0131377952461,2.66640815899,0.297869780833,-0.5442302773,0.629405231137,0.440859677148,0.336608385743,343
1453147583,744446186,0.0142818876031,2.66634983055,0.297447452446,-0.540487407277,0.635101641801,0.440247579014,0.332718103399,344
1453147583,786695973,0.0196733498201,2.66776384109,0.295230849588,-0.534642378112,0.642876752397,0.437390587478,0.330993176274,345
1453147583,795048638,0.0207306025599,2.66812462369,0.29459539066,-0.534822977256,0.643330412022,0.436821863262,0.330570754518,346
1453147583,752827702,0.0153647401767,2.66679239194,0.297200808772,-0.541288906825,0.633303908879,0.43996956802,0.335200324529,347
1453147583,828674421,0.0256877045137,2.67001615521,0.291975914448,-0.531456058379,0.651392422793,0.43467530789,0.322954712383,348
1453147583,769704146,0.0176417005552,2.66733817922,0.296484111069,-0.536112625152,0.641941229371,0.437678119348,0.330049352415,349
1453147583,870107762,0.0339897747282,2.67196333787,0.288258264313,-0.519503562189,0.672504147455,0.426689727006,0.309499753465,350
1453147583,886738782,0.0376093667162,2.67269473607,0.287129503555,-0.513901178313,0.681580403412,0.423398312489,0.303459390355,351
1453147583,895403366,0.0387491108394,2.67289118484,0.286029757898,-0.5212247273,0.674886125747,0.421197653995,0.3089434207,352
1453147583,903534076,0.0402390966709,2.67354493185,0.285164987036,-0.517227151539,0.67889573491,0.419204667166,0.309586985932,353
1453147583,820401932,0.0243590193367,2.66958152972,0.292746947815,-0.531230456115,0.65266233733,0.434618018805,0.320832126909,354
1453147583,932640080,0.0469544798002,2.67659129233,0.283766289138,-0.502988600039,0.702050481648,0.413093589482,0.288931264796,355
1453147583,945246571,0.0489127632972,2.67855666253,0.281308035753,-0.504475859979,0.697341461281,0.410202246052,0.301584333828,356
1453147583,970421418,0.0558279193144,2.68159053422,0.279989104357,-0.50782796982,0.703610373535,0.406371816042,0.28619074487,357
1453147583,987171730,0.0616120134931,2.68402364483,0.27945768815,-0.495602828517,0.720019733477,0.40160589515,0.273243709444,358
1453147583,995569376,0.0648753443861,2.68488454221,0.279164081603,-0.487990069396,0.726424445997,0.39948293898,0.273105470272,359
1453147584,20187868,0.0642055703956,2.7007277335,0.277580196565,-0.429210445156,0.778264240061,0.394327680381,0.233642562252,360
1453147584,28653470,0.0684209726938,2.70161546371,0.277183996361,-0.428940893698,0.781292617959,0.389637754692,0.231892162339,361
1453147584,12154934,0.0603966350427,2.69952894649,0.277617424602,-0.433528647337,0.774112332913,0.396230751924,0.236229124366,362
1453147584,53539383,0.0830269828704,2.70484818402,0.276555318752,-0.410720164466,0.803013228498,0.373922077272,0.216011530911,363
1453147584,86922676,0.110833343201,2.70934601046,0.27591151376,-0.379979897312,0.838603717124,0.344520326112,0.183479775891,364
1453147584,112057436,0.157107193693,2.7278273246,0.298269267338,-0.165060263734,0.942624622645,0.290187851751,-0.00222279445343,365
1453147584,128801395,0.175520925037,2.71023121838,0.287651560818,-0.364908252212,0.882403720526,0.273495105488,0.11578457904,366
1453147584,141715886,0.188271969499,2.71220405845,0.287908484711,-0.349779506011,0.892722797516,0.263083320337,0.107179618078,367
1453147584,120299123,0.169515536239,2.72914007007,0.297605405027,-0.151589298044,0.948344516058,0.278571527394,-0.00782736914291,368
1453147584,153467795,0.21212546184,2.70850131242,0.283628977395,-0.359129300238,0.887908052301,0.262133346133,0.118031966921,369
1453147584,203232781,0.297946529709,2.74072777811,0.30108887124,-0.175754382908,0.955804138786,0.232992556433,0.0355431261226,370
1453147584,186775798,0.269329864302,2.73247380373,0.295488496906,-0.189716597176,0.951513935929,0.239142133959,0.0379457804602,371
1453147584,228182250,0.336422942106,2.74238202317,0.30837246589,-0.301728387225,0.920311035578,0.233159565031,0.0873166385648,372
1453147584,241763583,0.350121862299,2.74683538684,0.311434583744,-0.296427955068,0.921942823547,0.233320725658,0.0878256030087,373
1453147584,261312787,0.389821154776,2.75937386268,0.320573611153,-0.273217478367,0.929539959624,0.230128639727,0.0913700287596,374
1453147584,269905988,0.403044208981,2.76325732788,0.323152682965,-0.267528073468,0.931437370353,0.22701038541,0.0965372463454,375
1453147584,286219235,0.431731667868,2.770667684,0.327603503315,-0.249322812381,0.936896614859,0.219247482255,0.109514427433,376
1453147584,303125015,0.460681933142,2.77716490256,0.331355632542,-0.238564138298,0.936716837481,0.22050143856,0.130490742546,377
1453147584,311903016,0.480624728828,2.78747716551,0.337485433985,-0.194233566571,0.953847255872,0.199435760949,0.112579355735,378
1453147584,319978485,0.496995985379,2.79105750632,0.338850554406,-0.179171216788,0.956132201928,0.199533637555,0.117877966537,379
1453147584,328630838,0.507599335372,2.78505781763,0.33724479975,-0.216080360611,0.942868617392,0.204683055723,0.149709367758,380
1453147584,353025421,0.555286313351,2.79404932027,0.339064645413,-0.197279867174,0.941002095503,0.20146856123,0.18709924934,381
1453147584,369867646,0.587404317429,2.79942642728,0.340299288021,-0.189415360457,0.936827237436,0.196304721387,0.21895434406,382
1453147584,378275068,0.60358507593,2.80188316657,0.340620245794,-0.187169988665,0.933368634016,0.194202539812,0.236803213468,383
1453147584,344695731,0.539677279192,2.79123635601,0.338524951343,-0.195409137271,0.944451176483,0.199542406461,0.173234154641,384
1453147584,336462352,0.523465801078,2.78776517705,0.337894409566,-0.20603734268,0.94326864962,0.203725585919,0.162138069887,385
1453147584,428339744,0.702248974089,2.81510720176,0.336065770352,-0.194612923843,0.895391611509,0.175488064291,0.360005015526,386
1453147584,448573876,0.734781326648,2.81868770639,0.336694524195,-0.200951435821,0.878011357543,0.167758142858,0.40071409006,387
1453147584,495086773,0.825209526524,2.82248150096,0.343914573603,-0.185320572097,0.825846908108,0.125434942163,0.517589842646,388
1453147584,478297837,0.797104867924,2.82205998529,0.340934503763,-0.191489172992,0.843209138053,0.139380920062,0.482600461307,389
1453147584,503336286,0.838887074256,2.82228641401,0.345858971771,-0.183114011897,0.813708079989,0.114304857049,0.539706233856,390
1453147584,519916956,0.86441775517,2.82180869673,0.350166048921,-0.177835458551,0.791636912994,0.0984922405663,0.576181244241,391
1453147584,553382871,0.911516716402,2.82137783883,0.360294415703,-0.17167925287,0.743937994273,0.0664228800691,0.642394346032,392
1453147584,561726737,0.922258913236,2.82172509987,0.362424575169,-0.175740644309,0.731452916767,0.0618806227998,0.655944086804,393
1453147584,569777272,0.932706548814,2.82202498666,0.364347273569,-0.17935736499,0.719362609153,0.058683565007,0.668509245542,394
1453147584,578138738,0.943966288728,2.8229818919,0.366698480219,-0.178333186818,0.712214997896,0.0570027288094,0.676533635645,395
1453147584,611568476,0.985031071227,2.82692410611,0.369809822569,-0.197207567478,0.689147317521,0.0534589153094,0.695217444011,396
1453147584,628398968,1.00424700335,2.82968351767,0.36736998487,-0.204497532571,0.690907056657,0.058708292917,0.690928024165,397
1453147584,586676207,0.95431673662,2.82379092403,0.368035040845,-0.184459538876,0.702117833834,0.0550539747497,0.685546705772,398
1453147584,603343407,0.975022585343,2.8257509986,0.36985241485,-0.193184732763,0.691551301639,0.0534125743136,0.693962213045,399
1453147584,678424530,1.05442651639,2.8375067409,0.347074940813,-0.200701800286,0.729803078819,0.0871847312564,0.64769211524,400
1453147584,619813100,0.994599890546,2.82850839272,0.368966391591,-0.201860336404,0.688561401063,0.0565785380546,0.69421500314,401
1453147584,728459870,1.10131518584,2.8359434674,0.339488547827,-0.18297557213,0.760310099255,0.0931881816602,0.616250319086,402
1453147584,720101337,1.09370226957,2.83593046065,0.339714868455,-0.182641128527,0.754406711787,0.0893577232781,0.624121725844,403
1453147584,711769686,1.08576339129,2.83640396291,0.340252282129,-0.181931496742,0.749738961949,0.0882656176324,0.630080629898,404
1453147584,996136352,1.12309655817,2.83941552835,0.335833567609,-0.203593578703,0.769601088374,0.109174878719,0.595268565725,405
1453147585,203349485,1.21624333691,2.84708131439,0.30224554721,-0.22997636803,0.848584573216,0.187110297017,0.438183556284,406
1453147584,703918133,1.0776454009,2.83711886756,0.340951319086,-0.182775071488,0.745155065696,0.087681444693,0.635333900848,407
1453147585,217671976,1.23794671542,2.8501551928,0.307694366541,-0.148769352854,0.884206316514,0.200411433528,0.394819106426,408
1453147584,736764622,1.10883350209,2.83657351389,0.3386463969,-0.185920862796,0.765152187704,0.0968896689582,0.608759356789,409
1453147584,686917016,1.06198598776,2.83816174798,0.3438365414,-0.19397159692,0.736029006931,0.0869215403929,0.642713751494,410
1453147584,661717237,1.03943563604,2.83476506899,0.354437363394,-0.212452087841,0.713620006812,0.0752729098517,0.663283186348,411
1453147584,657460972,1.03154071789,2.83323199181,0.358575492317,-0.211148888961,0.705099038942,0.0703240888957,0.673280041658,412
1453147584,695184623,1.06962569521,2.83784414716,0.342074797711,-0.186480442163,0.74077701457,0.0873855370272,0.639404588108,413
1453147585,231489935,1.24010634175,2.84987401196,0.306823885681,-0.146841939997,0.887403452298,0.201179259202,0.387916825072,414
1453147584,744974051,1.11572555486,2.8376152766,0.337182578076,-0.195693250527,0.766149252169,0.100887180885,0.603772516625,415
1453147584,669947196,1.04700375873,2.8361501431,0.35053229384,-0.21095737874,0.720286536874,0.0807023348991,0.655874547681,416
1453147585,244216691,1.24832763222,2.84867677261,0.303764672055,-0.144045942645,0.891399081498,0.203703617599,0.378369237768,417
1453147585,240652689,1.2458600273,2.84905779757,0.304877936011,-0.140378763388,0.891978164881,0.200432772276,0.380125584462,418
1453147585,246483667,1.25186691824,2.84836067367,0.302640206574,-0.140887188943,0.89534588781,0.203485103021,0.370270649691,419
1453147585,253558869,1.2557131379,2.84809673392,0.301074907775,-0.137865952671,0.897530414009,0.205553376047,0.364938275079,420
1453147585,261926202,1.25940522506,2.84774441659,0.299666199717,-0.137350632997,0.899769662676,0.207715075546,0.358334766852,421
1453147585,272249092,1.26337241863,2.84773730306,0.298336616769,-0.136747468711,0.903029862789,0.20782291185,0.350209700069,422
1453147585,287155316,1.2710152103,2.84768087906,0.295573407389,-0.139893071382,0.907202579793,0.21262021696,0.334971716921,423
1453147585,320316165,1.29034047707,2.84673197565,0.292308935069,-0.127010334734,0.92003682456,0.210410078352,0.305169158422,424
1453147585,328551013,1.2959154819,2.84633668993,0.292412211806,-0.124437426871,0.924347006906,0.208536165524,0.294296797955,425
1453147585,353493148,1.3144786886,2.84458251475,0.292839308983,-0.105760550103,0.937535208236,0.201063383227,0.263469078422,426
1453147585,278708296,1.26729913023,2.84748806428,0.297011302553,-0.135125490332,0.905265783187,0.208464372246,0.344641218019,427
1453147585,370164262,1.32938744273,2.84170642396,0.293436266202,-0.098610583272,0.943711432918,0.19651900587,0.247113262653,428
1453147585,411479777,1.37778092915,2.82283612353,0.290750101194,-0.0998539525898,0.951959964079,0.189376555002,0.218947334669,429
1453147585,427974402,1.4025679349,2.81577776996,0.29269951199,-0.0766827316164,0.961466460885,0.180756107151,0.192429813161,430
1453147585,419868624,1.3892970844,2.81937651661,0.291253588169,-0.0890945442861,0.956643068156,0.185786612492,0.205862908138,431
1453147585,394941154,1.35884214617,2.83482480261,0.294953726704,-0.0752553834669,0.956828790454,0.185635313151,0.210605848752,432
1453147585,444844491,1.42963505453,2.80756566548,0.295679739057,-0.0559341842028,0.969344561945,0.168578386954,0.169775777768,433
1453147585,461413919,1.45820953878,2.80011302173,0.300077642637,-0.0399242267991,0.974702191062,0.157880888227,0.153085988861,434
1453147585,436470805,1.41575378553,2.81168731354,0.294176665376,-0.066763295296,0.964783353967,0.177944746381,0.181855463334,435
1453147585,477874317,1.48895486519,2.79374646953,0.305532414105,-0.0224823532736,0.978282744215,0.152360253068,0.138721914084,436
1453147585,494767389,1.52155088,2.78865145509,0.311047710157,-0.00815302585398,0.980570381276,0.14987030764,0.126309724176,437
1453147585,528062683,1.58466370973,2.78116982679,0.323654940011,-0.0135777228294,0.978748649926,0.160159776466,0.127340377387,438
1453147585,536363526,1.60093339227,2.77971024539,0.326438622038,-0.00809990349801,0.978581763384,0.162288161188,0.126390967531,439
1453147585,511407700,1.55322782408,2.78455588036,0.317693899326,-0.0120463479477,0.979641383343,0.155124769885,0.12686193799,440
1453147585,552853262,1.63375671137,2.77613245731,0.331579488618,-0.00185084672155,0.977650572325,0.164750387073,0.130588065146,441
1453147585,585248999,1.68533217812,2.77050774092,0.337401202204,0.00176456307264,0.973697468012,0.168878484569,0.152938499252,442
1453147585,611076517,1.75697354217,2.76082369047,0.342181773591,0.00339200569392,0.965963571873,0.171506279465,0.19361939008,443
1453147585,619550916,1.77391383887,2.75866208687,0.342398214375,-0.00601978673615,0.962429372452,0.170087416172,0.211574422059,444
1453147585,661368519,1.86195338299,2.74652329768,0.343973032378,-0.0125719172079,0.945714858722,0.161893353389,0.281524235225,445
1453147585,644422162,1.82684440073,2.75172823047,0.343468444265,-0.00771596663821,0.953755140512,0.165745492254,0.250639237957,446
1453147585,628039492,1.79136070166,2.75655747315,0.342931723287,-0.00863950444676,0.959703695935,0.169764226929,0.223772836214,447
1453147585,686239278,1.91441968513,2.73808968096,0.343999837819,-0.0201394455043,0.929595923213,0.149330844208,0.336371998313,448
1453147585,711407769,1.96618036532,2.72846019015,0.343243322839,-0.0307418848527,0.909045005591,0.132014042961,0.394036047572,449
1453147585,728066662,1.99934015305,2.72119111503,0.343107941102,-0.0376407112571,0.890682542837,0.113137597905,0.438711372866,450
1453147585,720125150,1.98302369389,2.72487841451,0.343189534355,-0.0333756834555,0.901249874246,0.125056437181,0.413516161045,451
1453147585,753051822,2.04379117933,2.70875186729,0.34067271924,-0.0561863651616,0.861062370017,0.078675268373,0.499224287728,452
1453147585,786278182,2.09929136491,2.69216384405,0.344797067186,-0.0425662637596,0.816041096056,0.0330230906278,0.575477643548,453
1453147585,794569738,2.11209287791,2.68792044336,0.346250119012,-0.03270535385,0.80716765715,0.0194104481362,0.589095889973,454
1453147585,761368801,2.05842820296,2.70485250995,0.341322375148,-0.0517543038823,0.848957024348,0.0665875300431,0.521689144686,455
1453147585,844456945,2.17629774357,2.66536373645,0.358949506263,-0.0122724746196,0.733146546837,-0.0561161635453,0.677640393879,456
1453147585,827822495,2.15666477634,2.67208235884,0.354622035572,-0.0196359399069,0.755722809784,-0.0316651015862,0.653830854257,457
1453147585,861692233,2.1942944694,2.66007576001,0.362682980226,0.0021993617229,0.719179367422,-0.0706477761441,0.69122000261,458
1453147585,878109615,2.21315266615,2.65463290275,0.364728838414,0.0014766018148,0.702139975427,-0.0881884223476,0.706555076918,459
1453147585,836543787,2.16637199874,2.66900976078,0.356654913357,-0.013526322369,0.744758427071,-0.0417800187275,0.665887643634,460
1453147585,903176906,2.24307684914,2.64685762465,0.361596187376,0.00569141130314,0.704955177515,-0.0824745572428,0.70441731448,461
1453147585,919562019,2.26219531735,2.6423308599,0.355578731304,0.00687371719371,0.717388076695,-0.0702960511779,0.693084096353,462
1453147585,944486558,2.28830238096,2.63857583331,0.350332289507,0.0325768078664,0.739771537088,-0.0394324184355,0.670911252611,463
1453147585,961548293,2.30123798161,2.6347285237,0.340361304583,0.0260506073423,0.749401423572,-0.0422648135783,0.660251889614,464
1453147585,986551537,2.32202448816,2.62920714242,0.339240107995,0.0545972311119,0.75893209829,-0.0250251465888,0.648394135213,465
1453147585,969476115,2.30763582185,2.6329873144,0.337890861372,0.0325773505723,0.753674191181,-0.0386394947013,0.655302158723,466
1453147586,2946431,2.33401331802,2.6242766043,0.333328838394,0.0352736823322,0.766777260868,-0.0269007541933,0.640378598154,467
1453147585,953600911,2.2951717065,2.63741932226,0.34693766939,0.0359631389949,0.744196708622,-0.0366039682413,0.66598653216,468
1453147586,44519101,2.37308854886,2.61143988537,0.337890248532,0.0534401947025,0.799520018219,0.0429112726075,0.59671643914,469
1453147586,53174394,2.37826701787,2.61160917553,0.336696887244,0.04096345023,0.802962049199,0.052622918877,0.592287744006,470
1453147586,36416259,2.3669738832,2.61185508001,0.338896345141,0.0611044220329,0.796248527767,0.0334588302581,0.600945120884,471
1453147586,19548609,2.347136001,2.62086219704,0.331905731824,0.0198396381733,0.772160013182,-0.0201470380388,0.634798707984,472
1453147586,102915909,2.39651413074,2.61694108281,0.329105682225,-0.00873482073514,0.813997768465,0.0659736380853,0.57704316556,473
1453147586,69438261,2.38107979497,2.61810646696,0.32620729384,-0.0524646526493,0.794171856289,0.047613205158,0.603549091288,474
1453147586,153000139,2.40219277665,2.59965801299,0.31602021207,-0.000649431079601,0.816092452907,0.0498519387298,0.57576685451,475
1453147586,144426493,2.40125304203,2.60253198983,0.316820316036,-0.0185005230781,0.820409112288,0.0669639342819,0.567540703938,476
1453147586,169548539,2.40442624684,2.59578247968,0.3187469523,0.0335847810888,0.820727341466,0.0523601054626,0.567923509643,477
1453147586,178011209,2.40480681489,2.5940114823,0.318225220241,0.043656737153,0.824525598558,0.0507452003446,0.561851004507,478
1453147586,194515118,2.40507852212,2.59352882668,0.319388543754,0.0680888825273,0.838461929291,0.0486980976531,0.538492332806,479
1453147586,203022280,2.40629275374,2.59280087186,0.319547088182,0.0708299977399,0.838239532062,0.0507964165509,0.538291113037,480
1453147586,211443390,2.40717870294,2.59205075787,0.319491975418,0.0694639471119,0.838966841638,0.050300464622,0.53738185859,481
1453147586,219939300,2.40817747325,2.59137906207,0.319585210135,0.0699777508658,0.839939846824,0.0517708119527,0.535652827054,482
1453147586,186339434,2.4044974913,2.5949186125,0.319796176863,0.0677103143099,0.837855201185,0.0501212623929,0.539353162816,483
1453147586,261435709,2.41540197217,2.59037062339,0.327274658273,0.0908934693353,0.8428033556,0.0752833848732,0.525122169579,484
1453147586,244595441,2.41059335464,2.59005593705,0.320218208602,0.0687876793209,0.842067354781,0.0588272531436,0.531723781181,485
1453147586,278258865,2.41064055177,2.5837464988,0.321213681417,0.0616622690311,0.841732365379,0.066336208056,0.53224420819,486
1453147586,295635446,2.41105328228,2.58172004357,0.321098486872,0.0622533918175,0.842152232583,0.0635873292001,0.531846579314,487
1453147586,311537536,2.41244275593,2.57859301639,0.314919614378,0.0431064429635,0.837179970098,0.0423157691745,0.543581555906,488
1453147586,319666293,2.41727336205,2.56859906176,0.325707858452,0.131059605576,0.848219484163,0.0726082364048,0.508010955077,489
1453147586,352584164,2.41803244729,2.56218576451,0.325087630921,0.155633141171,0.851199742239,0.0700433587729,0.496317692687,490
1453147586,344341985,2.41790136941,2.56338304095,0.325368083986,0.153185280326,0.850257901445,0.0682279924374,0.498939587495,491
1453147586,394649635,2.4210574549,2.56847701401,0.326057006138,0.137747509723,0.853480859542,0.0745749764966,0.497025772814,492
1453147586,377791277,2.42075590371,2.57000106633,0.317892335092,0.106163867187,0.846039443412,0.048466533621,0.520189858238,493
1453147586,411098303,2.41558255157,2.56310691501,0.318186211718,0.100339122206,0.854857651993,0.0613919397391,0.505352832305,494
1453147586,369420033,2.4194589239,2.57134805071,0.318334179458,0.0992777273452,0.844300286594,0.0479247990778,0.524408402434,495
1453147586,435924572,2.4259738284,2.56299164819,0.314925092759,0.115453260178,0.852188963543,0.0583653956675,0.506989147535,496
1453147586,444374043,2.42700255949,2.56143067436,0.314372288462,0.120798202859,0.853354214721,0.0600219048159,0.50357894053,497
1453147586,469688225,2.42290213712,2.5555118706,0.308560611709,0.102962868795,0.857292594528,0.0516590424144,0.501776243313,498
1453147586,477961202,2.42949143397,2.54485654159,0.318973943254,0.198116380447,0.862666879609,0.0833029005025,0.457838815951,499
1453147586,494851829,2.42572224011,2.55099778141,0.31409911024,0.145712486147,0.865052218738,0.0708356687558,0.474799787563,500
1453147586,562984371,2.44352560232,2.54409776256,0.304853241866,0.151077097444,0.872391576147,0.0747122104213,0.458831923594,501
1453147586,570467299,2.44018584297,2.53887829219,0.300754506196,0.141193146201,0.873079498059,0.0696394164819,0.461461848051,502
1453147586,505457784,2.42622919208,2.54939079119,0.313175265314,0.145567462006,0.866395698379,0.0719071193971,0.47222661299,503
1453147586,547040721,2.44016475828,2.54605052482,0.306424122367,0.151598462638,0.866780875186,0.0662056761947,0.470452578882,504
1453147586,598938239,2.4464526981,2.53303593331,0.298618319533,0.142954262105,0.87696053659,0.0735822318259,0.452868580682,505
1453147586,603693171,2.44838257844,2.53144430487,0.297578642139,0.140467623741,0.879109767226,0.077434786489,0.44881924835,506
1453147586,611809222,2.45135190098,2.52925815719,0.29741895594,0.150760644096,0.881204508888,0.0812750579593,0.44061798268,507
1453147586,620363797,2.4530903112,2.52656764004,0.296117835078,0.15141170265,0.883409285679,0.0818566930453,0.435846317043,508
1453147586,628296513,2.45493564083,2.52396498372,0.296082747584,0.149978793292,0.884083363241,0.0852833910017,0.434315221496,509
1453147586,637333621,2.45814526814,2.52035669428,0.295328194151,0.16231863407,0.885769070975,0.0839440708077,0.426637090411,510
1453147586,653564736,2.46221214836,2.51473510741,0.293897157555,0.169974906894,0.888069486532,0.0844246786238,0.418704659344,511
1453147586,645105981,2.46053659231,2.51746273869,0.294693048452,0.169826789555,0.888350859029,0.0867599542961,0.417689266251,512
1453147586,711772833,2.48126510916,2.48041214649,0.290891338669,0.201167975749,0.905155604325,0.100133665037,0.360829636559,513
1453147586,686895718,2.47220372258,2.49780095749,0.292077085751,0.18344170685,0.898503115474,0.093977494006,0.387568732346,514
1453147586,728640964,2.48882488621,2.46300628273,0.296894537319,0.233770256855,0.908845271757,0.116660868979,0.32517992045,515
1453147586,697425406,2.47518587162,2.49235570359,0.291606546941,0.19070402419,0.900937935157,0.0961287150515,0.377759291474,516
1453147586,761491862,2.50388029769,2.42319483082,0.295554282558,0.295223971309,0.908946370103,0.11655000059,0.270324620419,517
1453147586,786631020,2.51625785898,2.38742688624,0.297002986364,0.336625646846,0.905655213376,0.11325974056,0.231611829447,518
1453147586,778465105,2.51246495356,2.39912715123,0.296096039825,0.325101260851,0.907170334829,0.113922236508,0.241604796783,519
1453147586,795131821,2.52183583758,2.37472736524,0.297297526422,0.356572072022,0.903005429354,0.10970340553,0.213079128088,520
1453147586,836582759,2.55223140694,2.3134017712,0.303242525056,0.37117992432,0.902370334286,0.0992996177099,0.195173844317,521
1453147586,828278004,2.54612819656,2.32464798153,0.306364859908,0.380586417697,0.898519601581,0.110001578806,0.188987187128,522
1453147586,753311279,2.49991575836,2.43419235409,0.295762445751,0.279270710681,0.909618740246,0.11613231296,0.284806782637,523
1453147586,853109159,2.57620041611,2.28548300564,0.309480370363,0.404172068895,0.890130966403,0.102997859877,0.18358442809,524
1453147586,869757298,2.59227660443,2.26077903909,0.31521216377,0.403854771053,0.888378776811,0.104393404242,0.191798044727,525
1453147586,886639611,2.60628861506,2.23248212603,0.322925942956,0.404747309192,0.889040493916,0.115085195915,0.180394050789,526
1453147586,912030547,2.63391845859,2.1837003723,0.338555050902,0.454308484262,0.863874439672,0.123772235079,0.178899936928,527
1453147586,894653475,2.61464298404,2.22047209527,0.325489768668,0.402347892695,0.888980419879,0.109137111938,0.189523289105,528
1453147586,936318548,2.65212301928,2.14470550599,0.338981852179,0.4505757945,0.860280946767,0.0999294881051,0.216592343927,529
1453147586,944997793,2.65998214378,2.12896157163,0.340308713062,0.45515909333,0.856549957733,0.0938942822008,0.224357378832,530
1453147586,970232774,2.68056064002,2.08230914111,0.338410148008,0.446952085215,0.853146834741,0.0601201225937,0.262221057035,531
1453147587,11401138,2.71367406853,2.00155838696,0.341503683384,0.44445729872,0.836684257296,0.00185409693576,0.320021445426,532
1453147587,4514645,2.70753048363,2.0180469112,0.341085936937,0.44363033104,0.841249835792,0.0154549140856,0.308629209233,533
1453147586,994710466,2.70117897039,2.03425887805,0.340630897029,0.449308465327,0.84298316387,0.030614032914,0.294217724492,534
1453147587,36230340,2.73233557155,1.95240005038,0.341744200784,0.435716240983,0.82352783539,-0.036757731854,0.361389168114,535
1453147587,53010962,2.743592006,1.91887842287,0.341575042398,0.425492893823,0.814008205562,-0.0685281302268,0.389423078351,536
1453147587,61334298,2.7491573993,1.90187992477,0.341688565205,0.4254482315,0.806212451573,-0.0811630824782,0.403023373126,537
1453147587,86686611,2.76342472771,1.85273078544,0.343291985082,0.411120788412,0.78780892447,-0.128792023595,0.440169751935,538
1453147587,78382832,2.75838790333,1.86994560314,0.342019935252,0.398914664258,0.798043375267,-0.119589666435,0.435536650024,539
1453147587,137865950,2.78060043563,1.76229057153,0.35142618721,0.383868119838,0.734642446048,-0.246734783442,0.502063431925,540
1453147587,120166217,2.77598198514,1.78983903422,0.348502722423,0.399170534825,0.753697857481,-0.205779305232,0.479851332493,541
1453147587,28156337,2.72617238509,1.96805589777,0.342025163416,0.445967032247,0.826068034081,-0.0182747304322,0.344079995707,542
1453147587,103592879,2.77065903282,1.82105903181,0.345521923307,0.399503305226,0.772372972275,-0.169482499591,0.463802526022,543
1453147587,169966400,2.77137264428,1.72382132797,0.330709084151,-0.0823963527374,0.748179991894,-0.439044191721,0.490589174871,544
1453147587,195533827,2.7930707105,1.67608812185,0.366907547348,0.347341590881,0.657229064525,-0.378672985775,0.55137151344,545
1453147587,203832226,2.79489587141,1.66996846958,0.373874951831,0.357417777623,0.648692890218,-0.37262353107,0.559108013278,546
1453147587,213391963,2.79672510421,1.65952624429,0.376769059749,0.353323854009,0.642842342708,-0.379739988312,0.563660818122,547
1453147587,245283166,2.80456178527,1.60542468194,0.388962615393,0.352733328175,0.624017003374,-0.38189690349,0.583383864877,548
1453147587,178451069,2.77371401125,1.71190482712,0.33281693438,-0.0725754807897,0.740557755799,-0.455427163033,0.48876692716,549
1453147587,220568363,2.79929502168,1.65070843477,0.379142563596,0.345380582535,0.639022546191,-0.383176194513,0.570559762536,550
1453147587,270588058,2.8134930078,1.58590887059,0.381030564865,0.312232013325,0.637755777097,-0.395121917373,0.582801346125,551
1453147587,295338065,2.81828095805,1.55767434436,0.369998399837,0.307250825591,0.658422729392,-0.383132442671,0.570338470531,552
1453147587,336946423,2.82610309953,1.52116953367,0.357711242219,0.342407879669,0.67397557486,-0.352799588747,0.551403861623,553
1453147587,311836600,2.82210663045,1.54179927803,0.364336147753,0.323697914032,0.667432533359,-0.365351443677,0.562380473051,554
1453147587,345103535,2.82753281021,1.51525984196,0.356300206168,0.344550161214,0.676468035392,-0.350595466337,0.54841499112,555
1453147587,362032292,2.82880087113,1.50252145315,0.354086270536,0.340369501761,0.686118246403,-0.343186998895,0.543703078907,556
1453147587,394893942,2.83536598852,1.47948964713,0.349212530496,0.346789971376,0.706037389838,-0.311205194519,0.533290958867,557
1453147587,328588868,2.82528194908,1.52778579899,0.359503327004,0.339130029845,0.672556798531,-0.354780842883,0.553885122684,558
1453147587,428669811,2.84542958148,1.46213576253,0.346677286857,0.323614658399,0.732190885956,-0.266499995419,0.53679401248,559
1453147587,411741542,2.84043710653,1.47028421462,0.347501843115,0.33489028646,0.718993326506,-0.288435016069,0.536378908963,560
1453147587,436714480,2.84766105921,1.45875329777,0.345926503214,0.318082076842,0.736456427832,-0.258112813653,0.538361865035,561
1453147587,486774263,2.84952139231,1.44375203341,0.340701614877,0.321585099808,0.745106706673,-0.235646355984,0.534667947574,562
1453147587,528474537,2.84114808684,1.43460009013,0.338295552473,0.368681059166,0.736188868013,-0.233730345496,0.517175359835,563
1453147587,503526531,2.84605834548,1.43898109056,0.339673861574,0.339298265948,0.741936773417,-0.236131604296,0.527871552964,564
1453147587,544919782,2.838370555,1.43369934347,0.336510414858,0.369673361218,0.736554190602,-0.239082767351,0.513487059883,565
1453147587,536913734,2.83932742661,1.43384810174,0.337218616168,0.367076919921,0.736296962329,-0.239295635728,0.515615085939,566
1453147587,494951909,2.84806996832,1.44191037422,0.340068147563,0.326230397165,0.744106639238,-0.236952689637,0.532665429967,567
1453147587,578485430,2.83665949773,1.43094480454,0.335151603964,0.378671786408,0.735536797412,-0.237693413365,0.509013888881,568
1453147587,470138350,2.85160464046,1.44857053972,0.341869047215,0.311821898191,0.745711164207,-0.239595583486,0.537843768914,569
1453147587,520706090,2.84209476001,1.43667937661,0.338145986902,0.347352908386,0.741201630222,-0.23926648549,0.522223754068,570
1453147587,628528593,2.83543047015,1.42365674731,0.335836662444,0.388596631829,0.736774593379,-0.229224014065,0.503599253036,571
1453147587,636999080,2.83495973157,1.42285421047,0.335714044536,0.386301824175,0.738808974089,-0.225566182153,0.50403581015,572
1453147587,686899487,2.83285729127,1.41484654141,0.335012973678,0.414627310891,0.735020968991,-0.224670936699,0.487187169791,573
1453147587,661847839,2.83315570284,1.41782382872,0.336014682231,0.40633783138,0.734334253536,-0.22380554752,0.495533901739,574
1453147587,703503137,2.83287426191,1.41216953677,0.334401856657,0.417285840571,0.735944821525,-0.221927371059,0.484774162786,575
1453147587,653603708,2.83407440553,1.42024987401,0.335617657891,0.396524910691,0.736197592779,-0.228381970687,0.498620873062,576
1453147587,729890427,2.83310983923,1.40746779331,0.333307870238,0.424000587881,0.737016385486,-0.216510924042,0.479743023683,577
1453147587,711899313,2.8330868394,1.41161241062,0.333553703438,0.413230930923,0.736971633747,-0.226423035148,0.484608726639,578
1453147587,744767808,2.83304579221,1.40408611651,0.332763063263,0.424314644346,0.740307732278,-0.207048387171,0.478573410767,579
1453147587,761416431,2.8335803092,1.40152581952,0.331796945021,0.424803377138,0.740751772001,-0.210621174819,0.475886145803,580
1453147587,752877497,2.83285515112,1.40262993308,0.332158398129,0.425552393012,0.74010662766,-0.210863000672,0.476113574101,581
1453147587,802864926,2.83273042531,1.39279944436,0.331662880254,0.437938087413,0.741845747048,-0.20285435369,0.465537571383,582
1453147587,736873718,2.83297249252,1.40580551589,0.333028579794,0.421781068117,0.739693367774,-0.210099590151,0.480429614479,583
1453147587,828194263,2.83247411308,1.38850228521,0.331989762188,0.446903195564,0.742734031288,-0.195848099579,0.458549031678,584
1453147587,844632665,2.83240183954,1.37164322498,0.34264022959,0.554134095382,0.702266061412,-0.158691205106,0.417821594399,585
1453147587,869454045,2.81434015271,1.41571317681,0.31500614058,0.0381006747362,0.83061676771,-0.253308967237,0.494427639702,586
1453147587,878145026,2.81397055457,1.41342858055,0.314701456968,0.0341788170886,0.83147351675,-0.253905482877,0.492966129842,587
1453147587,903550138,2.83651284612,1.3807160836,0.329383386782,0.264793620039,0.805495288113,-0.223018273075,0.480962087372,588
1453147587,794693149,2.83328783078,1.39489753479,0.331330560277,0.433225140485,0.742327799673,-0.205908266066,0.467832450189,589
1453147587,927921253,2.82890819135,1.36526998863,0.326196907814,0.22642108562,0.819064558262,-0.233062101096,0.472809473699,590
1453147587,936374629,2.82935588683,1.36183642848,0.32605618815,0.229613632349,0.8208114206,-0.22792139159,0.470742000366,591
1453147587,961631120,2.82870852887,1.34953925693,0.326158461443,0.230989077327,0.828793881186,-0.215794256668,0.461711584708,592
1453147587,944776679,2.82865580499,1.35786171598,0.325940472128,0.222929961083,0.825259880008,-0.22625497748,0.466965788968,593
1453147588,37192824,2.82398069298,1.29926428936,0.331687102928,0.286696396708,0.844075375356,-0.162451717422,0.423026448747,594
1453147587,994872637,2.82768978763,1.33025043201,0.327498402331,0.259863735651,0.833730688331,-0.1935045913,0.447124089458,595
1453147588,20075844,2.82613168374,1.31210833852,0.330338172796,0.294359264525,0.836036146226,-0.171862087621,0.429953030493,596
1453147587,978281703,2.82827745332,1.34005974148,0.326809082566,0.248423394229,0.83003270111,-0.206691352952,0.454543965864,597
1453147588,53559845,2.82146956645,1.28366436624,0.334174683825,0.303224633081,0.846083500498,-0.147793997087,0.412740192498,598
1453147588,95136429,2.81143392484,1.23459605334,0.340866286821,0.338849042484,0.85474146486,-0.110169347753,0.377440153497,599
1453147588,111962519,2.80646349207,1.21066357455,0.343563366002,0.356498007221,0.855417282289,-0.0955499694072,0.363373977268,600
1453147588,120333767,2.80450316285,1.19739783155,0.345312747422,0.367146415732,0.855379079653,-0.0847021546145,0.355465447703,601
1453147588,145410833,2.80744177519,1.1569113251,0.355200133557,0.434767099676,0.835353286334,-0.046544564733,0.333160711286,602
1453147588,187223067,2.80328248955,1.07429605556,0.368884063164,0.446285306123,0.833595066384,-0.0153275396713,0.325136521121,603
1453147588,195631952,2.80310779781,1.05713135627,0.371678980832,0.442920430984,0.835393430179,-0.0150377940421,0.325135623057,604
1453147588,233386888,2.8143910736,0.979589471045,0.386846373333,0.570098673224,0.76013945089,0.0366861503458,0.309563635399,605
1453147588,203880485,2.80290588248,1.03963288704,0.375066598166,0.444808628103,0.833920191783,-0.00501294457302,0.326645478292,606
1453147588,296243344,2.80657277142,0.841471034635,0.40473300928,0.417651139407,0.83154693983,-0.0242258735698,0.365390639809,607
1453147588,329605614,2.80089133772,0.763978524251,0.406129301477,0.345690365541,0.848684561416,-0.089673946909,0.3901169948,608
1453147588,270396763,2.81635673606,0.890273082168,0.401039760885,0.557505119212,0.761295818105,0.0270466644579,0.329977570951,609
1453147588,312843572,2.80765506951,0.803814376258,0.408026244594,0.408337858812,0.83160325696,-0.042098340054,0.374064093223,610
1453147588,362265350,2.80314583654,0.687691140169,0.410516142474,0.31425661053,0.844532746653,-0.146407143866,0.408132540719,611
1453147588,337536372,2.80122816791,0.74529106449,0.407282984483,0.334963080066,0.848705612386,-0.103236199251,0.39603131904,612
1453147588,404353314,2.80604836584,0.591225762801,0.414727567118,0.261828887291,0.828981156265,-0.233387885129,0.435621362439,613
1453147588,445949452,2.80777079889,0.498653820527,0.422415639969,0.206792110763,0.801643173337,-0.329211857319,0.454119806404,614
1453147588,395819759,2.80559809068,0.610423596027,0.414045300646,0.274232178592,0.832843218018,-0.215435893176,0.429832830712,615
1453147588,387432375,2.80499034231,0.629637995329,0.41317319357,0.285488169351,0.837021111853,-0.196587320326,0.423374053244,616
1453147588,487766567,2.80803502416,0.415640309104,0.434932738398,0.165633443234,0.756751539209,-0.425527852015,0.467780629726,617
1453147588,495881145,2.80762953725,0.400114343851,0.437998320773,0.156097814186,0.74663152738,-0.444196596539,0.469961932875,618
1453147588,421100695,2.80687660942,0.553134769662,0.417125436292,0.241941860712,0.820163167695,-0.271175622053,0.441882672659,619
1453147588,512405105,2.80731941252,0.37071164235,0.443955979017,0.142628820781,0.72571380748,-0.479295777994,0.472516715379,620
1453147588,413241313,2.80645718726,0.571815559682,0.415934224917,0.251424965773,0.82472630775,-0.252505278298,0.439150416512,621
1453147588,470929230,2.80805467801,0.447302275688,0.429788046152,0.179944841802,0.775661647883,-0.387281898464,0.464738198381,622
1453147588,579174624,2.80795986877,0.267075808414,0.471805294026,0.0734546783142,0.653591705741,-0.581863062067,0.478390707917,623
1453147588,562595908,2.80726989917,0.291208713404,0.465240975981,0.093712577737,0.666777888296,-0.564602883252,0.477335086366,624
1453147588,621086098,2.80868998131,0.208828920048,0.480629941052,0.0529018424058,0.644421765339,-0.591049678688,0.482267830931,625
1453147588,604646228,2.80880544382,0.232042697078,0.478987073476,0.0539603474579,0.642856802618,-0.592952213855,0.481903604795,626
1453147588,645989611,2.80878803988,0.176249214563,0.4784591741,0.0598125599721,0.654204288083,-0.57746895556,0.484735817212,627
1453147588,654236680,2.80885522721,0.166430497618,0.477015373199,0.0631042344015,0.657828223941,-0.571320793147,0.486695422934,628
1453147588,570966181,2.80756196625,0.279065266396,0.468624780322,0.0822703085872,0.660213048413,-0.573461457716,0.478008664716,629
1453147588,663099745,2.80901544089,0.157153642434,0.475205594251,0.0674680155492,0.662269722886,-0.564726862292,0.487781151781,630
1453147588,687769571,2.81002167576,0.132747975716,0.46809440976,0.0823716118388,0.676161865441,-0.541202531723,0.493071869957,631
1453147588,712793353,2.81127826072,0.113127777293,0.458517326919,0.096384475984,0.690563538546,-0.519713763255,0.493689817905,632
1453147588,729141799,2.81067727959,0.100617949337,0.454343698848,0.111712099769,0.690543176344,-0.516760907006,0.493587574155,633
1453147588,721103976,2.81134961986,0.106859628957,0.456102376902,0.103872128196,0.689944534085,-0.517702578177,0.495147615786,634
1453147588,754447667,2.80688903172,0.0816928249378,0.453353580705,0.119142611732,0.694716150006,-0.511222600488,0.491758031699,635
1453147588,737903668,2.8095999527,0.0940657764252,0.453678073096,0.117740942098,0.69057774604,-0.514599828389,0.494395048367,636
1453147588,779133625,2.80464059091,0.0638157685944,0.452434596171,0.129616651824,0.701215952437,-0.497577225406,0.493875102,637
1453147588,787890120,2.80435480055,0.0582267954714,0.451274649236,0.129163774315,0.706645705122,-0.490052553513,0.493778352738,638
1453147588,696001972,2.81029138884,0.125708817749,0.464964449114,0.0858591198736,0.682261235007,-0.533580875415,0.49238122236,639
1453147588,704310152,2.81100215625,0.119187463362,0.461824395381,0.0896064078275,0.686832478281,-0.526467334518,0.493015196663,640
1453147588,829941414,2.80593135255,0.0328167559384,0.448177811878,0.120070997241,0.728400014112,-0.449661767988,0.502812757867,641
1453147588,854757903,2.80677355519,0.0199922923287,0.446993718574,0.126926993955,0.736898100946,-0.429826127005,0.506083221982,642
1453147588,847801506,2.8065745178,0.0239192595774,0.447549109034,0.124431177239,0.733861270801,-0.436321164309,0.505557473414,643
1453147588,871794217,2.80646458133,0.0135975770772,0.445236340273,0.127037306521,0.741029267646,-0.421519414322,0.50700939892,644
1453147588,912874088,2.80294555484,0.00142284144338,0.441495040411,0.1469889988,0.749331821263,-0.405457114155,0.50249436261,645
1453147588,904623111,2.80388895499,0.00359215199818,0.44205499531,0.146909219795,0.747881194162,-0.407273170614,0.503209663118,646
1453147588,929343290,2.80131622991,-0.00262289885032,0.440574162828,0.156344434161,0.75125664777,-0.399884760305,0.501260456813,647
1453147588,921426712,2.80214481305,-0.000640864712341,0.441125257895,0.153378789416,0.750217984249,-0.401537836805,0.502409483072,648
1453147588,938214182,2.80054813888,-0.00429177581507,0.440094241054,0.158536492878,0.752280251619,-0.397354652495,0.501048783644,649
1453147588,958280136,2.79899520141,-0.00742113114048,0.439081215314,0.165926263162,0.753915620502,-0.39248312364,0.500036708666,650
1453147588,963258985,2.7981200658,-0.00889503977494,0.438536859772,0.167083266222,0.754790493292,-0.390809745104,0.49964210843,651
1453147588,988132676,2.7955194511,-0.0129471695987,0.437412791675,0.181516080965,0.75582066964,-0.387486745336,0.495621881967,652
1453147588,971490897,2.79727829402,-0.0102516663912,0.438162757522,0.172968704054,0.755252883865,-0.388858958374,0.498461251578,653
1453147589,13348592,2.79331817169,-0.0170013182617,0.436373505012,0.19419218877,0.758155936136,-0.380844048784,0.492388851244,654
1453147588,879640885,2.80601506185,0.0108345502418,0.444400561556,0.131668668598,0.742896395421,-0.417749168841,0.506215309243,655
1453147589,46457127,2.79087698472,-0.0233241712172,0.434798160628,0.201545597212,0.762750374965,-0.375387459754,0.486493055239,656
1453147589,88069401,2.78979457185,-0.0333275269376,0.432604468853,0.211251045613,0.767897303024,-0.363705270509,0.483140977293,657
1453147589,79983663,2.78989406252,-0.0310424525686,0.433159465957,0.208917447509,0.766524593815,-0.366636059198,0.484119352328,658
1453147589,71509755,2.79008854392,-0.0289435082729,0.433715235499,0.20790040168,0.765455861601,-0.36858301104,0.484769337826,659
1453147589,105905045,2.78952337274,-0.0383740682866,0.431246796411,0.215348126162,0.771302410237,-0.35623873552,0.481468316544,660
1453147589,137867625,2.79029645759,-0.0508251157109,0.427287969833,0.22382313442,0.778993735613,-0.335877967516,0.47985201397,661
1453147589,155092163,2.79168107025,-0.0579946553095,0.424799999602,0.22890340573,0.782399356942,-0.322613980508,0.481014237506,662
1453147589,146065319,2.79083815064,-0.0543517293286,0.426091501707,0.23200620643,0.780822749207,-0.327725397752,0.478628267205,663
1453147589,38184148,2.79148474969,-0.0215385175731,0.43519242408,0.200565399992,0.761017547795,-0.375979963996,0.489147093366,664
1453147589,178884926,2.79349866745,-0.0694781114536,0.420301120678,0.234418999521,0.78992217294,-0.297392431713,0.482315700471,665
1453147589,220043503,2.79516323733,-0.0878155078894,0.411536563349,0.24582527798,0.797939387854,-0.253198850668,0.488623585224,666
1453147589,236233548,2.79509269744,-0.0942709922448,0.407294450753,0.250162146604,0.800326855976,-0.239561564472,0.489393584794,667
1453147589,211943594,2.79532504377,-0.0844066702706,0.413520810412,0.245740958091,0.795633384122,-0.260001584262,0.488853838861,668
1453147589,204893328,2.79492719726,-0.0807919192748,0.415394184102,0.242421077257,0.794638812757,-0.268757546307,0.487391587807,669
1453147589,286793468,2.79306052246,-0.112760425175,0.395711589355,0.270260148302,0.806327730963,-0.199565948025,0.486794078547,670
1453147589,294853782,2.79256497652,-0.115889553898,0.393814885086,0.280474579777,0.806668526824,-0.193169203444,0.483017139211,671
1453147589,278213956,2.79343213997,-0.11000670942,0.397578042392,0.267166997914,0.805160272346,-0.20662194789,0.487489591388,672
1453147589,253151557,2.79460209537,-0.10088911799,0.403216694097,0.253851119822,0.803182015329,-0.225493429404,0.489500738011,673
1453147589,353331258,2.78814292573,-0.13624252264,0.381598832588,0.304246568724,0.811157116312,-0.148778115809,0.476784259735,674
1453147589,378379478,2.79900440628,-0.1445051078,0.390553328594,0.438546599478,0.779877580352,-0.0746157843588,0.440341145563,675
1453147589,363867790,2.78738781588,-0.139214374532,0.379924936839,0.307547318726,0.811401811986,-0.14257619214,0.476144700364,676
1453147589,421081975,2.79485012063,-0.158682726799,0.381311481547,0.451791708087,0.777900048989,-0.0430802309689,0.434626115169,677
1453147589,437044687,2.80688145164,-0.195026842203,0.396714577079,0.748573110258,0.555949180593,0.140110477535,0.33305834516,678
1453147589,403336283,2.79623912704,-0.15307045959,0.385138452031,0.443668057438,0.779907536158,-0.0555608348001,0.437967902351,679
1453147589,470285716,2.80497860212,-0.205325866354,0.387287450076,0.756170529647,0.551252966108,0.157965229986,0.315235282869,680
1453147589,386822595,2.79797751813,-0.147557733325,0.388898581532,0.441102416601,0.779740409804,-0.0675341324459,0.439172736338,681
1453147589,486905004,2.79492324114,-0.17828598444,0.359902274826,0.499743795084,0.740663756595,0.000619515262092,0.449080121073,682
1453147589,495070919,2.79508112242,-0.180547129452,0.358205181582,0.506067620551,0.73870177619,0.00930056107903,0.445116556474,683
1453147589,511982562,2.7957531799,-0.183609028086,0.354863117821,0.517151032492,0.735516710219,0.0316688914334,0.436539872059,684
1453147589,536957943,2.80583519812,-0.222419355782,0.369298985021,0.768492981025,0.53909110375,0.202242491337,0.279100868272,685
1453147589,545025592,2.80592278673,-0.224293422783,0.367307893722,0.766396803245,0.541933544449,0.204686758137,0.277573962071,686
1453147589,520347455,2.80564171747,-0.218549797007,0.373583430268,0.768469293136,0.538969771666,0.196386180133,0.283547172426,687
1453147589,572703548,2.7970131513,-0.179417573868,0.316064745667,0.313586536677,0.823278762389,-0.0805596822518,0.46624639517,688
1453147589,595093195,2.80320450837,-0.23976617273,0.355085296963,0.783523081004,0.522921375891,0.232459599739,0.242089550908,689
1453147589,578713465,2.79680327192,-0.181124335167,0.314932675397,0.31685991408,0.823118494381,-0.0748172213059,0.465272095072,690
1453147589,587094974,2.80299415154,-0.168914548858,0.308462727003,0.337978771942,0.825461397148,-0.0375866894233,0.450523109633,691
1453147589,645029781,2.78800500052,-0.218301609912,0.332053563103,0.574159769757,0.715527556834,0.110593679982,0.382269423511,692
1453147589,671586230,2.77367255547,-0.200843362147,0.304693606193,0.294755720077,0.845604031363,-0.0143380433422,0.444822782844,693
1453147589,620087647,2.79159435788,-0.211850902059,0.335016112724,0.565470620189,0.719028324379,0.100305470456,0.391382241599,694
1453147589,628927244,2.79036053773,-0.213607846947,0.334308504944,0.563094178755,0.718930966837,0.103717900842,0.394088578646,695
1453147589,703702812,2.76850347621,-0.234821661719,0.318247872941,0.413890601479,0.806991280165,0.0373427669406,0.419601193399,696
1453147589,720109925,2.76793061521,-0.2445216206,0.319928546866,0.413993259496,0.808923791225,0.0435349269039,0.415158513367,697
1453147589,611832266,2.80133345324,-0.244551164906,0.351516861615,0.7873829808,0.518798186102,0.237946034942,0.232933827727,698
1453147589,745194325,2.76768823989,-0.260597427161,0.323271358955,0.427573923649,0.8090896712,0.0605503067844,0.398607707052,699
1453147589,761962730,2.74850052025,-0.213268222748,0.304297567392,0.125342930533,0.885226642401,0.0307416762025,0.446898076404,700
1453147589,778438779,2.78258414752,-0.297951517486,0.328626755821,0.723042452946,0.643163869409,0.155211710846,0.198643331481,701
1453147589,686897741,2.78317003221,-0.235268437238,0.330193539463,0.595764964981,0.710660298345,0.12654453961,0.352154123009,702
1453147589,711864813,2.76798354491,-0.239415281194,0.319095084726,0.413799368747,0.80826548922,0.040661443896,0.416921609347,703
1453147589,820130737,2.78163455436,-0.336443408086,0.342604391278,0.719254491264,0.647275544501,0.164298777972,0.191607040174,704
1453147589,836933359,2.78154363821,-0.353324365368,0.348194895814,0.7223423548,0.643024385036,0.174779854513,0.184913939897,705
1453147589,853537497,2.78187808421,-0.369729842143,0.354087991578,0.723171757123,0.641446161556,0.181051227328,0.181079774153,706
1453147589,903648615,2.77649953492,-0.451220915885,0.379359671075,0.83570273389,0.46304205024,0.291831562951,0.0450259829863,707
1453147589,901613371,2.77897739867,-0.410724818723,0.369506012855,0.725925430129,0.636728602679,0.188132610057,0.179485591221,708
1453147589,872714166,2.7815184391,-0.386451056121,0.360106987745,0.725907414543,0.637969475839,0.185912213032,0.177454282715,709
1453147589,921078973,2.77343917965,-0.44035637099,0.381259068592,0.756965334514,0.599462354601,0.235386035119,0.110642587783,710
1453147589,953405289,2.7643666025,-0.480318956021,0.389952158336,0.767871701414,0.591030631458,0.220815364921,0.110889212552,711
1453147589,890721410,2.78041223925,-0.396014465341,0.363220474486,0.733738742173,0.628022364647,0.196413020863,0.169225568317,712
1453147589,961683644,2.76217751668,-0.490534642376,0.391539614118,0.769167094467,0.590148745813,0.217667113241,0.112816073403,713
1453147589,970235780,2.76006111952,-0.500670948402,0.392899540981,0.770077023349,0.590832159343,0.210294074117,0.116940754173,714
1453147589,986983650,2.75570678994,-0.521561477131,0.394550987738,0.770099122368,0.593209410296,0.197562020499,0.126566920323,715
1453147590,19716229,2.73885764624,-0.576447769692,0.397757369259,0.810089132184,0.535457210603,0.201794137875,0.127750927396,716
1453147590,28023921,2.73667377996,-0.58714361356,0.397073541279,0.806632442993,0.541838875282,0.19177009653,0.13776416523,717
1453147590,12024054,2.74094454667,-0.565596613067,0.398266405406,0.811841988761,0.532839843208,0.206631838222,0.119572447527,718
1453147590,53397744,2.72955529759,-0.619793779714,0.392736106405,0.794673075444,0.561963220379,0.153387020361,0.170776064163,719
1453147590,62436322,2.72703951414,-0.631010492535,0.390913698318,0.792733267315,0.564723042813,0.143453355432,0.179117242673,720
1453147590,78232327,2.72984769696,-0.671030896986,0.392103279994,0.839278842853,0.492307323666,0.152296619086,0.173350116295,721
1453147590,36498807,2.73449692513,-0.59803123271,0.395906784033,0.803646973785,0.547402759187,0.180430921388,0.148143320361,722
1453147590,69894812,2.72437916217,-0.641832736261,0.388962273786,0.786787220494,0.572590369503,0.128082469807,0.191575101065,723
1453147590,128467621,2.69457954143,-0.721237726208,0.380578790743,0.696847234618,0.663511206739,-0.0121676833186,0.272045506525,724
1453147590,136867711,2.691412403,-0.73095956448,0.378778672618,0.692954162382,0.663817638715,-0.0310988111092,0.279631070012,725
1453147590,87040639,2.72428545312,-0.669538548917,0.380250692117,0.787390356976,0.568169518988,0.0886550381091,0.222126332642,726
1453147590,178387580,2.67550291587,-0.764497049541,0.350729617075,0.551308047095,0.728120462723,-0.222562385183,0.341124630707,727
1453147590,203559010,2.6666439867,-0.790841362734,0.347276763332,0.528282826495,0.718717991645,-0.279093248462,0.355624327596,728
1453147590,219837546,2.66203937177,-0.806586151245,0.346178311399,0.510981136888,0.713120928021,-0.309523194592,0.366813592677,729
1453147590,211905317,2.66422161471,-0.79891345521,0.346654454852,0.516587050707,0.716683182426,-0.296799519755,0.362509420764,730
1453147590,245142438,2.65657790543,-0.827835911267,0.346349629953,0.484114855825,0.704534962009,-0.347294296489,0.385551507976,731
1453147590,194949673,2.66931195644,-0.782435785321,0.348224591111,0.534531716363,0.723614083866,-0.260294484466,0.350578497899,732
1453147590,270183326,2.6525368848,-0.845358610636,0.347937956455,0.46032377104,0.693225830811,-0.382704996709,0.401343816206,733
1453147590,278635730,2.65140886832,-0.850221040991,0.348750824982,0.453882801101,0.688912790009,-0.39309400983,0.406037769256,734
1453147590,312122667,2.64674750195,-0.86726353391,0.35202309229,0.428627095676,0.671572716635,-0.437563099014,0.416902186975,735
1453147590,261885415,2.65382953601,-0.839770000703,0.347371820975,0.469363355386,0.69711712032,-0.369537950241,0.396443519947,736
1453147590,337730670,2.64362188043,-0.876744663122,0.353890493469,0.417705240886,0.659379174051,-0.466210658333,0.41640011842,737
1453147590,228178967,2.65995210929,-0.813991577953,0.346038782848,0.503112762522,0.709958836768,-0.322534690956,0.372568613026,738
1453147590,353454313,2.64183615154,-0.881682121533,0.354734412359,0.419456120102,0.650291776299,-0.478767388015,0.414679342578,739
1453147590,370113696,2.6404299042,-0.886360150959,0.354120177522,0.417231193831,0.644837242713,-0.490683906104,0.411500140456,740
1453147590,412066232,2.640440983,-0.895169307718,0.346758791067,0.444858704792,0.639053834134,-0.473797655304,0.411371743898,741
1453147590,361677430,2.6411104146,-0.883983922808,0.35478018813,0.41970932892,0.646986202815,-0.484229258912,0.413249267874,742
1453147590,436670550,2.64102284627,-0.899807699707,0.340408661766,0.457901583933,0.63948847271,-0.462263023858,0.409504004226,743
1453147590,344924183,2.64292407371,-0.879224912521,0.354543944711,0.421312366325,0.65388017579,-0.47118447367,0.41583866759,744
1453147590,378591032,2.64043348128,-0.887916116337,0.353860711969,0.432823422897,0.640084462532,-0.480776268821,0.414499631792,745
1453147590,461806285,2.64122628814,-0.907006256743,0.336917664117,0.459536585947,0.638726891928,-0.461166072296,0.41009747313,746
1453147590,478700820,2.64224553233,-0.913331351781,0.336468200681,0.451051961785,0.646974768665,-0.454415710946,0.414104018484,747
1453147590,495141180,2.64412720524,-0.919677350795,0.336266767085,0.437052693794,0.658303460071,-0.445167702501,0.421244838492,748
1453147590,528427669,2.64953996698,-0.930036447751,0.334080273788,0.409045219404,0.686008632779,-0.41409120847,0.436580617188,749
1453147590,545266963,2.65051513465,-0.933767689523,0.333548494532,0.399704366385,0.692562767307,-0.407426955733,0.441130942663,750
1453147590,553788298,2.64957937937,-0.935758315337,0.333874120579,0.378932222823,0.69500931547,-0.421056658099,0.44281340606,751
1453147590,486964511,2.64302620831,-0.916428821369,0.336506627284,0.444229679169,0.65322776044,-0.448916594724,0.417645036026,752
1453147590,578490877,2.64919651081,-0.936415864443,0.33266467093,0.397704976639,0.696820671404,-0.397447189624,0.445317229536,753
1453147590,595320884,2.64636341287,-0.936454487499,0.331969052741,0.405376704799,0.690919424144,-0.403213644197,0.44240121347,754
1453147590,603701903,2.64514215498,-0.935874812909,0.331066794174,0.406790339438,0.690212610679,-0.404748724104,0.440802271019,755
1453147590,612523906,2.64383066064,-0.935273793065,0.330732597994,0.414317334656,0.686377268493,-0.406120122207,0.438513212842,756
1453147590,636871552,2.63966838359,-0.933804459081,0.329977734997,0.416495247968,0.679088916353,-0.419985354919,0.434720891792,757
1453147590,661940312,2.63762487602,-0.932764003547,0.329319914291,0.416815378243,0.677110860684,-0.420834449785,0.43667400733,758
1453147590,645454975,2.63873357284,-0.933386254128,0.329740951767,0.416874494406,0.67758551259,-0.422364754862,0.434397908481,759
1453147590,670805334,2.63767757167,-0.932648300414,0.329180721801,0.41846435755,0.677500356407,-0.41652745216,0.438617977431,760
