pose_time = 1435213103.77,(0.0, 0.0, 0.0),(0.0, 0.0, 0.0, 0.0)
pose_time = 1435213103.8,(0.0, 0.0, 0.0),(0.0, 0.0, 0.0, 0.0)
pose_time = 1435213103.83,(0.0, 0.0, 0.0),(0.0, 0.0, 0.0, 0.0)
pose_time = 1435213103.87,(0.0, 0.0, 0.0),(0.0, 0.0, 0.0, 0.0)
pose_time = 1435213103.9,(0.0, 0.0, 0.0),(0.0, 0.0, 0.0, 0.0)
pose_time = 1435213103.93,(0.0, 0.0, 0.0),(0.0, 0.0, 0.0, 0.0)
pose_time = 1435213103.97,(0.0, 0.0, 0.0),(0.0, 0.0, 0.0, 0.0)
pose_time = 1435213104.0,(0.0, 0.0, 0.0),(0.0, 0.0, 0.0, 0.0)
pose_time = 1435213104.03,(0.0, 0.0, 0.0),(0.0, 0.0, 0.0, 0.0)
pose_time = 1435213104.07,(0.0, 0.0, 0.0),(0.0, 0.0, 0.0, 0.0)
pose_time = 1435213104.1,(0.0, 0.0, 0.0),(0.0, 0.0, 0.0, 0.0)
pose_time = 1435213104.13,(0.0, 0.0, 0.0),(0.0, 0.0, 0.0, 0.0)
pose_time = 1435213104.17,(0.0, 0.0, 0.0),(0.0, 0.0, 0.0, 0.0)
pose_time = 1435213104.2,(0.0, 0.0, 0.0),(0.0, 0.0, 0.0, 0.0)
pose_time = 1435213104.23,(0.0, 0.0, 0.0),(0.0, 0.0, 0.0, 0.0)
pose_time = 1435213104.27,(0.0, 0.0, 0.0),(0.0, 0.0, 0.0, 0.0)
pose_time = 1435213104.3,(0.0, 0.0, 0.0),(0.0, 0.0, 0.0, 0.0)
pose_time = 1435213104.33,(0.0, 0.0, 0.0),(0.0, 0.0, 0.0, 0.0)
pose_time = 1435213104.37,(0.0, 0.0, 0.0),(0.0, 0.0, 0.0, 0.0)
pose_time = 1435213104.4,(0.0, 0.0, 0.0),(0.0, 0.0, 0.0, 0.0)
pose_time = 1435213104.43,(0.0, 0.0, 0.0),(0.0, 0.0, 0.0, 0.0)
pose_time = 1435213104.47,(0.0, 0.0, 0.0),(0.0, 0.0, 0.0, 0.0)
pose_time = 1435213104.5,(0.0, 0.0, 0.0),(0.0, 0.0, 0.0, 0.0)
pose_time = 1435213104.53,(0.0, 0.0, 0.0),(0.0, 0.0, 0.0, 0.0)
pose_time = 1435213104.57,(0.0, 0.0, 0.0),(0.0, 0.0, 0.0, 0.0)
pose_time = 1435213104.6,(0.0, 0.0, 0.0),(0.0, 0.0, 0.0, 0.0)
pose_time = 1435213104.63,(0.0, 0.0, 0.0),(0.0, 0.0, 0.0, 0.0)
pose_time = 1435213104.67,(0.0, 0.0, 0.0),(0.0, 0.0, 0.0, 0.0)
pose_time = 1435213104.7,(0.0, 0.0, 0.0),(0.0, 0.0, 0.0, 0.0)
pose_time = 1435213104.73,(0.0, 0.0, 0.0),(0.0, 0.0, 0.0, 0.0)
pose_time = 1435213104.77,(0.0, 0.0, 0.0),(0.0, 0.0, 0.0, 0.0)
pose_time = 1435213104.8,(0.0, 0.0, 0.0),(0.0, 0.0, 0.0, 0.0)
pose_time = 1435213104.83,(0.0, 0.0, 0.0),(0.0, 0.0, 0.0, 0.0)
pose_time = 1435213104.87,(0.0, 0.0, 0.0),(0.0, 0.0, 0.0, 0.0)
pose_time = 1435213104.9,(0.0, 0.0, 0.0),(0.0, 0.0, 0.0, 0.0)
pose_time = 1435213104.93,(0.0, 0.0, 0.0),(0.0, 0.0, 0.0, 0.0)
pose_time = 1435213104.97,(0.0, 0.0, 0.0),(0.0, 0.0, 0.0, 0.0)
pose_time = 1435213105.0,(0.0, 0.0, 0.0),(0.0, 0.0, 0.0, 0.0)
pose_time = 1435213105.03,(0.0, 0.0, 0.0),(0.0, 0.0, 0.0, 0.0)
pose_time = 1435213105.07,(0.0, 0.0, 0.0),(0.0, 0.0, 0.0, 0.0)
pose_time = 1435213105.1,(0.0, 0.0, 0.0),(0.0, 0.0, 0.0, 0.0)
pose_time = 1435213105.13,(0.0, 0.0, 0.0),(0.0, 0.0, 0.0, 0.0)
pose_time = 1435213105.17,(0.0, 0.0, 0.0),(0.0, 0.0, 0.0, 0.0)
pose_time = 1435213105.2,(0.0, 0.0, 0.0),(0.0, 0.0, 0.0, 0.0)
pose_time = 1435213105.23,(0.0, 0.0, 0.0),(0.0, 0.0, 0.0, 0.0)
pose_time = 1435213105.27,(0.0, 0.0, 0.0),(0.0, 0.0, 0.0, 0.0)
pose_time = 1435213105.3,(0.0, 0.0, 0.0),(0.0, 0.0, 0.0, 0.0)
pose_time = 1435213105.33,(0.0, 0.0, 0.0),(0.0, 0.0, 0.0, 0.0)
pose_time = 1435213105.37,(0.0, 0.0, 0.0),(0.0, 0.0, 0.0, 0.0)
pose_time = 1435213105.4,(0.0, 0.0, 0.0),(0.0, 0.0, 0.0, 0.0)
pose_time = 1435213105.43,(0.0, 0.0, 0.0),(0.0, 0.0, 0.0, 0.0)
pose_time = 1435213105.47,(0.0, 0.0, 0.0),(0.0, 0.0, 0.0, 0.0)
pose_time = 1435213105.5,(0.0, 0.0, 0.0),(0.0, 0.0, 0.0, 0.0)
pose_time = 1435213105.53,(0.0, 0.0, 0.0),(0.0, 0.0, 0.0, 0.0)
pose_time = 1435213105.57,(0.0, 0.0, 0.0),(0.0, 0.0, 0.0, 0.0)
pose_time = 1435213105.6,(0.0, 0.0, 0.0),(0.0, 0.0, 0.0, 0.0)
pose_time = 1435213105.63,(0.0, 0.0, 0.0),(0.0, 0.0, 0.0, 0.0)
pose_time = 1435213105.67,(0.0, 0.0, 0.0),(0.0, 0.0, 0.0, 0.0)
pose_time = 1435213105.7,(0.0, 0.0, 0.0),(0.0, 0.0, 0.0, 0.0)
pose_time = 1435213105.73,(0.0, 0.0, 0.0),(0.0, 0.0, 0.0, 0.0)
pose_time = 1435213105.77,(0.0, 0.0, 0.0),(0.0, 0.0, 0.0, 0.0)
pose_time = 1435213105.8,(0.0, 0.0, 0.0),(0.0, 0.0, 0.0, 0.0)
pose_time = 1435213105.83,(0.0, 0.0, 0.0),(0.0, 0.0, 0.0, 0.0)
pose_time = 1435213105.87,(0.0, 0.0, 0.0),(0.0, 0.0, 0.0, 0.0)
pose_time = 1435213105.9,(0.0, 0.0, 0.0),(0.0, 0.0, 0.0, 0.0)
pose_time = 1435213105.93,(0.0, 0.0, 0.0),(0.0, 0.0, 0.0, 0.0)
pose_time = 1435213105.97,(0.0, 0.0, 0.0),(0.0, 0.0, 0.0, 0.0)
pose_time = 1435213106.0,(0.0, 0.0, 0.0),(0.0, 0.0, 0.0, 0.0)
pose_time = 1435213106.03,(0.0, 0.0, 0.0),(0.0, 0.0, 0.0, 0.0)
pose_time = 1435213106.07,(0.0, 0.0, 0.0),(0.0, 0.0, 0.0, 0.0)
pose_time = 1435213106.1,(0.0, 0.0, 0.0),(0.0, 0.0, 0.0, 0.0)
pose_time = 1435213106.13,(0.0, 0.0, 0.0),(0.0, 0.0, 0.0, 0.0)
pose_time = 1435213106.17,(0.0, 0.0, 0.0),(0.0, 0.0, 0.0, 0.0)
pose_time = 1435213106.2,(0.0, 0.0, 0.0),(0.0, 0.0, 0.0, 0.0)
pose_time = 1435213106.23,(0.0, 0.0, 0.0),(0.0, 0.0, 0.0, 0.0)
pose_time = 1435213106.27,(0.0, 0.0, 0.0),(0.0, 0.0, 0.0, 0.0)
pose_time = 1435213106.3,(0.0, 0.0, 0.0),(0.0, 0.0, 0.0, 0.0)
pose_time = 1435213106.33,(0.0, 0.0, 0.0),(0.0, 0.0, 0.0, 0.0)
pose_time = 1435213106.37,(0.0, 0.0, 0.0),(0.0, 0.0, 0.0, 0.0)
pose_time = 1435213106.4,(0.0, 0.0, 0.0),(0.0, 0.0, 0.0, 0.0)
pose_time = 1435213106.43,(0.0, 0.0, 0.0),(0.0, 0.0, 0.0, 0.0)
pose_time = 1435213106.47,(0.0, 0.0, 0.0),(0.0, 0.0, 0.0, 0.0)
pose_time = 1435213106.5,(0.0, 0.0, 0.0),(0.0, 0.0, 0.0, 0.0)
pose_time = 1435213106.53,(0.0, 0.0, 0.0),(0.0, 0.0, 0.0, 0.0)
pose_time = 1435213106.57,(0.0, 0.0, 0.0),(0.0, 0.0, 0.0, 0.0)
pose_time = 1435213106.6,(0.0, 0.0, 0.0),(0.0, 0.0, 0.0, 0.0)
pose_time = 1435213106.63,(0.0, 0.0, 0.0),(0.0, 0.0, 0.0, 0.0)
pose_time = 1435213106.67,(0.0, 0.0, 0.0),(0.0, 0.0, 0.0, 0.0)
pose_time = 1435213106.7,(0.0, 0.0, 0.0),(0.0, 0.0, 0.0, 0.0)
pose_time = 1435213106.73,(0.0, 0.0, 0.0),(0.0, 0.0, 0.0, 0.0)
pose_time = 1435213106.77,(0.0, 0.0, 0.0),(0.0, 0.0, 0.0, 0.0)
pose_time = 1435213106.8,(0.0, 0.0, 0.0),(0.0, 0.0, 0.0, 0.0)
pose_time = 1435213106.83,(0.0, 0.0, 0.0),(0.0, 0.0, 0.0, 0.0)
pose_time = 1435213106.87,(0.0, 0.0, 0.0),(0.0, 0.0, 0.0, 0.0)
pose_time = 1435213106.9,(0.0, 0.0, 0.0),(0.0, 0.0, 0.0, 0.0)
pose_time = 1435213106.93,(0.0, 0.0, 0.0),(0.0, 0.0, 0.0, 0.0)
pose_time = 1435213106.97,(0.0, 0.0, 0.0),(0.0, 0.0, 0.0, 0.0)
pose_time = 1435213107.0,(0.0, 0.0, 0.0),(0.0, 0.0, 0.0, 0.0)
pose_time = 1435213107.03,(0.0, 0.0, 0.0),(0.0, 0.0, 0.0, 0.0)
pose_time = 1435213107.07,(0.0, 0.0, 0.0),(0.0, 0.0, 0.0, 0.0)
pose_time = 1435213107.1,(0.0, 0.0, 0.0),(0.0, 0.0, 0.0, 0.0)
pose_time = 1435213107.13,(0.0, 0.0, 0.0),(0.0, 0.0, 0.0, 0.0)
pose_time = 1435213107.17,(0.0, 0.0, 0.0),(0.0, 0.0, 0.0, 0.0)
pose_time = 1435213107.2,(0.0, 0.0, 0.0),(0.0, 0.0, 0.0, 0.0)
pose_time = 1435213107.23,(0.0, 0.0, 0.0),(0.0, 0.0, 0.0, 0.0)
pose_time = 1435213107.27,(0.0, 0.0, 0.0),(0.0, 0.0, 0.0, 0.0)
pose_time = 1435213107.3,(0.0, 0.0, 0.0),(0.0, 0.0, 0.0, 0.0)
pose_time = 1435213107.33,(0.0, 0.0, 0.0),(0.0, 0.0, 0.0, 0.0)
pose_time = 1435213107.37,(0.0, 0.0, 0.0),(0.0, 0.0, 0.0, 0.0)
pose_time = 1435213107.4,(0.0, 0.0, 0.0),(0.0, 0.0, 0.0, 0.0)
pose_time = 1435213107.43,(0.0, 0.0, 0.0),(0.0, 0.0, 0.0, 0.0)
pose_time = 1435213107.47,(0.0, 0.0, 0.0),(0.0, 0.0, 0.0, 0.0)
pose_time = 1435213107.5,(0.0, 0.0, 0.0),(0.0, 0.0, 0.0, 0.0)
pose_time = 1435213107.53,(0.0, 0.0, 0.0),(0.0, 0.0, 0.0, 0.0)
pose_time = 1435213107.57,(0.0, 0.0, 0.0),(0.0, 0.0, 0.0, 0.0)
pose_time = 1435213107.6,(0.0, 0.0, 0.0),(0.0, 0.0, 0.0, 0.0)
pose_time = 1435213107.63,(0.0, 0.0, 0.0),(0.0, 0.0, 0.0, 0.0)
pose_time = 1435213107.67,(0.0, 0.0, 0.0),(0.0, 0.0, 0.0, 0.0)
pose_time = 1435213107.7,(0.0, 0.0, 0.0),(0.0, 0.0, 0.0, 0.0)
pose_time = 1435213107.73,(0.0, 0.0, 0.0),(0.0, 0.0, 0.0, 0.0)
pose_time = 1435213107.77,(0.0, 0.0, 0.0),(0.0, 0.0, 0.0, 0.0)
pose_time = 1435213107.8,(0.0, 0.0, 0.0),(0.0, 0.0, 0.0, 0.0)
pose_time = 1435213107.83,(0.0, 0.0, 0.0),(0.0, 0.0, 0.0, 0.0)
pose_time = 1435213107.87,(0.0, 0.0, 0.0),(0.0, 0.0, 0.0, 0.0)
pose_time = 1435213107.9,(0.0, 0.0, 0.0),(0.0, 0.0, 0.0, 0.0)
pose_time = 1435213107.93,(0.0, 0.0, 0.0),(0.0, 0.0, 0.0, 0.0)
pose_time = 1435213107.97,(0.0, 0.0, 0.0),(0.0, 0.0, 0.0, 0.0)
pose_time = 1435213108.0,(0.0, 0.0, 0.0),(0.0, 0.0, 0.0, 0.0)
pose_time = 1435213108.03,(0.0, 0.0, 0.0),(0.0, 0.0, 0.0, 0.0)
pose_time = 1435213108.07,(0.0, 0.0, 0.0),(0.0, 0.0, 0.0, 0.0)
pose_time = 1435213108.1,(0.0, 0.0, 0.0),(0.0, 0.0, 0.0, 0.0)
pose_time = 1435213108.13,(0.0, 0.0, 0.0),(0.0, 0.0, 0.0, 0.0)
pose_time = 1435213108.17,(0.0, 0.0, 0.0),(0.0, 0.0, 0.0, 0.0)
pose_time = 1435213108.2,(0.0, 0.0, 0.0),(0.0, 0.0, 0.0, 0.0)
pose_time = 1435213108.23,(0.0, 0.0, 0.0),(0.0, 0.0, 0.0, 0.0)
pose_time = 1435213108.27,(0.0, 0.0, 0.0),(0.0, 0.0, 0.0, 0.0)
pose_time = 1435213108.3,(0.0, 0.0, 0.0),(0.0, 0.0, 0.0, 0.0)
pose_time = 1435213108.33,(0.0, 0.0, 0.0),(0.0, 0.0, 0.0, 0.0)
pose_time = 1435213108.37,(0.0, 0.0, 0.0),(0.0, 0.0, 0.0, 0.0)
pose_time = 1435213108.4,(0.0, 0.0, 0.0),(0.0, 0.0, 0.0, 0.0)
pose_time = 1435213108.43,(0.0, 0.0, 0.0),(0.0, 0.0, 0.0, 0.0)
pose_time = 1435213108.47,(0.0, 0.0, 0.0),(0.0, 0.0, 0.0, 0.0)
pose_time = 1435213108.5,(0.0, 0.0, 0.0),(0.0, 0.0, 0.0, 0.0)
pose_time = 1435213108.53,(0.0, 0.0, 0.0),(0.0, 0.0, 0.0, 0.0)
pose_time = 1435213108.57,(0.0, 0.0, 0.0),(0.0, 0.0, 0.0, 0.0)
pose_time = 1435213108.6,(0.0, 0.0, 0.0),(0.0, 0.0, 0.0, 0.0)
pose_time = 1435213108.63,(0.0, 0.0, 0.0),(0.0, 0.0, 0.0, 0.0)
pose_time = 1435213108.67,(0.0, 0.0, 0.0),(0.0, 0.0, 0.0, 0.0)
pose_time = 1435213108.7,(0.0, 0.0, 0.0),(0.0, 0.0, 0.0, 0.0)
pose_time = 1435213108.73,(0.0, 0.0, 0.0),(0.0, 0.0, 0.0, 0.0)
pose_time = 1435213108.77,(0.0, 0.0, 0.0),(0.0, 0.0, 0.0, 0.0)
pose_time = 1435213108.8,(0.0, 0.0, 0.0),(0.0, 0.0, 0.0, 0.0)
pose_time = 1435213108.83,(0.0, 0.0, 0.0),(0.0, 0.0, 0.0, 0.0)
pose_time = 1435213108.87,(0.0, 0.0, 0.0),(0.0, 0.0, 0.0, 0.0)
pose_time = 1435213108.9,(0.0, 0.0, 0.0),(0.0, 0.0, 0.0, 0.0)
pose_time = 1435213108.93,(0.0, 0.0, 0.0),(0.0, 0.0, 0.0, 0.0)
pose_time = 1435213108.97,(0.0, 0.0, 0.0),(0.0, 0.0, 0.0, 0.0)
pose_time = 1435213109.0,(0.0, 0.0, 0.0),(0.0, 0.0, 0.0, 0.0)
pose_time = 1435213109.03,(0.0, 0.0, 0.0),(0.0, 0.0, 0.0, 0.0)
pose_time = 1435213109.07,(0.0, 0.0, 0.0),(0.0, 0.0, 0.0, 0.0)
pose_time = 1435213109.1,(0.0, 0.0, 0.0),(0.0, 0.0, 0.0, 0.0)
pose_time = 1435213109.13,(0.0, 0.0, 0.0),(0.0, 0.0, 0.0, 0.0)
pose_time = 1435213109.17,(0.0, 0.0, 0.0),(0.0, 0.0, 0.0, 0.0)
pose_time = 1435213109.2,(0.0, 0.0, 0.0),(0.0, 0.0, 0.0, 0.0)
pose_time = 1435213109.23,(0.0, 0.0, 0.0),(0.0, 0.0, 0.0, 0.0)
pose_time = 1435213109.27,(0.0, 0.0, 0.0),(0.0, 0.0, 0.0, 0.0)
pose_time = 1435213109.3,(0.0, 0.0, 0.0),(0.0, 0.0, 0.0, 0.0)
pose_time = 1435213109.33,(0.0, 0.0, 0.0),(0.0, 0.0, 0.0, 0.0)
pose_time = 1435213109.37,(0.0, 0.0, 0.0),(0.0, 0.0, 0.0, 0.0)
pose_time = 1435213109.4,(0.0, 0.0, 0.0),(0.0, 0.0, 0.0, 0.0)
pose_time = 1435213109.43,(0.0, 0.0, 0.0),(0.0, 0.0, 0.0, 0.0)
pose_time = 1435213109.47,(0.0, 0.0, 0.0),(0.0, 0.0, 0.0, 0.0)
pose_time = 1435213109.5,(0.0, 0.0, 0.0),(0.0, 0.0, 0.0, 0.0)
pose_time = 1435213109.53,(0.0, 0.0, 0.0),(0.0, 0.0, 0.0, 0.0)
pose_time = 1435213109.57,(0.0, 0.0, 0.0),(0.0, 0.0, 0.0, 0.0)
pose_time = 1435213109.6,(0.0, 0.0, 0.0),(0.0, 0.0, 0.0, 0.0)
pose_time = 1435213109.63,(0.0, 0.0, 0.0),(0.0, 0.0, 0.0, 0.0)
pose_time = 1435213109.67,(0.0, 0.0, 0.0),(0.0, 0.0, 0.0, 0.0)
pose_time = 1435213109.7,(0.0, 0.0, 0.0),(0.0, 0.0, 0.0, 0.0)
pose_time = 1435213109.73,(0.0, 0.0, 0.0),(0.0, 0.0, 0.0, 0.0)
pose_time = 1435213109.77,(0.0, 0.0, 0.0),(0.0, 0.0, 0.0, 0.0)
pose_time = 1435213109.8,(0.0, 0.0, 0.0),(0.0, 0.0, 0.0, 0.0)
pose_time = 1435213109.83,(0.0, 0.0, 0.0),(0.0, 0.0, 0.0, 0.0)
pose_time = 1435213109.87,(0.0, 0.0, 0.0),(0.0, 0.0, 0.0, 0.0)
pose_time = 1435213109.9,(0.0, 0.0, 0.0),(0.0, 0.0, 0.0, 0.0)
pose_time = 1435213109.93,(0.0, 0.0, 0.0),(0.0, 0.0, 0.0, 0.0)
pose_time = 1435213109.97,(0.0, 0.0, 0.0),(0.0, 0.0, 0.0, 0.0)
pose_time = 1435213110.0,(0.0, 0.0, 0.0),(0.0, 0.0, 0.0, 0.0)
pose_time = 1435213110.03,(0.0, 0.0, 0.0),(0.0, 0.0, 0.0, 0.0)
pose_time = 1435213110.07,(0.0, 0.0, 0.0),(0.0, 0.0, 0.0, 0.0)
pose_time = 1435213110.1,(0.0, 0.0, 0.0),(0.0, 0.0, 0.0, 0.0)
pose_time = 1435213110.13,(0.0, 0.0, 0.0),(0.0, 0.0, 0.0, 0.0)
pose_time = 1435213110.17,(0.0, 0.0, 0.0),(0.0, 0.0, 0.0, 0.0)
pose_time = 1435213110.2,(0.0, 0.0, 0.0),(0.0, 0.0, 0.0, 0.0)
pose_time = 1435213110.23,(0.0, 0.0, 0.0),(0.0, 0.0, 0.0, 0.0)
pose_time = 1435213110.27,(0.0, 0.0, 0.0),(0.0, 0.0, 0.0, 0.0)
pose_time = 1435213110.3,(0.0, 0.0, 0.0),(0.0, 0.0, 0.0, 0.0)
pose_time = 1435213110.33,(0.0, 0.0, 0.0),(0.0, 0.0, 0.0, 0.0)
pose_time = 1435213110.37,(0.0, 0.0, 0.0),(0.0, 0.0, 0.0, 0.0)
pose_time = 1435213110.4,(0.0, 0.0, 0.0),(0.0, 0.0, 0.0, 0.0)
pose_time = 1435213110.43,(0.0, 0.0, 0.0),(0.0, 0.0, 0.0, 0.0)
pose_time = 1435213110.47,(0.0, 0.0, 0.0),(0.0, 0.0, 0.0, 0.0)
pose_time = 1435213110.5,(0.0, 0.0, 0.0),(0.0, 0.0, 0.0, 0.0)
pose_time = 1435213110.53,(0.0, 0.0, 0.0),(0.0, 0.0, 0.0, 0.0)
pose_time = 1435213110.57,(0.0, 0.0, 0.0),(0.0, 0.0, 0.0, 0.0)
pose_time = 1435213110.6,(0.0, 0.0, 0.0),(0.0, 0.0, 0.0, 0.0)
pose_time = 1435213110.63,(0.0, 0.0, 0.0),(0.0, 0.0, 0.0, 0.0)
pose_time = 1435213110.67,(0.0, 0.0, 0.0),(0.0, 0.0, 0.0, 0.0)
pose_time = 1435213110.7,(0.0, 0.0, 0.0),(0.0, 0.0, 0.0, 0.0)
pose_time = 1435213110.73,(0.0, 0.0, 0.0),(0.0, 0.0, 0.0, 0.0)
pose_time = 1435213110.77,(0.0, 0.0, 0.0),(0.0, 0.0, 0.0, 0.0)
pose_time = 1435213110.8,(0.0, 0.0, 0.0),(0.0, 0.0, 0.0, 0.0)
pose_time = 1435213110.83,(0.0, 0.0, 0.0),(0.0, 0.0, 0.0, 0.0)
pose_time = 1435213110.87,(0.0, 0.0, 0.0),(0.0, 0.0, 0.0, 0.0)
pose_time = 1435213110.9,(0.0, 0.0, 0.0),(0.0, 0.0, 0.0, 0.0)
pose_time = 1435213110.93,(0.0, 0.0, 0.0),(0.0, 0.0, 0.0, 0.0)
pose_time = 1435213110.97,(0.0, 0.0, 0.0),(0.0, 0.0, 0.0, 0.0)
pose_time = 1435213111.0,(0.0, 0.0, 0.0),(0.0, 0.0, 0.0, 0.0)
pose_time = 1435213111.03,(0.0, 0.0, 0.0),(0.0, 0.0, 0.0, 0.0)
pose_time = 1435213111.07,(0.0, 0.0, 0.0),(0.0, 0.0, 0.0, 0.0)
pose_time = 1435213111.1,(0.0, 0.0, 0.0),(0.0, 0.0, 0.0, 0.0)
pose_time = 1435213111.13,(0.0, 0.0, 0.0),(0.0, 0.0, 0.0, 0.0)
pose_time = 1435213111.17,(0.0, 0.0, 0.0),(0.0, 0.0, 0.0, 0.0)
pose_time = 1435213111.2,(0.0, 0.0, 0.0),(0.0, 0.0, 0.0, 0.0)
pose_time = 1435213111.23,(0.0, 0.0, 0.0),(0.0, 0.0, 0.0, 0.0)
pose_time = 1435213111.27,(0.0, 0.0, 0.0),(0.0, 0.0, 0.0, 0.0)
pose_time = 1435213111.3,(0.0, 0.0, 0.0),(0.0, 0.0, 0.0, 0.0)
pose_time = 1435213111.33,(0.0, 0.0, 0.0),(0.0, 0.0, 0.0, 0.0)
pose_time = 1435213111.37,(0.0, 0.0, 0.0),(0.0, 0.0, 0.0, 0.0)
pose_time = 1435213111.4,(0.0, 0.0, 0.0),(0.0, 0.0, 0.0, 0.0)
pose_time = 1435213111.43,(0.0, 0.0, 0.0),(0.0, 0.0, 0.0, 0.0)
pose_time = 1435213111.47,(0.0, 0.0, 0.0),(0.0, 0.0, 0.0, 0.0)
pose_time = 1435213111.5,(0.0, 0.0, 0.0),(0.0, 0.0, 0.0, 0.0)
pose_time = 1435213111.53,(0.0, 0.0, 0.0),(0.0, 0.0, 0.0, 0.0)
pose_time = 1435213111.57,(0.0, 0.0, 0.0),(0.0, 0.0, 0.0, 0.0)
pose_time = 1435213111.6,(0.0, 0.0, 0.0),(0.0, 0.0, 0.0, 0.0)
pose_time = 1435213111.63,(0.0, 0.0, 0.0),(0.0, 0.0, 0.0, 0.0)
pose_time = 1435213111.67,(0.0, 0.0, 0.0),(0.0, 0.0, 0.0, 0.0)
pose_time = 1435213111.7,(0.0, 0.0, 0.0),(0.0, 0.0, 0.0, 0.0)
pose_time = 1435213111.73,(0.0, 0.0, 0.0),(0.0, 0.0, 0.0, 0.0)
pose_time = 1435213111.77,(0.0, 0.0, 0.0),(0.0, 0.0, 0.0, 0.0)
pose_time = 1435213111.8,(0.0, 0.0, 0.0),(0.0, 0.0, 0.0, 0.0)
pose_time = 1435213111.83,(0.0, 0.0, 0.0),(0.0, 0.0, 0.0, 0.0)
pose_time = 1435213111.87,(0.0, 0.0, 0.0),(0.0, 0.0, 0.0, 0.0)
pose_time = 1435213111.9,(0.0, 0.0, 0.0),(0.0, 0.0, 0.0, 0.0)
pose_time = 1435213111.93,(0.0, 0.0, 0.0),(0.0, 0.0, 0.0, 0.0)
pose_time = 1435213111.97,(0.0, 0.0, 0.0),(0.0, 0.0, 0.0, 0.0)
pose_time = 1435213112.0,(0.0, 0.0, 0.0),(0.0, 0.0, 0.0, 0.0)
pose_time = 1435213112.03,(0.0, 0.0, 0.0),(0.0, 0.0, 0.0, 0.0)
pose_time = 1435213112.07,(0.0, 0.0, 0.0),(0.0, 0.0, 0.0, 0.0)
pose_time = 1435213112.1,(0.0, 0.0, 0.0),(0.0, 0.0, 0.0, 0.0)
pose_time = 1435213112.13,(0.0, 0.0, 0.0),(0.0, 0.0, 0.0, 0.0)
pose_time = 1435213112.17,(0.0, 0.0, 0.0),(0.0, 0.0, 0.0, 0.0)
pose_time = 1435213112.2,(0.0, 0.0, 0.0),(0.0, 0.0, 0.0, 0.0)
pose_time = 1435213112.23,(0.0, 0.0, 0.0),(0.0, 0.0, 0.0, 0.0)
pose_time = 1435213112.27,(0.0, 0.0, 0.0),(0.0, 0.0, 0.0, 0.0)
pose_time = 1435213112.3,(0.0, 0.0, 0.0),(0.0, 0.0, 0.0, 0.0)
pose_time = 1435213112.33,(0.0, 0.0, 0.0),(0.0, 0.0, 0.0, 0.0)
pose_time = 1435213112.37,(0.0, 0.0, 0.0),(0.0, 0.0, 0.0, 0.0)
pose_time = 1435213112.4,(0.0, 0.0, 0.0),(0.0, 0.0, 0.0, 0.0)
pose_time = 1435213112.43,(0.0, 0.0, 0.0),(0.0, 0.0, 0.0, 0.0)
pose_time = 1435213112.47,(0.0, 0.0, 0.0),(0.0, 0.0, 0.0, 0.0)
pose_time = 1435213112.5,(0.0, 0.0, 0.0),(0.0, 0.0, 0.0, 0.0)
pose_time = 1435213112.53,(0.0, 0.0, 0.0),(0.0, 0.0, 0.0, 0.0)
pose_time = 1435213112.57,(0.0, 0.0, 0.0),(0.0, 0.0, 0.0, 0.0)
pose_time = 1435213112.6,(0.0, 0.0, 0.0),(0.0, 0.0, 0.0, 0.0)
pose_time = 1435213112.63,(0.0, 0.0, 0.0),(0.0, 0.0, 0.0, 0.0)
pose_time = 1435213112.67,(0.0, 0.0, 0.0),(0.0, 0.0, 0.0, 0.0)
pose_time = 1435213112.7,(0.0, 0.0, 0.0),(0.0, 0.0, 0.0, 0.0)
pose_time = 1435213112.73,(0.0, 0.0, 0.0),(0.0, 0.0, 0.0, 0.0)
pose_time = 1435213112.77,(0.0, 0.0, 0.0),(0.0, 0.0, 0.0, 0.0)
pose_time = 1435213112.8,(0.0, 0.0, 0.0),(0.0, 0.0, 0.0, 0.0)
pose_time = 1435213112.83,(0.0, 0.0, 0.0),(0.0, 0.0, 0.0, 0.0)
pose_time = 1435213112.87,(0.0, 0.0, 0.0),(0.0, 0.0, 0.0, 0.0)
pose_time = 1435213112.9,(0.0, 0.0, 0.0),(0.0, 0.0, 0.0, 0.0)
pose_time = 1435213112.93,(0.0, 0.0, 0.0),(0.0, 0.0, 0.0, 0.0)
pose_time = 1435213112.97,(0.0, 0.0, 0.0),(0.0, 0.0, 0.0, 0.0)
pose_time = 1435213113.0,(0.0, 0.0, 0.0),(0.0, 0.0, 0.0, 0.0)
pose_time = 1435213113.03,(0.0, 0.0, 0.0),(0.0, 0.0, 0.0, 0.0)
pose_time = 1435213113.07,(0.0, 0.0, 0.0),(0.0, 0.0, 0.0, 0.0)
pose_time = 1435213113.1,(0.0, 0.0, 0.0),(0.0, 0.0, 0.0, 0.0)
pose_time = 1435213113.13,(0.0, 0.0, 0.0),(0.0, 0.0, 0.0, 0.0)
pose_time = 1435213113.17,(0.0, 0.0, 0.0),(0.0, 0.0, 0.0, 0.0)
pose_time = 1435213113.2,(0.0, 0.0, 0.0),(0.0, 0.0, 0.0, 0.0)
pose_time = 1435213113.23,(0.0, 0.0, 0.0),(0.0, 0.0, 0.0, 0.0)
pose_time = 1435213113.27,(0.0, 0.0, 0.0),(0.0, 0.0, 0.0, 0.0)
pose_time = 1435213113.3,(0.0, 0.0, 0.0),(0.0, 0.0, 0.0, 0.0)
pose_time = 1435213113.33,(0.0, 0.0, 0.0),(0.0, 0.0, 0.0, 0.0)
pose_time = 1435213113.37,(0.0, 0.0, 0.0),(0.0, 0.0, 0.0, 0.0)
pose_time = 1435213113.4,(0.0, 0.0, 0.0),(0.0, 0.0, 0.0, 0.0)
pose_time = 1435213113.43,(0.0, 0.0, 0.0),(0.0, 0.0, 0.0, 0.0)
pose_time = 1435213113.47,(0.0, 0.0, 0.0),(0.0, 0.0, 0.0, 0.0)
pose_time = 1435213113.5,(0.0, 0.0, 0.0),(0.0, 0.0, 0.0, 0.0)
pose_time = 1435213113.53,(0.0, 0.0, 0.0),(0.0, 0.0, 0.0, 0.0)
pose_time = 1435213113.57,(0.0, 0.0, 0.0),(0.0, 0.0, 0.0, 0.0)
pose_time = 1435213113.6,(0.0, 0.0, 0.0),(0.0, 0.0, 0.0, 0.0)
pose_time = 1435213113.63,(0.0, 0.0, 0.0),(0.0, 0.0, 0.0, 0.0)
pose_time = 1435213113.67,(0.0, 0.0, 0.0),(0.0, 0.0, 0.0, 0.0)
pose_time = 1435213113.7,(0.0, 0.0, 0.0),(0.0, 0.0, 0.0, 0.0)
pose_time = 1435213113.73,(0.0, 0.0, 0.0),(0.0, 0.0, 0.0, 0.0)
pose_time = 1435213113.77,(0.0, 0.0, 0.0),(0.0, 0.0, 0.0, 0.0)
pose_time = 1435213113.8,(0.0, 0.0, 0.0),(0.0, 0.0, 0.0, 0.0)
pose_time = 1435213113.83,(0.0, 0.0, 0.0),(0.0, 0.0, 0.0, 0.0)
pose_time = 1435213113.87,(0.0, 0.0, 0.0),(0.0, 0.0, 0.0, 0.0)
pose_time = 1435213113.9,(0.0, 0.0, 0.0),(0.0, 0.0, 0.0, 0.0)
pose_time = 1435213113.93,(0.0, 0.0, 0.0),(0.0, 0.0, 0.0, 0.0)
pose_time = 1435213113.97,(0.0, 0.0, 0.0),(0.0, 0.0, 0.0, 0.0)
pose_time = 1435213114.0,(0.0, 0.0, 0.0),(0.0, 0.0, 0.0, 0.0)
pose_time = 1435213114.03,(0.0, 0.0, 0.0),(0.0, 0.0, 0.0, 0.0)
pose_time = 1435213114.07,(0.0, 0.0, 0.0),(0.0, 0.0, 0.0, 0.0)
pose_time = 1435213114.1,(0.0, 0.0, 0.0),(0.0, 0.0, 0.0, 0.0)
pose_time = 1435213114.13,(0.0, 0.0, 0.0),(0.0, 0.0, 0.0, 0.0)
pose_time = 1435213114.17,(0.0, 0.0, 0.0),(0.0, 0.0, 0.0, 0.0)
pose_time = 1435213114.2,(0.0, 0.0, 0.0),(0.0, 0.0, 0.0, 0.0)
pose_time = 1435213114.23,(0.0, 0.0, 0.0),(0.0, 0.0, 0.0, 0.0)
pose_time = 1435213114.27,(0.0, 0.0, 0.0),(0.0, 0.0, 0.0, 0.0)
pose_time = 1435213114.3,(0.0, 0.0, 0.0),(0.0, 0.0, 0.0, 0.0)
pose_time = 1435213114.33,(0.0, 0.0, 0.0),(0.0, 0.0, 0.0, 0.0)
pose_time = 1435213114.37,(0.0, 0.0, 0.0),(0.0, 0.0, 0.0, 0.0)
pose_time = 1435213114.4,(0.0, 0.0, 0.0),(0.0, 0.0, 0.0, 0.0)
pose_time = 1435213114.43,(0.0, 0.0, 0.0),(0.0, 0.0, 0.0, 0.0)
pose_time = 1435213114.47,(0.0, 0.0, 0.0),(0.0, 0.0, 0.0, 0.0)
pose_time = 1435213114.5,(0.0, 0.0, 0.0),(0.0, 0.0, 0.0, 0.0)
pose_time = 1435213114.53,(0.0, 0.0, 0.0),(0.0, 0.0, 0.0, 0.0)
pose_time = 1435213114.57,(0.0, 0.0, 0.0),(0.0, 0.0, 0.0, 0.0)
pose_time = 1435213114.6,(0.0, 0.0, 0.0),(0.0, 0.0, 0.0, 0.0)
pose_time = 1435213114.63,(0.0, 0.0, 0.0),(0.0, 0.0, 0.0, 0.0)
pose_time = 1435213114.67,(0.0, 0.0, 0.0),(0.0, 0.0, 0.0, 0.0)
pose_time = 1435213114.7,(0.0, 0.0, 0.0),(0.0, 0.0, 0.0, 0.0)
pose_time = 1435213114.73,(0.0, 0.0, 0.0),(0.0, 0.0, 0.0, 0.0)
pose_time = 1435213114.77,(0.0, 0.0, 0.0),(0.0, 0.0, 0.0, 0.0)
pose_time = 1435213114.8,(0.0, 0.0, 0.0),(0.0, 0.0, 0.0, 0.0)
pose_time = 1435213114.83,(0.0, 0.0, 0.0),(0.0, 0.0, 0.0, 0.0)
pose_time = 1435213114.87,(0.0, 0.0, 0.0),(0.0, 0.0, 0.0, 0.0)
pose_time = 1435213114.9,(0.0, 0.0, 0.0),(0.0, 0.0, 0.0, 0.0)
pose_time = 1435213114.93,(0.0, 0.0, 0.0),(0.0, 0.0, 0.0, 0.0)
pose_time = 1435213114.97,(0.0, 0.0, 0.0),(0.0, 0.0, 0.0, 0.0)
pose_time = 1435213115.0,(0.0, 0.0, 0.0),(0.0, 0.0, 0.0, 0.0)
pose_time = 1435213115.03,(0.0, 0.0, 0.0),(0.0, 0.0, 0.0, 0.0)
pose_time = 1435213115.07,(0.0, 0.0, 0.0),(0.0, 0.0, 0.0, 0.0)
pose_time = 1435213115.1,(0.0, 0.0, 0.0),(0.0, 0.0, 0.0, 0.0)
pose_time = 1435213115.13,(0.0, 0.0, 0.0),(0.0, 0.0, 0.0, 0.0)
pose_time = 1435213115.17,(0.0, 0.0, 0.0),(0.0, 0.0, 0.0, 0.0)
pose_time = 1435213115.2,(0.0, 0.0, 0.0),(0.0, 0.0, 0.0, 0.0)
pose_time = 1435213115.23,(0.0, 0.0, 0.0),(0.0, 0.0, 0.0, 0.0)
pose_time = 1435213115.27,(0.0, 0.0, 0.0),(0.0, 0.0, 0.0, 0.0)
pose_time = 1435213115.3,(0.0, 0.0, 0.0),(0.0, 0.0, 0.0, 0.0)
pose_time = 1435213115.33,(0.0, 0.0, 0.0),(0.0, 0.0, 0.0, 0.0)
pose_time = 1435213115.37,(0.0, 0.0, 0.0),(0.0, 0.0, 0.0, 0.0)
pose_time = 1435213115.4,(0.0, 0.0, 0.0),(0.0, 0.0, 0.0, 0.0)
pose_time = 1435213115.43,(0.0, 0.0, 0.0),(0.0, 0.0, 0.0, 0.0)
pose_time = 1435213115.47,(0.0, 0.0, 0.0),(0.0, 0.0, 0.0, 0.0)
pose_time = 1435213115.5,(0.0, 0.0, 0.0),(0.0, 0.0, 0.0, 0.0)
pose_time = 1435213115.53,(0.0, 0.0, 0.0),(0.0, 0.0, 0.0, 0.0)
pose_time = 1435213115.57,(0.0, 0.0, 0.0),(0.0, 0.0, 0.0, 0.0)
pose_time = 1435213115.6,(0.0, 0.0, 0.0),(0.0, 0.0, 0.0, 0.0)
pose_time = 1435213115.63,(0.0, 0.0, 0.0),(0.0, 0.0, 0.0, 0.0)
pose_time = 1435213115.67,(0.0, 0.0, 0.0),(0.0, 0.0, 0.0, 0.0)
pose_time = 1435213115.7,(0.0, 0.0, 0.0),(0.0, 0.0, 0.0, 0.0)
pose_time = 1435213115.73,(0.0, 0.0, 0.0),(0.0, 0.0, 0.0, 0.0)
pose_time = 1435213115.77,(0.0, 0.0, 0.0),(0.0, 0.0, 0.0, 0.0)
pose_time = 1435213115.8,(0.0, 0.0, 0.0),(0.0, 0.0, 0.0, 0.0)
pose_time = 1435213115.83,(0.0, 0.0, 0.0),(0.0, 0.0, 0.0, 0.0)
pose_time = 1435213115.87,(0.0, 0.0, 0.0),(0.0, 0.0, 0.0, 0.0)
pose_time = 1435213115.9,(0.0, 0.0, 0.0),(0.0, 0.0, 0.0, 0.0)
pose_time = 1435213115.93,(0.0, 0.0, 0.0),(0.0, 0.0, 0.0, 0.0)
pose_time = 1435213115.97,(0.0, 0.0, 0.0),(0.0, 0.0, 0.0, 0.0)
pose_time = 1435213116.0,(0.0, 0.0, 0.0),(0.0, 0.0, 0.0, 0.0)
pose_time = 1435213116.03,(0.0, 0.0, 0.0),(0.0, 0.0, 0.0, 0.0)
pose_time = 1435213116.07,(0.0, 0.0, 0.0),(0.0, 0.0, 0.0, 0.0)
pose_time = 1435213116.1,(0.0, 0.0, 0.0),(0.0, 0.0, 0.0, 0.0)
pose_time = 1435213116.13,(0.0, 0.0, 0.0),(0.0, 0.0, 0.0, 0.0)
pose_time = 1435213116.17,(0.0, 0.0, 0.0),(0.0, 0.0, 0.0, 0.0)
pose_time = 1435213116.2,(0.0, 0.0, 0.0),(0.0, 0.0, 0.0, 0.0)
pose_time = 1435213116.23,(0.0, 0.0, 0.0),(0.0, 0.0, 0.0, 0.0)
pose_time = 1435213116.27,(0.0, 0.0, 0.0),(0.0, 0.0, 0.0, 0.0)
pose_time = 1435213116.3,(0.0, 0.0, 0.0),(0.0, 0.0, 0.0, 0.0)
pose_time = 1435213116.33,(0.0, 0.0, 0.0),(0.0, 0.0, 0.0, 0.0)
pose_time = 1435213116.37,(0.0, 0.0, 0.0),(0.0, 0.0, 0.0, 0.0)
pose_time = 1435213116.4,(0.0, 0.0, 0.0),(0.0, 0.0, 0.0, 0.0)
pose_time = 1435213116.43,(0.0, 0.0, 0.0),(0.0, 0.0, 0.0, 0.0)
pose_time = 1435213116.47,(0.0, 0.0, 0.0),(0.0, 0.0, 0.0, 0.0)
pose_time = 1435213116.5,(0.0, 0.0, 0.0),(0.0, 0.0, 0.0, 0.0)
pose_time = 1435213116.53,(0.0, 0.0, 0.0),(0.0, 0.0, 0.0, 0.0)
pose_time = 1435213116.57,(0.0, 0.0, 0.0),(0.0, 0.0, 0.0, 0.0)
pose_time = 1435213116.6,(0.0, 0.0, 0.0),(0.0, 0.0, 0.0, 0.0)
pose_time = 1435213116.63,(0.0, 0.0, 0.0),(0.0, 0.0, 0.0, 0.0)
pose_time = 1435213116.67,(0.0, 0.0, 0.0),(0.0, 0.0, 0.0, 0.0)
pose_time = 1435213116.7,(0.0, 0.0, 0.0),(0.0, 0.0, 0.0, 0.0)
pose_time = 1435213116.73,(0.0, 0.0, 0.0),(0.0, 0.0, 0.0, 0.0)
pose_time = 1435213116.77,(0.0, 0.0, 0.0),(0.0, 0.0, 0.0, 0.0)
pose_time = 1435213116.8,(0.0, 0.0, 0.0),(0.0, 0.0, 0.0, 0.0)
pose_time = 1435213116.83,(0.0, 0.0, 0.0),(0.0, 0.0, 0.0, 0.0)
pose_time = 1435213116.87,(0.0, 0.0, 0.0),(0.0, 0.0, 0.0, 0.0)
pose_time = 1435213116.9,(0.0, 0.0, 0.0),(0.0, 0.0, 0.0, 0.0)
pose_time = 1435213116.93,(0.0, 0.0, 0.0),(0.0, 0.0, 0.0, 0.0)
pose_time = 1435213116.97,(0.0, 0.0, 0.0),(0.0, 0.0, 0.0, 0.0)
pose_time = 1435213117.0,(0.0, 0.0, 0.0),(0.0, 0.0, 0.0, 0.0)
pose_time = 1435213117.03,(0.0, 0.0, 0.0),(0.0, 0.0, 0.0, 0.0)
pose_time = 1435213117.07,(0.0, 0.0, 0.0),(0.0, 0.0, 0.0, 0.0)
pose_time = 1435213117.1,(0.0, 0.0, 0.0),(0.0, 0.0, 0.0, 0.0)
pose_time = 1435213117.13,(0.0, 0.0, 0.0),(0.0, 0.0, 0.0, 0.0)
pose_time = 1435213117.17,(0.0, 0.0, 0.0),(0.0, 0.0, 0.0, 0.0)
pose_time = 1435213117.2,(0.0, 0.0, 0.0),(0.0, 0.0, 0.0, 0.0)
pose_time = 1435213117.23,(0.0, 0.0, 0.0),(0.0, 0.0, 0.0, 0.0)
pose_time = 1435213117.27,(0.0, 0.0, 0.0),(0.0, 0.0, 0.0, 0.0)
pose_time = 1435213117.3,(0.0, 0.0, 0.0),(0.0, 0.0, 0.0, 0.0)
pose_time = 1435213117.33,(0.0, 0.0, 0.0),(0.0, 0.0, 0.0, 0.0)
pose_time = 1435213117.37,(0.0, 0.0, 0.0),(0.0, 0.0, 0.0, 0.0)
pose_time = 1435213117.4,(0.0, 0.0, 0.0),(0.0, 0.0, 0.0, 0.0)
pose_time = 1435213117.43,(0.0, 0.0, 0.0),(0.0, 0.0, 0.0, 0.0)
pose_time = 1435213117.47,(0.0, 0.0, 0.0),(0.0, 0.0, 0.0, 0.0)
pose_time = 1435213117.5,(0.0, 0.0, 0.0),(0.0, 0.0, 0.0, 0.0)
pose_time = 1435213117.53,(0.0, 0.0, 0.0),(0.0, 0.0, 0.0, 0.0)
pose_time = 1435213117.57,(0.0, 0.0, 0.0),(0.0, 0.0, 0.0, 0.0)
pose_time = 1435213117.6,(0.0, 0.0, 0.0),(0.0, 0.0, 0.0, 0.0)
pose_time = 1435213117.63,(0.0, 0.0, 0.0),(0.0, 0.0, 0.0, 0.0)
pose_time = 1435213117.67,(0.0, 0.0, 0.0),(0.0, 0.0, 0.0, 0.0)
pose_time = 1435213117.7,(0.0, 0.0, 0.0),(0.0, 0.0, 0.0, 0.0)
pose_time = 1435213117.73,(0.0, 0.0, 0.0),(0.0, 0.0, 0.0, 0.0)
pose_time = 1435213117.77,(0.0, 0.0, 0.0),(0.0, 0.0, 0.0, 0.0)
pose_time = 1435213117.8,(0.0, 0.0, 0.0),(0.0, 0.0, 0.0, 0.0)
pose_time = 1435213117.83,(0.0, 0.0, 0.0),(0.0, 0.0, 0.0, 0.0)
pose_time = 1435213117.87,(0.0, 0.0, 0.0),(0.0, 0.0, 0.0, 0.0)
pose_time = 1435213117.9,(0.0, 0.0, 0.0),(0.0, 0.0, 0.0, 0.0)
pose_time = 1435213117.93,(0.0, 0.0, 0.0),(0.0, 0.0, 0.0, 0.0)
pose_time = 1435213117.97,(0.0, 0.0, 0.0),(0.0, 0.0, 0.0, 0.0)
pose_time = 1435213118.0,(0.0, 0.0, 0.0),(0.0, 0.0, 0.0, 0.0)
pose_time = 1435213118.03,(0.0, 0.0, 0.0),(0.0, 0.0, 0.0, 0.0)
pose_time = 1435213118.07,(0.0, 0.0, 0.0),(0.0, 0.0, 0.0, 0.0)
pose_time = 1435213118.1,(0.0, 0.0, 0.0),(0.0, 0.0, 0.0, 0.0)
pose_time = 1435213118.13,(0.0, 0.0, 0.0),(0.0, 0.0, 0.0, 0.0)
pose_time = 1435213118.17,(0.0, 0.0, 0.0),(0.0, 0.0, 0.0, 0.0)
pose_time = 1435213118.2,(0.0, 0.0, 0.0),(0.0, 0.0, 0.0, 0.0)
pose_time = 1435213118.23,(0.0, 0.0, 0.0),(0.0, 0.0, 0.0, 0.0)
pose_time = 1435213118.27,(0.0, 0.0, 0.0),(0.0, 0.0, 0.0, 0.0)
pose_time = 1435213118.3,(0.0, 0.0, 0.0),(0.0, 0.0, 0.0, 0.0)
pose_time = 1435213118.33,(0.0, 0.0, 0.0),(0.0, 0.0, 0.0, 0.0)
pose_time = 1435213118.37,(0.0, 0.0, 0.0),(0.0, 0.0, 0.0, 0.0)
pose_time = 1435213118.4,(0.0, 0.0, 0.0),(0.0, 0.0, 0.0, 0.0)
pose_time = 1435213118.43,(0.0, 0.0, 0.0),(0.0, 0.0, 0.0, 0.0)
pose_time = 1435213118.47,(0.0, 0.0, 0.0),(0.0, 0.0, 0.0, 0.0)
pose_time = 1435213118.5,(0.0, 0.0, 0.0),(0.0, 0.0, 0.0, 0.0)
pose_time = 1435213118.53,(0.0, 0.0, 0.0),(0.0, 0.0, 0.0, 0.0)
pose_time = 1435213118.57,(0.0, 0.0, 0.0),(0.0, 0.0, 0.0, 0.0)
pose_time = 1435213118.6,(0.0, 0.0, 0.0),(0.0, 0.0, 0.0, 0.0)
pose_time = 1435213118.63,(0.0, 0.0, 0.0),(0.0, 0.0, 0.0, 0.0)
pose_time = 1435213118.67,(0.0, 0.0, 0.0),(0.0, 0.0, 0.0, 0.0)
pose_time = 1435213118.7,(0.0, 0.0, 0.0),(0.0, 0.0, 0.0, 0.0)
pose_time = 1435213118.73,(0.0, 0.0, 0.0),(0.0, 0.0, 0.0, 0.0)
pose_time = 1435213118.77,(0.0, 0.0, 0.0),(0.0, 0.0, 0.0, 0.0)
pose_time = 1435213118.8,(0.0, 0.0, 0.0),(0.0, 0.0, 0.0, 0.0)
pose_time = 1435213118.83,(0.0, 0.0, 0.0),(0.0, 0.0, 0.0, 0.0)
pose_time = 1435213118.87,(0.0, 0.0, 0.0),(0.0, 0.0, 0.0, 0.0)
pose_time = 1435213118.9,(0.0, 0.0, 0.0),(0.0, 0.0, 0.0, 0.0)
pose_time = 1435213118.93,(0.0, 0.0, 0.0),(0.0, 0.0, 0.0, 0.0)
pose_time = 1435213118.97,(0.0, 0.0, 0.0),(0.0, 0.0, 0.0, 0.0)
pose_time = 1435213119.0,(0.0, 0.0, 0.0),(0.0, 0.0, 0.0, 0.0)
pose_time = 1435213119.03,(0.0, 0.0, 0.0),(0.0, 0.0, 0.0, 0.0)
pose_time = 1435213119.07,(0.0, 0.0, 0.0),(0.0, 0.0, 0.0, 0.0)
pose_time = 1435213119.1,(0.0, 0.0, 0.0),(0.0, 0.0, 0.0, 0.0)
pose_time = 1435213119.13,(0.0, 0.0, 0.0),(0.0, 0.0, 0.0, 0.0)
pose_time = 1435213119.17,(0.0, 0.0, 0.0),(0.0, 0.0, 0.0, 0.0)
pose_time = 1435213119.2,(0.0, 0.0, 0.0),(0.0, 0.0, 0.0, 0.0)
pose_time = 1435213119.23,(0.0, 0.0, 0.0),(0.0, 0.0, 0.0, 0.0)
pose_time = 1435213119.27,(0.0, 0.0, 0.0),(0.0, 0.0, 0.0, 0.0)
pose_time = 1435213119.3,(0.0, 0.0, 0.0),(0.0, 0.0, 0.0, 0.0)
pose_time = 1435213119.33,(0.0, 0.0, 0.0),(0.0, 0.0, 0.0, 0.0)
pose_time = 1435213119.37,(0.0, 0.0, 0.0),(0.0, 0.0, 0.0, 0.0)
pose_time = 1435213119.4,(0.0, 0.0, 0.0),(0.0, 0.0, 0.0, 0.0)
pose_time = 1435213119.43,(0.0, 0.0, 0.0),(0.0, 0.0, 0.0, 0.0)
pose_time = 1435213119.47,(0.0, 0.0, 0.0),(0.0, 0.0, 0.0, 0.0)
pose_time = 1435213119.5,(0.0, 0.0, 0.0),(0.0, 0.0, 0.0, 0.0)
pose_time = 1435213119.53,(0.0, 0.0, 0.0),(0.0, 0.0, 0.0, 0.0)
pose_time = 1435213119.57,(0.0, 0.0, 0.0),(0.0, 0.0, 0.0, 0.0)
pose_time = 1435213119.6,(0.0, 0.0, 0.0),(0.0, 0.0, 0.0, 0.0)
pose_time = 1435213119.63,(0.0, 0.0, 0.0),(0.0, 0.0, 0.0, 0.0)
pose_time = 1435213119.67,(0.0, 0.0, 0.0),(0.0, 0.0, 0.0, 0.0)
pose_time = 1435213119.7,(0.0, 0.0, 0.0),(0.0, 0.0, 0.0, 0.0)
pose_time = 1435213119.73,(0.0, 0.0, 0.0),(0.0, 0.0, 0.0, 0.0)
pose_time = 1435213119.77,(0.0, 0.0, 0.0),(0.0, 0.0, 0.0, 0.0)
pose_time = 1435213119.8,(0.0, 0.0, 0.0),(0.0, 0.0, 0.0, 0.0)
pose_time = 1435213119.83,(0.0, 0.0, 0.0),(0.0, 0.0, 0.0, 0.0)
pose_time = 1435213119.87,(0.0, 0.0, 0.0),(0.0, 0.0, 0.0, 0.0)
pose_time = 1435213119.9,(0.0, 0.0, 0.0),(0.0, 0.0, 0.0, 0.0)
pose_time = 1435213119.93,(0.0, 0.0, 0.0),(0.0, 0.0, 0.0, 0.0)
pose_time = 1435213119.97,(0.0, 0.0, 0.0),(0.0, 0.0, 0.0, 0.0)
pose_time = 1435213120.0,(0.0, 0.0, 0.0),(0.0, 0.0, 0.0, 0.0)
pose_time = 1435213120.03,(0.0, 0.0, 0.0),(0.0, 0.0, 0.0, 0.0)
pose_time = 1435213120.07,(0.0, 0.0, 0.0),(0.0, 0.0, 0.0, 0.0)
pose_time = 1435213120.1,(0.0, 0.0, 0.0),(0.0, 0.0, 0.0, 0.0)
pose_time = 1435213120.13,(0.0, 0.0, 0.0),(0.0, 0.0, 0.0, 0.0)
pose_time = 1435213120.17,(0.0, 0.0, 0.0),(0.0, 0.0, 0.0, 0.0)
pose_time = 1435213120.2,(0.0, 0.0, 0.0),(0.0, 0.0, 0.0, 0.0)
pose_time = 1435213120.23,(0.0, 0.0, 0.0),(0.0, 0.0, 0.0, 0.0)
pose_time = 1435213120.27,(0.0, 0.0, 0.0),(0.0, 0.0, 0.0, 0.0)
pose_time = 1435213120.3,(0.0, 0.0, 0.0),(0.0, 0.0, 0.0, 0.0)
pose_time = 1435213120.33,(0.0, 0.0, 0.0),(0.0, 0.0, 0.0, 0.0)
pose_time = 1435213120.37,(0.0, 0.0, 0.0),(0.0, 0.0, 0.0, 0.0)
pose_time = 1435213120.4,(0.0, 0.0, 0.0),(0.0, 0.0, 0.0, 0.0)
pose_time = 1435213120.43,(0.0, 0.0, 0.0),(0.0, 0.0, 0.0, 0.0)
pose_time = 1435213120.47,(0.0, 0.0, 0.0),(0.0, 0.0, 0.0, 0.0)
pose_time = 1435213120.5,(0.0, 0.0, 0.0),(0.0, 0.0, 0.0, 0.0)
pose_time = 1435213120.53,(0.0, 0.0, 0.0),(0.0, 0.0, 0.0, 0.0)
pose_time = 1435213120.57,(0.0, 0.0, 0.0),(0.0, 0.0, 0.0, 0.0)
pose_time = 1435213120.6,(0.0, 0.0, 0.0),(0.0, 0.0, 0.0, 0.0)
pose_time = 1435213120.63,(0.0, 0.0, 0.0),(0.0, 0.0, 0.0, 0.0)
pose_time = 1435213120.67,(0.0, 0.0, 0.0),(0.0, 0.0, 0.0, 0.0)
pose_time = 1435213120.7,(0.0, 0.0, 0.0),(0.0, 0.0, 0.0, 0.0)
pose_time = 1435213120.73,(0.0, 0.0, 0.0),(0.0, 0.0, 0.0, 0.0)
pose_time = 1435213120.77,(0.0, 0.0, 0.0),(0.0, 0.0, 0.0, 0.0)
pose_time = 1435213120.8,(0.0, 0.0, 0.0),(0.0, 0.0, 0.0, 0.0)
pose_time = 1435213120.83,(0.0, 0.0, 0.0),(0.0, 0.0, 0.0, 0.0)
pose_time = 1435213120.87,(0.0, 0.0, 0.0),(0.0, 0.0, 0.0, 0.0)
pose_time = 1435213120.9,(0.0, 0.0, 0.0),(0.0, 0.0, 0.0, 0.0)
pose_time = 1435213120.93,(0.0, 0.0, 0.0),(0.0, 0.0, 0.0, 0.0)
pose_time = 1435213120.97,(0.0, 0.0, 0.0),(0.0, 0.0, 0.0, 0.0)
pose_time = 1435213121.0,(0.0, 0.0, 0.0),(0.0, 0.0, 0.0, 0.0)
pose_time = 1435213121.03,(0.0, 0.0, 0.0),(0.0, 0.0, 0.0, 0.0)
pose_time = 1435213121.07,(0.0, 0.0, 0.0),(0.0, 0.0, 0.0, 0.0)
pose_time = 1435213121.1,(0.0, 0.0, 0.0),(0.0, 0.0, 0.0, 0.0)
pose_time = 1435213121.13,(0.0, 0.0, 0.0),(0.0, 0.0, 0.0, 0.0)
pose_time = 1435213121.17,(0.0, 0.0, 0.0),(0.0, 0.0, 0.0, 0.0)
pose_time = 1435213121.2,(0.0, 0.0, 0.0),(0.0, 0.0, 0.0, 0.0)
pose_time = 1435213121.23,(0.0, 0.0, 0.0),(0.0, 0.0, 0.0, 0.0)
pose_time = 1435213121.27,(0.0, 0.0, 0.0),(0.0, 0.0, 0.0, 0.0)
pose_time = 1435213121.3,(0.0, 0.0, 0.0),(0.0, 0.0, 0.0, 0.0)
pose_time = 1435213121.33,(0.0, 0.0, 0.0),(0.0, 0.0, 0.0, 0.0)
pose_time = 1435213121.37,(0.0, 0.0, 0.0),(0.0, 0.0, 0.0, 0.0)
pose_time = 1435213121.4,(0.0, 0.0, 0.0),(0.0, 0.0, 0.0, 0.0)
pose_time = 1435213121.43,(0.0, 0.0, 0.0),(0.0, 0.0, 0.0, 0.0)
pose_time = 1435213121.47,(0.0, 0.0, 0.0),(0.0, 0.0, 0.0, 0.0)
pose_time = 1435213121.5,(0.0, 0.0, 0.0),(0.0, 0.0, 0.0, 0.0)
pose_time = 1435213121.53,(0.0, 0.0, 0.0),(0.0, 0.0, 0.0, 0.0)
pose_time = 1435213121.57,(0.0, 0.0, 0.0),(0.0, 0.0, 0.0, 0.0)
pose_time = 1435213121.6,(0.0, 0.0, 0.0),(0.0, 0.0, 0.0, 0.0)
pose_time = 1435213121.63,(0.0, 0.0, 0.0),(0.0, 0.0, 0.0, 0.0)
pose_time = 1435213121.67,(0.0, 0.0, 0.0),(0.0, 0.0, 0.0, 0.0)
pose_time = 1435213121.7,(0.0, 0.0, 0.0),(0.0, 0.0, 0.0, 0.0)
pose_time = 1435213121.73,(0.0, 0.0, 0.0),(0.0, 0.0, 0.0, 0.0)
pose_time = 1435213121.77,(0.0, 0.0, 0.0),(0.0, 0.0, 0.0, 0.0)
pose_time = 1435213121.8,(0.0, 0.0, 0.0),(0.0, 0.0, 0.0, 0.0)
pose_time = 1435213121.83,(0.0, 0.0, 0.0),(0.0, 0.0, 0.0, 0.0)
pose_time = 1435213121.87,(0.0, 0.0, 0.0),(0.0, 0.0, 0.0, 0.0)
pose_time = 1435213121.9,(0.0, 0.0, 0.0),(0.0, 0.0, 0.0, 0.0)
pose_time = 1435213121.93,(0.0, 0.0, 0.0),(0.0, 0.0, 0.0, 0.0)
pose_time = 1435213121.97,(0.0, 0.0, 0.0),(0.0, 0.0, 0.0, 0.0)
pose_time = 1435213122.0,(0.0, 0.0, 0.0),(0.0, 0.0, 0.0, 0.0)
pose_time = 1435213122.03,(0.0, 0.0, 0.0),(0.0, 0.0, 0.0, 0.0)
pose_time = 1435213122.07,(0.0, 0.0, 0.0),(0.0, 0.0, 0.0, 0.0)
pose_time = 1435213122.1,(0.0, 0.0, 0.0),(0.0, 0.0, 0.0, 0.0)
pose_time = 1435213122.13,(0.0, 0.0, 0.0),(0.0, 0.0, 0.0, 0.0)
pose_time = 1435213122.17,(0.0, 0.0, 0.0),(0.0, 0.0, 0.0, 0.0)
pose_time = 1435213122.2,(0.0, 0.0, 0.0),(0.0, 0.0, 0.0, 0.0)
pose_time = 1435213122.23,(0.0, 0.0, 0.0),(0.0, 0.0, 0.0, 0.0)
pose_time = 1435213122.27,(0.0, 0.0, 0.0),(0.0, 0.0, 0.0, 0.0)
pose_time = 1435213122.3,(0.0, 0.0, 0.0),(0.0, 0.0, 0.0, 0.0)
pose_time = 1435213122.33,(0.0, 0.0, 0.0),(0.0, 0.0, 0.0, 0.0)
pose_time = 1435213122.37,(0.0, 0.0, 0.0),(0.0, 0.0, 0.0, 0.0)
pose_time = 1435213122.4,(0.0, 0.0, 0.0),(0.0, 0.0, 0.0, 0.0)
pose_time = 1435213122.43,(0.0, 0.0, 0.0),(0.0, 0.0, 0.0, 0.0)
pose_time = 1435213122.47,(0.0, 0.0, 0.0),(0.0, 0.0, 0.0, 0.0)
pose_time = 1435213122.5,(0.0, 0.0, 0.0),(0.0, 0.0, 0.0, 0.0)
pose_time = 1435213122.53,(0.0, 0.0, 0.0),(0.0, 0.0, 0.0, 0.0)
pose_time = 1435213122.57,(0.0, 0.0, 0.0),(0.0, 0.0, 0.0, 0.0)
pose_time = 1435213122.6,(0.0, 0.0, 0.0),(0.0, 0.0, 0.0, 0.0)
pose_time = 1435213122.63,(0.0, 0.0, 0.0),(0.0, 0.0, 0.0, 0.0)
pose_time = 1435213122.67,(0.0, 0.0, 0.0),(0.0, 0.0, 0.0, 0.0)
pose_time = 1435213122.7,(0.0, 0.0, 0.0),(0.0, 0.0, 0.0, 0.0)
pose_time = 1435213122.73,(0.0, 0.0, 0.0),(0.0, 0.0, 0.0, 0.0)
pose_time = 1435213122.77,(0.0, 0.0, 0.0),(0.0, 0.0, 0.0, 0.0)
pose_time = 1435213122.8,(0.0, 0.0, 0.0),(0.0, 0.0, 0.0, 0.0)
pose_time = 1435213122.83,(0.0, 0.0, 0.0),(0.0, 0.0, 0.0, 0.0)
pose_time = 1435213122.87,(0.0, 0.0, 0.0),(0.0, 0.0, 0.0, 0.0)
pose_time = 1435213122.9,(0.0, 0.0, 0.0),(0.0, 0.0, 0.0, 0.0)
pose_time = 1435213122.93,(0.0, 0.0, 0.0),(0.0, 0.0, 0.0, 0.0)
pose_time = 1435213122.97,(0.0, 0.0, 0.0),(0.0, 0.0, 0.0, 0.0)
pose_time = 1435213123.0,(0.0, 0.0, 0.0),(0.0, 0.0, 0.0, 0.0)
pose_time = 1435213123.03,(0.0, 0.0, 0.0),(0.0, 0.0, 0.0, 0.0)
pose_time = 1435213123.07,(0.0, 0.0, 0.0),(0.0, 0.0, 0.0, 0.0)
pose_time = 1435213123.1,(0.0, 0.0, 0.0),(0.0, 0.0, 0.0, 0.0)
pose_time = 1435213123.13,(0.0, 0.0, 0.0),(0.0, 0.0, 0.0, 0.0)
pose_time = 1435213123.17,(0.0, 0.0, 0.0),(0.0, 0.0, 0.0, 0.0)
pose_time = 1435213123.2,(0.0, 0.0, 0.0),(0.0, 0.0, 0.0, 0.0)
pose_time = 1435213123.23,(0.0, 0.0, 0.0),(0.0, 0.0, 0.0, 0.0)
pose_time = 1435213123.27,(0.0, 0.0, 0.0),(0.0, 0.0, 0.0, 0.0)
pose_time = 1435213123.3,(0.0, 0.0, 0.0),(0.0, 0.0, 0.0, 0.0)
pose_time = 1435213123.33,(0.0, 0.0, 0.0),(0.0, 0.0, 0.0, 0.0)
pose_time = 1435213123.37,(0.0, 0.0, 0.0),(0.0, 0.0, 0.0, 0.0)
pose_time = 1435213123.4,(0.0, 0.0, 0.0),(0.0, 0.0, 0.0, 0.0)
pose_time = 1435213123.43,(0.0, 0.0, 0.0),(0.0, 0.0, 0.0, 0.0)
pose_time = 1435213123.47,(0.0, 0.0, 0.0),(0.0, 0.0, 0.0, 0.0)
pose_time = 1435213123.5,(0.0, 0.0, 0.0),(0.0, 0.0, 0.0, 0.0)
pose_time = 1435213123.53,(0.0, 0.0, 0.0),(0.0, 0.0, 0.0, 0.0)
pose_time = 1435213123.57,(0.0, 0.0, 0.0),(0.0, 0.0, 0.0, 0.0)
pose_time = 1435213123.6,(0.0, 0.0, 0.0),(0.0, 0.0, 0.0, 0.0)
pose_time = 1435213123.63,(0.0, 0.0, 0.0),(0.0, 0.0, 0.0, 0.0)
pose_time = 1435213123.67,(0.0, 0.0, 0.0),(0.0, 0.0, 0.0, 0.0)
pose_time = 1435213123.7,(0.0, 0.0, 0.0),(0.0, 0.0, 0.0, 0.0)
pose_time = 1435213123.73,(0.0, 0.0, 0.0),(0.0, 0.0, 0.0, 0.0)
pose_time = 1435213123.77,(0.0, 0.0, 0.0),(0.0, 0.0, 0.0, 0.0)
pose_time = 1435213123.8,(0.0, 0.0, 0.0),(0.0, 0.0, 0.0, 0.0)
pose_time = 1435213123.83,(0.0, 0.0, 0.0),(0.0, 0.0, 0.0, 0.0)
pose_time = 1435213123.87,(0.0, 0.0, 0.0),(0.0, 0.0, 0.0, 0.0)
pose_time = 1435213123.9,(0.0, 0.0, 0.0),(0.0, 0.0, 0.0, 0.0)
pose_time = 1435213123.93,(0.0, 0.0, 0.0),(0.0, 0.0, 0.0, 0.0)
pose_time = 1435213123.97,(0.0, 0.0, 0.0),(0.0, 0.0, 0.0, 0.0)
pose_time = 1435213124.0,(0.0, 0.0, 0.0),(0.0, 0.0, 0.0, 0.0)
pose_time = 1435213124.03,(0.0, 0.0, 0.0),(0.0, 0.0, 0.0, 0.0)
pose_time = 1435213124.07,(0.0, 0.0, 0.0),(0.0, 0.0, 0.0, 0.0)
pose_time = 1435213124.1,(0.0, 0.0, 0.0),(0.0, 0.0, 0.0, 0.0)
pose_time = 1435213124.13,(0.0, 0.0, 0.0),(0.0, 0.0, 0.0, 0.0)
pose_time = 1435213124.17,(0.0, 0.0, 0.0),(0.0, 0.0, 0.0, 0.0)
pose_time = 1435213124.2,(0.0, 0.0, 0.0),(0.0, 0.0, 0.0, 0.0)
pose_time = 1435213124.23,(0.0, 0.0, 0.0),(0.0, 0.0, 0.0, 0.0)
pose_time = 1435213124.27,(0.0, 0.0, 0.0),(0.0, 0.0, 0.0, 0.0)
pose_time = 1435213124.3,(0.0, 0.0, 0.0),(0.0, 0.0, 0.0, 0.0)
pose_time = 1435213124.33,(0.0, 0.0, 0.0),(0.0, 0.0, 0.0, 0.0)
pose_time = 1435213124.37,(0.0, 0.0, 0.0),(0.0, 0.0, 0.0, 0.0)
pose_time = 1435213124.4,(0.0, 0.0, 0.0),(0.0, 0.0, 0.0, 0.0)
pose_time = 1435213124.43,(0.0, 0.0, 0.0),(0.0, 0.0, 0.0, 0.0)
pose_time = 1435213124.47,(0.0, 0.0, 0.0),(0.0, 0.0, 0.0, 0.0)
pose_time = 1435213124.5,(0.0, 0.0, 0.0),(0.0, 0.0, 0.0, 0.0)
pose_time = 1435213124.53,(0.0, 0.0, 0.0),(0.0, 0.0, 0.0, 0.0)
pose_time = 1435213124.57,(0.0, 0.0, 0.0),(0.0, 0.0, 0.0, 0.0)
pose_time = 1435213124.6,(0.0, 0.0, 0.0),(0.0, 0.0, 0.0, 0.0)
pose_time = 1435213124.63,(0.0, 0.0, 0.0),(0.0, 0.0, 0.0, 0.0)
pose_time = 1435213124.67,(0.0, 0.0, 0.0),(0.0, 0.0, 0.0, 0.0)
pose_time = 1435213124.7,(0.0, 0.0, 0.0),(0.0, 0.0, 0.0, 0.0)
pose_time = 1435213124.73,(0.0, 0.0, 0.0),(0.0, 0.0, 0.0, 0.0)
pose_time = 1435213124.77,(0.0, 0.0, 0.0),(0.0, 0.0, 0.0, 0.0)
pose_time = 1435213124.8,(0.0, 0.0, 0.0),(0.0, 0.0, 0.0, 0.0)
pose_time = 1435213124.83,(0.0, 0.0, 0.0),(0.0, 0.0, 0.0, 0.0)
pose_time = 1435213124.87,(0.0, 0.0, 0.0),(0.0, 0.0, 0.0, 0.0)
pose_time = 1435213124.9,(0.0, 0.0, 0.0),(0.0, 0.0, 0.0, 0.0)
pose_time = 1435213124.93,(0.0, 0.0, 0.0),(0.0, 0.0, 0.0, 0.0)
pose_time = 1435213124.97,(0.0, 0.0, 0.0),(0.0, 0.0, 0.0, 0.0)
pose_time = 1435213125.0,(0.0, 0.0, 0.0),(0.0, 0.0, 0.0, 0.0)
pose_time = 1435213125.03,(0.0, 0.0, 0.0),(0.0, 0.0, 0.0, 0.0)
pose_time = 1435213125.07,(0.0, 0.0, 0.0),(0.0, 0.0, 0.0, 0.0)
pose_time = 1435213125.1,(0.0, 0.0, 0.0),(0.0, 0.0, 0.0, 0.0)
pose_time = 1435213125.13,(0.0, 0.0, 0.0),(0.0, 0.0, 0.0, 0.0)
pose_time = 1435213125.17,(0.0, 0.0, 0.0),(0.0, 0.0, 0.0, 0.0)
pose_time = 1435213125.2,(0.0, 0.0, 0.0),(0.0, 0.0, 0.0, 0.0)
pose_time = 1435213125.23,(0.0, 0.0, 0.0),(0.0, 0.0, 0.0, 0.0)
pose_time = 1435213125.27,(0.0, 0.0, 0.0),(0.0, 0.0, 0.0, 0.0)
pose_time = 1435213125.3,(0.0, 0.0, 0.0),(0.0, 0.0, 0.0, 0.0)
pose_time = 1435213125.33,(0.0, 0.0, 0.0),(0.0, 0.0, 0.0, 0.0)
pose_time = 1435213125.37,(0.0, 0.0, 0.0),(0.0, 0.0, 0.0, 0.0)
pose_time = 1435213125.4,(0.0, 0.0, 0.0),(0.0, 0.0, 0.0, 0.0)
pose_time = 1435213125.43,(0.0, 0.0, 0.0),(0.0, 0.0, 0.0, 0.0)
pose_time = 1435213125.47,(0.0, 0.0, 0.0),(0.0, 0.0, 0.0, 0.0)
pose_time = 1435213125.5,(0.0, 0.0, 0.0),(0.0, 0.0, 0.0, 0.0)
pose_time = 1435213125.53,(0.0, 0.0, 0.0),(0.0, 0.0, 0.0, 0.0)
pose_time = 1435213125.57,(0.0, 0.0, 0.0),(0.0, 0.0, 0.0, 0.0)
pose_time = 1435213125.6,(0.0, 0.0, 0.0),(0.0, 0.0, 0.0, 0.0)
pose_time = 1435213125.63,(0.0, 0.0, 0.0),(0.0, 0.0, 0.0, 0.0)
pose_time = 1435213125.67,(0.0, 0.0, 0.0),(0.0, 0.0, 0.0, 0.0)
pose_time = 1435213125.7,(0.0, 0.0, 0.0),(0.0, 0.0, 0.0, 0.0)
pose_time = 1435213125.73,(0.0, 0.0, 0.0),(0.0, 0.0, 0.0, 0.0)
pose_time = 1435213125.77,(0.0, 0.0, 0.0),(0.0, 0.0, 0.0, 0.0)
pose_time = 1435213125.8,(0.0, 0.0, 0.0),(0.0, 0.0, 0.0, 0.0)
pose_time = 1435213125.83,(0.0, 0.0, 0.0),(0.0, 0.0, 0.0, 0.0)
pose_time = 1435213125.87,(0.0, 0.0, 0.0),(0.0, 0.0, 0.0, 0.0)
pose_time = 1435213125.9,(0.0, 0.0, 0.0),(0.0, 0.0, 0.0, 0.0)
pose_time = 1435213125.93,(0.0, 0.0, 0.0),(0.0, 0.0, 0.0, 0.0)
pose_time = 1435213125.97,(0.0, 0.0, 0.0),(0.0, 0.0, 0.0, 0.0)
pose_time = 1435213126.0,(0.0, 0.0, 0.0),(0.0, 0.0, 0.0, 0.0)
pose_time = 1435213126.03,(0.0, 0.0, 0.0),(0.0, 0.0, 0.0, 0.0)
pose_time = 1435213126.07,(0.0, 0.0, 0.0),(0.0, 0.0, 0.0, 0.0)
pose_time = 1435213126.1,(0.0, 0.0, 0.0),(0.0, 0.0, 0.0, 0.0)
pose_time = 1435213126.13,(0.0, 0.0, 0.0),(0.0, 0.0, 0.0, 0.0)
pose_time = 1435213126.17,(0.0, 0.0, 0.0),(0.0, 0.0, 0.0, 0.0)
pose_time = 1435213126.2,(0.0, 0.0, 0.0),(0.0, 0.0, 0.0, 0.0)
pose_time = 1435213126.23,(0.0, 0.0, 0.0),(0.0, 0.0, 0.0, 0.0)
pose_time = 1435213126.27,(0.0, 0.0, 0.0),(0.0, 0.0, 0.0, 0.0)
pose_time = 1435213126.3,(0.0, 0.0, 0.0),(0.0, 0.0, 0.0, 0.0)
pose_time = 1435213126.33,(0.0, 0.0, 0.0),(0.0, 0.0, 0.0, 0.0)
pose_time = 1435213126.37,(0.0, 0.0, 0.0),(0.0, 0.0, 0.0, 0.0)
pose_time = 1435213126.4,(0.0, 0.0, 0.0),(0.0, 0.0, 0.0, 0.0)
pose_time = 1435213126.43,(0.0, 0.0, 0.0),(0.0, 0.0, 0.0, 0.0)
pose_time = 1435213126.47,(0.0, 0.0, 0.0),(0.0, 0.0, 0.0, 0.0)
pose_time = 1435213126.5,(0.0, 0.0, 0.0),(0.0, 0.0, 0.0, 0.0)
pose_time = 1435213126.53,(0.0, 0.0, 0.0),(0.0, 0.0, 0.0, 0.0)
pose_time = 1435213126.57,(0.0, 0.0, 0.0),(0.0, 0.0, 0.0, 0.0)
pose_time = 1435213126.6,(0.0, 0.0, 0.0),(0.0, 0.0, 0.0, 0.0)
pose_time = 1435213126.63,(0.0, 0.0, 0.0),(0.0, 0.0, 0.0, 0.0)
pose_time = 1435213126.67,(0.0, 0.0, 0.0),(0.0, 0.0, 0.0, 0.0)
pose_time = 1435213126.7,(0.0, 0.0, 0.0),(0.0, 0.0, 0.0, 0.0)
pose_time = 1435213126.73,(0.0, 0.0, 0.0),(0.0, 0.0, 0.0, 0.0)
pose_time = 1435213126.77,(0.0, 0.0, 0.0),(0.0, 0.0, 0.0, 0.0)
pose_time = 1435213126.8,(0.0, 0.0, 0.0),(0.0, 0.0, 0.0, 0.0)
pose_time = 1435213126.83,(0.0, 0.0, 0.0),(0.0, 0.0, 0.0, 0.0)
pose_time = 1435213126.87,(0.0, 0.0, 0.0),(0.0, 0.0, 0.0, 0.0)
pose_time = 1435213126.9,(0.0, 0.0, 0.0),(0.0, 0.0, 0.0, 0.0)
pose_time = 1435213126.93,(0.0, 0.0, 0.0),(0.0, 0.0, 0.0, 0.0)
pose_time = 1435213126.97,(0.0, 0.0, 0.0),(0.0, 0.0, 0.0, 0.0)
pose_time = 1435213127.0,(0.0, 0.0, 0.0),(0.0, 0.0, 0.0, 0.0)
pose_time = 1435213127.03,(0.0, 0.0, 0.0),(0.0, 0.0, 0.0, 0.0)
pose_time = 1435213127.07,(0.0, 0.0, 0.0),(0.0, 0.0, 0.0, 0.0)
pose_time = 1435213127.1,(0.0, 0.0, 0.0),(0.0, 0.0, 0.0, 0.0)
pose_time = 1435213127.13,(0.0, 0.0, 0.0),(0.0, 0.0, 0.0, 0.0)
pose_time = 1435213127.17,(0.0, 0.0, 0.0),(0.0, 0.0, 0.0, 0.0)
pose_time = 1435213127.2,(0.0, 0.0, 0.0),(0.0, 0.0, 0.0, 0.0)
pose_time = 1435213127.23,(0.0, 0.0, 0.0),(0.0, 0.0, 0.0, 0.0)
pose_time = 1435213127.27,(0.0, 0.0, 0.0),(0.0, 0.0, 0.0, 0.0)
pose_time = 1435213127.3,(0.0, 0.0, 0.0),(0.0, 0.0, 0.0, 0.0)
pose_time = 1435213127.33,(0.0, 0.0, 0.0),(0.0, 0.0, 0.0, 0.0)
pose_time = 1435213127.37,(0.0, 0.0, 0.0),(0.0, 0.0, 0.0, 0.0)
pose_time = 1435213127.4,(0.0, 0.0, 0.0),(0.0, 0.0, 0.0, 0.0)
pose_time = 1435213127.43,(0.0, 0.0, 0.0),(0.0, 0.0, 0.0, 0.0)
pose_time = 1435213127.47,(0.0, 0.0, 0.0),(0.0, 0.0, 0.0, 0.0)
pose_time = 1435213127.5,(0.0, 0.0, 0.0),(0.0, 0.0, 0.0, 0.0)
pose_time = 1435213127.53,(0.0, 0.0, 0.0),(0.0, 0.0, 0.0, 0.0)
pose_time = 1435213127.57,(0.0, 0.0, 0.0),(0.0, 0.0, 0.0, 0.0)
pose_time = 1435213127.6,(0.0, 0.0, 0.0),(0.0, 0.0, 0.0, 0.0)
pose_time = 1435213127.63,(0.0, 0.0, 0.0),(0.0, 0.0, 0.0, 0.0)
pose_time = 1435213127.67,(0.0, 0.0, 0.0),(0.0, 0.0, 0.0, 0.0)
pose_time = 1435213127.7,(0.0, 0.0, 0.0),(0.0, 0.0, 0.0, 0.0)
pose_time = 1435213127.73,(0.0, 0.0, 0.0),(0.0, 0.0, 0.0, 0.0)
pose_time = 1435213127.77,(0.0, 0.0, 0.0),(0.0, 0.0, 0.0, 0.0)
pose_time = 1435213127.8,(0.0, 0.0, 0.0),(0.0, 0.0, 0.0, 0.0)
pose_time = 1435213127.83,(0.0, 0.0, 0.0),(0.0, 0.0, 0.0, 0.0)
pose_time = 1435213127.87,(0.0, 0.0, 0.0),(0.0, 0.0, 0.0, 0.0)
pose_time = 1435213127.9,(0.0, 0.0, 0.0),(0.0, 0.0, 0.0, 0.0)
pose_time = 1435213127.93,(0.0, 0.0, 0.0),(0.0, 0.0, 0.0, 0.0)
pose_time = 1435213127.97,(0.0, 0.0, 0.0),(0.0, 0.0, 0.0, 0.0)
pose_time = 1435213128.0,(0.0, 0.0, 0.0),(0.0, 0.0, 0.0, 0.0)
pose_time = 1435213128.03,(0.0, 0.0, 0.0),(0.0, 0.0, 0.0, 0.0)
pose_time = 1435213128.07,(0.0, 0.0, 0.0),(0.0, 0.0, 0.0, 0.0)
pose_time = 1435213128.1,(0.0, 0.0, 0.0),(0.0, 0.0, 0.0, 0.0)
pose_time = 1435213128.13,(0.0, 0.0, 0.0),(0.0, 0.0, 0.0, 0.0)
pose_time = 1435213128.17,(0.0, 0.0, 0.0),(0.0, 0.0, 0.0, 0.0)
pose_time = 1435213128.2,(0.0, 0.0, 0.0),(0.0, 0.0, 0.0, 0.0)
pose_time = 1435213128.23,(0.0, 0.0, 0.0),(0.0, 0.0, 0.0, 0.0)
pose_time = 1435213128.27,(0.0, 0.0, 0.0),(0.0, 0.0, 0.0, 0.0)
pose_time = 1435213128.3,(0.0, 0.0, 0.0),(0.0, 0.0, 0.0, 0.0)
pose_time = 1435213128.33,(0.0, 0.0, 0.0),(0.0, 0.0, 0.0, 0.0)
pose_time = 1435213128.37,(0.0, 0.0, 0.0),(0.0, 0.0, 0.0, 0.0)
pose_time = 1435213128.4,(0.0, 0.0, 0.0),(0.0, 0.0, 0.0, 0.0)
pose_time = 1435213128.43,(0.0, 0.0, 0.0),(0.0, 0.0, 0.0, 0.0)
pose_time = 1435213128.47,(0.0, 0.0, 0.0),(0.0, 0.0, 0.0, 0.0)
pose_time = 1435213128.5,(0.0, 0.0, 0.0),(0.0, 0.0, 0.0, 0.0)
pose_time = 1435213128.53,(0.0, 0.0, 0.0),(0.0, 0.0, 0.0, 0.0)
pose_time = 1435213128.57,(0.0, 0.0, 0.0),(0.0, 0.0, 0.0, 0.0)
pose_time = 1435213128.6,(0.0, 0.0, 0.0),(0.0, 0.0, 0.0, 0.0)
pose_time = 1435213128.63,(0.0, 0.0, 0.0),(0.0, 0.0, 0.0, 0.0)
pose_time = 1435213128.67,(0.0, 0.0, 0.0),(0.0, 0.0, 0.0, 0.0)
pose_time = 1435213128.7,(0.0, 0.0, 0.0),(0.0, 0.0, 0.0, 0.0)
pose_time = 1435213128.73,(0.0, 0.0, 0.0),(0.0, 0.0, 0.0, 0.0)
pose_time = 1435213128.77,(0.0, 0.0, 0.0),(0.0, 0.0, 0.0, 0.0)
pose_time = 1435213128.8,(0.0, 0.0, 0.0),(0.0, 0.0, 0.0, 0.0)
pose_time = 1435213128.83,(0.0, 0.0, 0.0),(0.0, 0.0, 0.0, 0.0)
pose_time = 1435213128.87,(0.0, 0.0, 0.0),(0.0, 0.0, 0.0, 0.0)
pose_time = 1435213128.9,(0.0, 0.0, 0.0),(0.0, 0.0, 0.0, 0.0)
pose_time = 1435213128.93,(0.0, 0.0, 0.0),(0.0, 0.0, 0.0, 0.0)
pose_time = 1435213128.97,(0.0, 0.0, 0.0),(0.0, 0.0, 0.0, 0.0)
pose_time = 1435213129.0,(0.0, 0.0, 0.0),(0.0, 0.0, 0.0, 0.0)
pose_time = 1435213129.03,(0.0, 0.0, 0.0),(0.0, 0.0, 0.0, 0.0)
pose_time = 1435213129.07,(0.0, 0.0, 0.0),(0.0, 0.0, 0.0, 0.0)
pose_time = 1435213129.1,(0.0, 0.0, 0.0),(0.0, 0.0, 0.0, 0.0)
pose_time = 1435213129.13,(0.0, 0.0, 0.0),(0.0, 0.0, 0.0, 0.0)
pose_time = 1435213129.17,(0.0, 0.0, 0.0),(0.0, 0.0, 0.0, 0.0)
pose_time = 1435213129.2,(0.0, 0.0, 0.0),(0.0, 0.0, 0.0, 0.0)
pose_time = 1435213129.23,(0.0, 0.0, 0.0),(0.0, 0.0, 0.0, 0.0)
pose_time = 1435213129.27,(0.0, 0.0, 0.0),(0.0, 0.0, 0.0, 0.0)
pose_time = 1435213129.3,(0.0, 0.0, 0.0),(0.0, 0.0, 0.0, 0.0)
pose_time = 1435213129.33,(0.0, 0.0, 0.0),(0.0, 0.0, 0.0, 0.0)
pose_time = 1435213129.37,(0.0, 0.0, 0.0),(0.0, 0.0, 0.0, 0.0)
pose_time = 1435213129.4,(0.0, 0.0, 0.0),(0.0, 0.0, 0.0, 0.0)
pose_time = 1435213129.43,(0.0, 0.0, 0.0),(0.0, 0.0, 0.0, 0.0)
pose_time = 1435213129.47,(0.0, 0.0, 0.0),(0.0, 0.0, 0.0, 0.0)
pose_time = 1435213129.5,(0.0, 0.0, 0.0),(0.0, 0.0, 0.0, 0.0)
pose_time = 1435213129.53,(0.0, 0.0, 0.0),(0.0, 0.0, 0.0, 0.0)
pose_time = 1435213129.57,(0.0, 0.0, 0.0),(0.0, 0.0, 0.0, 0.0)
pose_time = 1435213129.6,(0.0, 0.0, 0.0),(0.0, 0.0, 0.0, 0.0)
pose_time = 1435213129.63,(0.0, 0.0, 0.0),(0.0, 0.0, 0.0, 0.0)
pose_time = 1435213129.67,(0.0, 0.0, 0.0),(0.0, 0.0, 0.0, 0.0)
pose_time = 1435213129.7,(0.0, 0.0, 0.0),(0.0, 0.0, 0.0, 0.0)
pose_time = 1435213129.73,(0.0, 0.0, 0.0),(0.0, 0.0, 0.0, 0.0)
pose_time = 1435213129.77,(0.0, 0.0, 0.0),(0.0, 0.0, 0.0, 0.0)
pose_time = 1435213129.8,(0.0, 0.0, 0.0),(0.0, 0.0, 0.0, 0.0)
pose_time = 1435213129.83,(0.0, 0.0, 0.0),(0.0, 0.0, 0.0, 0.0)
pose_time = 1435213129.87,(0.0, 0.0, 0.0),(0.0, 0.0, 0.0, 0.0)
pose_time = 1435213129.9,(0.0, 0.0, 0.0),(0.0, 0.0, 0.0, 0.0)
pose_time = 1435213129.93,(0.0, 0.0, 0.0),(0.0, 0.0, 0.0, 0.0)
pose_time = 1435213129.97,(0.0, 0.0, 0.0),(0.0, 0.0, 0.0, 0.0)
pose_time = 1435213130.0,(0.0, 0.0, 0.0),(0.0, 0.0, 0.0, 0.0)
pose_time = 1435213130.03,(0.0, 0.0, 0.0),(0.0, 0.0, 0.0, 0.0)
pose_time = 1435213130.07,(0.0, 0.0, 0.0),(0.0, 0.0, 0.0, 0.0)
pose_time = 1435213130.1,(0.0, 0.0, 0.0),(0.0, 0.0, 0.0, 0.0)
pose_time = 1435213130.13,(0.0, 0.0, 0.0),(0.0, 0.0, 0.0, 0.0)
pose_time = 1435213130.17,(0.0, 0.0, 0.0),(0.0, 0.0, 0.0, 0.0)
pose_time = 1435213130.2,(0.0, 0.0, 0.0),(0.0, 0.0, 0.0, 0.0)
pose_time = 1435213130.23,(0.0, 0.0, 0.0),(0.0, 0.0, 0.0, 0.0)
pose_time = 1435213130.27,(0.0, 0.0, 0.0),(0.0, 0.0, 0.0, 0.0)
pose_time = 1435213130.3,(0.0, 0.0, 0.0),(0.0, 0.0, 0.0, 0.0)
pose_time = 1435213130.33,(0.0, 0.0, 0.0),(0.0, 0.0, 0.0, 0.0)
pose_time = 1435213130.37,(0.0, 0.0, 0.0),(0.0, 0.0, 0.0, 0.0)
pose_time = 1435213130.4,(0.0, 0.0, 0.0),(0.0, 0.0, 0.0, 0.0)
pose_time = 1435213130.43,(0.0, 0.0, 0.0),(0.0, 0.0, 0.0, 0.0)
pose_time = 1435213130.47,(0.0, 0.0, 0.0),(0.0, 0.0, 0.0, 0.0)
pose_time = 1435213130.5,(0.0, 0.0, 0.0),(0.0, 0.0, 0.0, 0.0)
pose_time = 1435213130.53,(0.0, 0.0, 0.0),(0.0, 0.0, 0.0, 0.0)
pose_time = 1435213130.57,(0.0, 0.0, 0.0),(0.0, 0.0, 0.0, 0.0)
pose_time = 1435213130.6,(0.0, 0.0, 0.0),(0.0, 0.0, 0.0, 0.0)
pose_time = 1435213130.63,(0.0, 0.0, 0.0),(0.0, 0.0, 0.0, 0.0)
pose_time = 1435213130.67,(0.0, 0.0, 0.0),(0.0, 0.0, 0.0, 0.0)
pose_time = 1435213130.7,(0.0, 0.0, 0.0),(0.0, 0.0, 0.0, 0.0)
pose_time = 1435213130.73,(0.0, 0.0, 0.0),(0.0, 0.0, 0.0, 0.0)
pose_time = 1435213130.77,(0.0, 0.0, 0.0),(0.0, 0.0, 0.0, 0.0)
pose_time = 1435213130.8,(0.0, 0.0, 0.0),(0.0, 0.0, 0.0, 0.0)
pose_time = 1435213130.83,(0.0, 0.0, 0.0),(0.0, 0.0, 0.0, 0.0)
pose_time = 1435213130.87,(0.0, 0.0, 0.0),(0.0, 0.0, 0.0, 0.0)
pose_time = 1435213130.9,(0.0, 0.0, 0.0),(0.0, 0.0, 0.0, 0.0)
pose_time = 1435213130.93,(0.0, 0.0, 0.0),(0.0, 0.0, 0.0, 0.0)
pose_time = 1435213130.97,(0.0, 0.0, 0.0),(0.0, 0.0, 0.0, 0.0)
pose_time = 1435213131.0,(0.0, 0.0, 0.0),(0.0, 0.0, 0.0, 0.0)
pose_time = 1435213131.03,(0.0, 0.0, 0.0),(0.0, 0.0, 0.0, 0.0)
pose_time = 1435213131.07,(0.0, 0.0, 0.0),(0.0, 0.0, 0.0, 0.0)
pose_time = 1435213131.1,(0.0, 0.0, 0.0),(0.0, 0.0, 0.0, 0.0)
pose_time = 1435213131.13,(0.0, 0.0, 0.0),(0.0, 0.0, 0.0, 0.0)
pose_time = 1435213131.17,(0.0, 0.0, 0.0),(0.0, 0.0, 0.0, 0.0)
pose_time = 1435213131.2,(0.0, 0.0, 0.0),(0.0, 0.0, 0.0, 0.0)
pose_time = 1435213131.23,(0.0, 0.0, 0.0),(0.0, 0.0, 0.0, 0.0)
pose_time = 1435213131.27,(0.0, 0.0, 0.0),(0.0, 0.0, 0.0, 0.0)
pose_time = 1435213131.3,(0.0, 0.0, 0.0),(0.0, 0.0, 0.0, 0.0)
pose_time = 1435213131.33,(0.0, 0.0, 0.0),(0.0, 0.0, 0.0, 0.0)
pose_time = 1435213131.37,(0.0, 0.0, 0.0),(0.0, 0.0, 0.0, 0.0)
pose_time = 1435213131.4,(0.0, 0.0, 0.0),(0.0, 0.0, 0.0, 0.0)
pose_time = 1435213131.43,(0.0, 0.0, 0.0),(0.0, 0.0, 0.0, 0.0)
pose_time = 1435213131.47,(0.0, 0.0, 0.0),(0.0, 0.0, 0.0, 0.0)
pose_time = 1435213131.5,(0.0, 0.0, 0.0),(0.0, 0.0, 0.0, 0.0)
pose_time = 1435213131.53,(0.0, 0.0, 0.0),(0.0, 0.0, 0.0, 0.0)
pose_time = 1435213131.57,(0.0, 0.0, 0.0),(0.0, 0.0, 0.0, 0.0)
pose_time = 1435213131.6,(0.0, 0.0, 0.0),(0.0, 0.0, 0.0, 0.0)
pose_time = 1435213131.63,(0.0, 0.0, 0.0),(0.0, 0.0, 0.0, 0.0)
pose_time = 1435213131.67,(0.0, 0.0, 0.0),(0.0, 0.0, 0.0, 0.0)
pose_time = 1435213131.7,(0.0, 0.0, 0.0),(0.0, 0.0, 0.0, 0.0)
pose_time = 1435213131.73,(0.0, 0.0, 0.0),(0.0, 0.0, 0.0, 0.0)
pose_time = 1435213131.77,(0.0, 0.0, 0.0),(0.0, 0.0, 0.0, 0.0)
pose_time = 1435213131.8,(0.0, 0.0, 0.0),(0.0, 0.0, 0.0, 0.0)
pose_time = 1435213131.83,(0.0, 0.0, 0.0),(0.0, 0.0, 0.0, 0.0)
pose_time = 1435213131.87,(0.0, 0.0, 0.0),(0.0, 0.0, 0.0, 0.0)
pose_time = 1435213131.9,(0.0, 0.0, 0.0),(0.0, 0.0, 0.0, 0.0)
pose_time = 1435213131.93,(0.0, 0.0, 0.0),(0.0, 0.0, 0.0, 0.0)
pose_time = 1435213131.97,(0.0, 0.0, 0.0),(0.0, 0.0, 0.0, 0.0)
pose_time = 1435213132.0,(0.0, 0.0, 0.0),(0.0, 0.0, 0.0, 0.0)
pose_time = 1435213132.03,(0.0, 0.0, 0.0),(0.0, 0.0, 0.0, 0.0)
pose_time = 1435213132.07,(0.0, 0.0, 0.0),(0.0, 0.0, 0.0, 0.0)
pose_time = 1435213132.1,(0.0, 0.0, 0.0),(0.0, 0.0, 0.0, 0.0)
pose_time = 1435213132.13,(0.0, 0.0, 0.0),(0.0, 0.0, 0.0, 0.0)
pose_time = 1435213132.17,(0.0, 0.0, 0.0),(0.0, 0.0, 0.0, 0.0)
pose_time = 1435213132.2,(0.0, 0.0, 0.0),(0.0, 0.0, 0.0, 0.0)
pose_time = 1435213132.23,(0.0, 0.0, 0.0),(0.0, 0.0, 0.0, 0.0)
pose_time = 1435213132.27,(0.0, 0.0, 0.0),(0.0, 0.0, 0.0, 0.0)
pose_time = 1435213132.3,(0.0, 0.0, 0.0),(0.0, 0.0, 0.0, 0.0)
pose_time = 1435213132.33,(0.0, 0.0, 0.0),(0.0, 0.0, 0.0, 0.0)
pose_time = 1435213132.37,(0.0, 0.0, 0.0),(0.0, 0.0, 0.0, 0.0)
pose_time = 1435213132.4,(0.0, 0.0, 0.0),(0.0, 0.0, 0.0, 0.0)
pose_time = 1435213132.43,(0.0, 0.0, 0.0),(0.0, 0.0, 0.0, 0.0)
pose_time = 1435213132.47,(0.0, 0.0, 0.0),(0.0, 0.0, 0.0, 0.0)
pose_time = 1435213132.5,(0.0, 0.0, 0.0),(0.0, 0.0, 0.0, 0.0)
pose_time = 1435213132.53,(0.0, 0.0, 0.0),(0.0, 0.0, 0.0, 0.0)
pose_time = 1435213132.57,(0.0, 0.0, 0.0),(0.0, 0.0, 0.0, 0.0)
pose_time = 1435213132.6,(0.0, 0.0, 0.0),(0.0, 0.0, 0.0, 0.0)
pose_time = 1435213132.63,(0.0, 0.0, 0.0),(0.0, 0.0, 0.0, 0.0)
pose_time = 1435213132.67,(0.0, 0.0, 0.0),(0.0, 0.0, 0.0, 0.0)
pose_time = 1435213132.7,(0.0, 0.0, 0.0),(0.0, 0.0, 0.0, 0.0)
pose_time = 1435213132.73,(0.0, 0.0, 0.0),(0.0, 0.0, 0.0, 0.0)
pose_time = 1435213132.77,(0.0, 0.0, 0.0),(0.0, 0.0, 0.0, 0.0)
pose_time = 1435213132.8,(0.0, 0.0, 0.0),(0.0, 0.0, 0.0, 0.0)
pose_time = 1435213132.83,(0.0, 0.0, 0.0),(0.0, 0.0, 0.0, 0.0)
pose_time = 1435213132.87,(0.0, 0.0, 0.0),(0.0, 0.0, 0.0, 0.0)
pose_time = 1435213132.9,(0.0, 0.0, 0.0),(0.0, 0.0, 0.0, 0.0)
pose_time = 1435213132.93,(0.0, 0.0, 0.0),(0.0, 0.0, 0.0, 0.0)
pose_time = 1435213132.97,(0.0, 0.0, 0.0),(0.0, 0.0, 0.0, 0.0)
pose_time = 1435213133.0,(0.0, 0.0, 0.0),(0.0, 0.0, 0.0, 0.0)
pose_time = 1435213133.03,(0.0, 0.0, 0.0),(0.0, 0.0, 0.0, 0.0)
pose_time = 1435213133.07,(0.0, 0.0, 0.0),(0.0, 0.0, 0.0, 0.0)
pose_time = 1435213133.1,(0.0, 0.0, 0.0),(0.0, 0.0, 0.0, 0.0)
pose_time = 1435213133.13,(0.0, 0.0, 0.0),(0.0, 0.0, 0.0, 0.0)
pose_time = 1435213133.17,(0.0, 0.0, 0.0),(0.0, 0.0, 0.0, 0.0)
pose_time = 1435213133.2,(0.0, 0.0, 0.0),(0.0, 0.0, 0.0, 0.0)
pose_time = 1435213133.23,(0.0, 0.0, 0.0),(0.0, 0.0, 0.0, 0.0)
pose_time = 1435213133.27,(0.0, 0.0, 0.0),(0.0, 0.0, 0.0, 0.0)
pose_time = 1435213133.3,(0.0, 0.0, 0.0),(0.0, 0.0, 0.0, 0.0)
pose_time = 1435213133.33,(0.0, 0.0, 0.0),(0.0, 0.0, 0.0, 0.0)
pose_time = 1435213133.37,(0.0, 0.0, 0.0),(0.0, 0.0, 0.0, 0.0)
pose_time = 1435213133.4,(0.0, 0.0, 0.0),(0.0, 0.0, 0.0, 0.0)
pose_time = 1435213133.43,(0.0, 0.0, 0.0),(0.0, 0.0, 0.0, 0.0)
pose_time = 1435213133.47,(0.0, 0.0, 0.0),(0.0, 0.0, 0.0, 0.0)
pose_time = 1435213133.5,(0.0, 0.0, 0.0),(0.0, 0.0, 0.0, 0.0)
pose_time = 1435213133.53,(0.0, 0.0, 0.0),(0.0, 0.0, 0.0, 0.0)
pose_time = 1435213133.57,(0.0, 0.0, 0.0),(0.0, 0.0, 0.0, 0.0)
pose_time = 1435213133.6,(0.0, 0.0, 0.0),(0.0, 0.0, 0.0, 0.0)
pose_time = 1435213133.63,(0.0, 0.0, 0.0),(0.0, 0.0, 0.0, 0.0)
pose_time = 1435213133.67,(0.0, 0.0, 0.0),(0.0, 0.0, 0.0, 0.0)
pose_time = 1435213133.7,(0.0, 0.0, 0.0),(0.0, 0.0, 0.0, 0.0)
pose_time = 1435213133.73,(0.0, 0.0, 0.0),(0.0, 0.0, 0.0, 0.0)
pose_time = 1435213133.77,(0.0, 0.0, 0.0),(0.0, 0.0, 0.0, 0.0)
pose_time = 1435213133.8,(0.0, 0.0, 0.0),(0.0, 0.0, 0.0, 0.0)
pose_time = 1435213133.83,(0.0, 0.0, 0.0),(0.0, 0.0, 0.0, 0.0)
pose_time = 1435213133.87,(0.0, 0.0, 0.0),(0.0, 0.0, 0.0, 0.0)
pose_time = 1435213133.9,(0.0, 0.0, 0.0),(0.0, 0.0, 0.0, 0.0)
pose_time = 1435213133.93,(0.0, 0.0, 0.0),(0.0, 0.0, 0.0, 0.0)
pose_time = 1435213133.97,(0.0, 0.0, 0.0),(0.0, 0.0, 0.0, 0.0)
pose_time = 1435213134.0,(0.0, 0.0, 0.0),(0.0, 0.0, 0.0, 0.0)
pose_time = 1435213134.03,(0.0, 0.0, 0.0),(0.0, 0.0, 0.0, 0.0)
pose_time = 1435213134.07,(0.0, 0.0, 0.0),(0.0, 0.0, 0.0, 0.0)
pose_time = 1435213134.1,(0.0, 0.0, 0.0),(0.0, 0.0, 0.0, 0.0)
pose_time = 1435213134.13,(0.0, 0.0, 0.0),(0.0, 0.0, 0.0, 0.0)
pose_time = 1435213134.17,(0.0, 0.0, 0.0),(0.0, 0.0, 0.0, 0.0)
pose_time = 1435213134.2,(0.0, 0.0, 0.0),(0.0, 0.0, 0.0, 0.0)
pose_time = 1435213134.23,(0.0, 0.0, 0.0),(0.0, 0.0, 0.0, 0.0)
pose_time = 1435213134.27,(0.0, 0.0, 0.0),(0.0, 0.0, 0.0, 0.0)
pose_time = 1435213134.3,(0.0, 0.0, 0.0),(0.0, 0.0, 0.0, 0.0)
pose_time = 1435213134.33,(0.0, 0.0, 0.0),(0.0, 0.0, 0.0, 0.0)
pose_time = 1435213134.37,(0.0, 0.0, 0.0),(0.0, 0.0, 0.0, 0.0)
pose_time = 1435213134.4,(0.0, 0.0, 0.0),(0.0, 0.0, 0.0, 0.0)
pose_time = 1435213134.43,(0.0, 0.0, 0.0),(0.0, 0.0, 0.0, 0.0)
pose_time = 1435213134.47,(0.0, 0.0, 0.0),(0.0, 0.0, 0.0, 0.0)
pose_time = 1435213134.5,(0.0, 0.0, 0.0),(0.0, 0.0, 0.0, 0.0)
pose_time = 1435213134.53,(0.0, 0.0, 0.0),(0.0, 0.0, 0.0, 0.0)
pose_time = 1435213134.57,(0.0, 0.0, 0.0),(0.0, 0.0, 0.0, 0.0)
pose_time = 1435213134.6,(0.0, 0.0, 0.0),(0.0, 0.0, 0.0, 0.0)
pose_time = 1435213134.63,(0.0, 0.0, 0.0),(0.0, 0.0, 0.0, 0.0)
pose_time = 1435213134.67,(0.0, 0.0, 0.0),(0.0, 0.0, 0.0, 0.0)
pose_time = 1435213134.7,(0.0, 0.0, 0.0),(0.0, 0.0, 0.0, 0.0)
pose_time = 1435213134.73,(0.0, 0.0, 0.0),(0.0, 0.0, 0.0, 0.0)
pose_time = 1435213134.77,(0.0, 0.0, 0.0),(0.0, 0.0, 0.0, 0.0)
pose_time = 1435213134.8,(0.0, 0.0, 0.0),(0.0, 0.0, 0.0, 0.0)
pose_time = 1435213134.83,(0.0, 0.0, 0.0),(0.0, 0.0, 0.0, 0.0)
pose_time = 1435213134.87,(0.0, 0.0, 0.0),(0.0, 0.0, 0.0, 0.0)
pose_time = 1435213134.9,(0.0, 0.0, 0.0),(0.0, 0.0, 0.0, 0.0)
pose_time = 1435213134.93,(0.0, 0.0, 0.0),(0.0, 0.0, 0.0, 0.0)
pose_time = 1435213134.97,(0.0, 0.0, 0.0),(0.0, 0.0, 0.0, 0.0)
pose_time = 1435213135.0,(0.0, 0.0, 0.0),(0.0, 0.0, 0.0, 0.0)
pose_time = 1435213135.03,(0.0, 0.0, 0.0),(0.0, 0.0, 0.0, 0.0)
pose_time = 1435213135.07,(0.0, 0.0, 0.0),(0.0, 0.0, 0.0, 0.0)
pose_time = 1435213135.1,(0.0, 0.0, 0.0),(0.0, 0.0, 0.0, 0.0)
pose_time = 1435213135.13,(0.0, 0.0, 0.0),(0.0, 0.0, 0.0, 0.0)
pose_time = 1435213135.17,(0.0, 0.0, 0.0),(0.0, 0.0, 0.0, 0.0)
pose_time = 1435213135.2,(0.0, 0.0, 0.0),(0.0, 0.0, 0.0, 0.0)
pose_time = 1435213135.23,(0.0, 0.0, 0.0),(0.0, 0.0, 0.0, 0.0)
pose_time = 1435213135.27,(0.0, 0.0, 0.0),(0.0, 0.0, 0.0, 0.0)
pose_time = 1435213135.3,(0.0, 0.0, 0.0),(0.0, 0.0, 0.0, 0.0)
pose_time = 1435213135.33,(0.0, 0.0, 0.0),(0.0, 0.0, 0.0, 0.0)
pose_time = 1435213135.37,(0.0, 0.0, 0.0),(0.0, 0.0, 0.0, 0.0)
pose_time = 1435213135.4,(0.0, 0.0, 0.0),(0.0, 0.0, 0.0, 0.0)
pose_time = 1435213135.43,(0.0, 0.0, 0.0),(0.0, 0.0, 0.0, 0.0)
pose_time = 1435213135.47,(0.0, 0.0, 0.0),(0.0, 0.0, 0.0, 0.0)
pose_time = 1435213135.5,(0.0, 0.0, 0.0),(0.0, 0.0, 0.0, 0.0)
pose_time = 1435213135.53,(0.0, 0.0, 0.0),(0.0, 0.0, 0.0, 0.0)
pose_time = 1435213135.57,(0.0, 0.0, 0.0),(0.0, 0.0, 0.0, 0.0)
pose_time = 1435213135.6,(0.0, 0.0, 0.0),(0.0, 0.0, 0.0, 0.0)
pose_time = 1435213135.63,(0.0, 0.0, 0.0),(0.0, 0.0, 0.0, 0.0)
pose_time = 1435213135.67,(0.0, 0.0, 0.0),(0.0, 0.0, 0.0, 0.0)
pose_time = 1435213135.7,(0.0, 0.0, 0.0),(0.0, 0.0, 0.0, 0.0)
pose_time = 1435213135.73,(0.0, 0.0, 0.0),(0.0, 0.0, 0.0, 0.0)
pose_time = 1435213135.77,(0.0, 0.0, 0.0),(0.0, 0.0, 0.0, 0.0)
pose_time = 1435213135.8,(0.0, 0.0, 0.0),(0.0, 0.0, 0.0, 0.0)
pose_time = 1435213135.83,(0.0, 0.0, 0.0),(0.0, 0.0, 0.0, 0.0)
pose_time = 1435213135.87,(0.0, 0.0, 0.0),(0.0, 0.0, 0.0, 0.0)
pose_time = 1435213135.9,(0.0, 0.0, 0.0),(0.0, 0.0, 0.0, 0.0)
pose_time = 1435213135.93,(0.0, 0.0, 0.0),(0.0, 0.0, 0.0, 0.0)
pose_time = 1435213135.97,(0.0, 0.0, 0.0),(0.0, 0.0, 0.0, 0.0)
pose_time = 1435213136.0,(0.0, 0.0, 0.0),(0.0, 0.0, 0.0, 0.0)
pose_time = 1435213136.03,(0.0, 0.0, 0.0),(0.0, 0.0, 0.0, 0.0)
pose_time = 1435213136.07,(0.0, 0.0, 0.0),(0.0, 0.0, 0.0, 0.0)
pose_time = 1435213136.1,(0.0, 0.0, 0.0),(0.0, 0.0, 0.0, 0.0)
pose_time = 1435213136.13,(0.0, 0.0, 0.0),(0.0, 0.0, 0.0, 0.0)
pose_time = 1435213136.17,(0.0, 0.0, 0.0),(0.0, 0.0, 0.0, 0.0)
pose_time = 1435213136.2,(0.0, 0.0, 0.0),(0.0, 0.0, 0.0, 0.0)
pose_time = 1435213136.23,(0.0, 0.0, 0.0),(0.0, 0.0, 0.0, 0.0)
pose_time = 1435213136.27,(0.0, 0.0, 0.0),(0.0, 0.0, 0.0, 0.0)
pose_time = 1435213136.3,(0.0, 0.0, 0.0),(0.0, 0.0, 0.0, 0.0)
pose_time = 1435213136.33,(0.0, 0.0, 0.0),(0.0, 0.0, 0.0, 0.0)
pose_time = 1435213136.37,(0.0, 0.0, 0.0),(0.0, 0.0, 0.0, 0.0)
pose_time = 1435213136.4,(0.0, 0.0, 0.0),(0.0, 0.0, 0.0, 0.0)
pose_time = 1435213136.43,(0.0, 0.0, 0.0),(0.0, 0.0, 0.0, 0.0)
pose_time = 1435213136.47,(0.0, 0.0, 0.0),(0.0, 0.0, 0.0, 0.0)
pose_time = 1435213136.5,(0.0, 0.0, 0.0),(0.0, 0.0, 0.0, 0.0)
pose_time = 1435213136.53,(0.0, 0.0, 0.0),(0.0, 0.0, 0.0, 0.0)
pose_time = 1435213136.57,(0.0, 0.0, 0.0),(0.0, 0.0, 0.0, 0.0)
pose_time = 1435213136.6,(0.0, 0.0, 0.0),(0.0, 0.0, 0.0, 0.0)
pose_time = 1435213136.63,(0.0, 0.0, 0.0),(0.0, 0.0, 0.0, 0.0)
pose_time = 1435213136.67,(0.0, 0.0, 0.0),(0.0, 0.0, 0.0, 0.0)
pose_time = 1435213136.7,(0.0, 0.0, 0.0),(0.0, 0.0, 0.0, 0.0)
pose_time = 1435213136.73,(0.0, 0.0, 0.0),(0.0, 0.0, 0.0, 0.0)
pose_time = 1435213136.77,(0.0, 0.0, 0.0),(0.0, 0.0, 0.0, 0.0)
pose_time = 1435213136.8,(0.0, 0.0, 0.0),(0.0, 0.0, 0.0, 0.0)
pose_time = 1435213136.83,(0.0, 0.0, 0.0),(0.0, 0.0, 0.0, 0.0)
pose_time = 1435213136.87,(0.0, 0.0, 0.0),(0.0, 0.0, 0.0, 0.0)
pose_time = 1435213136.9,(0.0, 0.0, 0.0),(0.0, 0.0, 0.0, 0.0)
pose_time = 1435213136.93,(0.0, 0.0, 0.0),(0.0, 0.0, 0.0, 0.0)
pose_time = 1435213136.97,(0.0, 0.0, 0.0),(0.0, 0.0, 0.0, 0.0)
pose_time = 1435213137.0,(0.0, 0.0, 0.0),(0.0, 0.0, 0.0, 0.0)
pose_time = 1435213137.03,(0.0, 0.0, 0.0),(0.0, 0.0, 0.0, 0.0)
pose_time = 1435213137.07,(0.0, 0.0, 0.0),(0.0, 0.0, 0.0, 0.0)
pose_time = 1435213137.1,(0.0, 0.0, 0.0),(0.0, 0.0, 0.0, 0.0)
pose_time = 1435213137.13,(0.0, 0.0, 0.0),(0.0, 0.0, 0.0, 0.0)
pose_time = 1435213137.17,(0.0, 0.0, 0.0),(0.0, 0.0, 0.0, 0.0)
pose_time = 1435213137.2,(0.0, 0.0, 0.0),(0.0, 0.0, 0.0, 0.0)
pose_time = 1435213137.23,(0.0, 0.0, 0.0),(0.0, 0.0, 0.0, 0.0)
pose_time = 1435213137.27,(0.0, 0.0, 0.0),(0.0, 0.0, 0.0, 0.0)
pose_time = 1435213137.3,(0.0, 0.0, 0.0),(0.0, 0.0, 0.0, 0.0)
pose_time = 1435213137.33,(0.0, 0.0, 0.0),(0.0, 0.0, 0.0, 0.0)
pose_time = 1435213137.37,(0.0, 0.0, 0.0),(0.0, 0.0, 0.0, 0.0)
pose_time = 1435213137.4,(0.0, 0.0, 0.0),(0.0, 0.0, 0.0, 0.0)
pose_time = 1435213137.43,(0.0, 0.0, 0.0),(0.0, 0.0, 0.0, 0.0)
pose_time = 1435213137.47,(0.0, 0.0, 0.0),(0.0, 0.0, 0.0, 0.0)
pose_time = 1435213137.5,(0.0, 0.0, 0.0),(0.0, 0.0, 0.0, 0.0)
pose_time = 1435213137.53,(0.0, 0.0, 0.0),(0.0, 0.0, 0.0, 0.0)
pose_time = 1435213137.57,(0.0, 0.0, 0.0),(0.0, 0.0, 0.0, 0.0)
pose_time = 1435213137.6,(0.0, 0.0, 0.0),(0.0, 0.0, 0.0, 0.0)
pose_time = 1435213137.63,(0.0, 0.0, 0.0),(0.0, 0.0, 0.0, 0.0)
pose_time = 1435213137.67,(0.0, 0.0, 0.0),(0.0, 0.0, 0.0, 0.0)
pose_time = 1435213137.7,(0.0, 0.0, 0.0),(0.0, 0.0, 0.0, 0.0)
pose_time = 1435213137.73,(0.0, 0.0, 0.0),(0.0, 0.0, 0.0, 0.0)
pose_time = 1435213137.77,(0.0, 0.0, 0.0),(0.0, 0.0, 0.0, 0.0)
pose_time = 1435213137.8,(0.0, 0.0, 0.0),(0.0, 0.0, 0.0, 0.0)
pose_time = 1435213137.83,(0.0, 0.0, 0.0),(0.0, 0.0, 0.0, 0.0)
pose_time = 1435213137.87,(0.0, 0.0, 0.0),(0.0, 0.0, 0.0, 0.0)
pose_time = 1435213137.9,(0.0, 0.0, 0.0),(0.0, 0.0, 0.0, 0.0)
pose_time = 1435213137.93,(0.0, 0.0, 0.0),(0.0, 0.0, 0.0, 0.0)
pose_time = 1435213137.97,(0.0, 0.0, 0.0),(0.0, 0.0, 0.0, 0.0)
pose_time = 1435213138.0,(0.0, 0.0, 0.0),(0.0, 0.0, 0.0, 0.0)
pose_time = 1435213138.03,(0.0, 0.0, 0.0),(0.0, 0.0, 0.0, 0.0)
pose_time = 1435213138.07,(0.0, 0.0, 0.0),(0.0, 0.0, 0.0, 0.0)
pose_time = 1435213138.1,(0.0, 0.0, 0.0),(0.0, 0.0, 0.0, 0.0)
pose_time = 1435213138.13,(0.0, 0.0, 0.0),(0.0, 0.0, 0.0, 0.0)
pose_time = 1435213138.17,(0.0, 0.0, 0.0),(0.0, 0.0, 0.0, 0.0)
pose_time = 1435213138.2,(0.0, 0.0, 0.0),(0.0, 0.0, 0.0, 0.0)
pose_time = 1435213138.23,(0.0, 0.0, 0.0),(0.0, 0.0, 0.0, 0.0)
pose_time = 1435213138.27,(0.0, 0.0, 0.0),(0.0, 0.0, 0.0, 0.0)
pose_time = 1435213138.3,(0.0, 0.0, 0.0),(0.0, 0.0, 0.0, 0.0)
pose_time = 1435213138.33,(0.0, 0.0, 0.0),(0.0, 0.0, 0.0, 0.0)
pose_time = 1435213138.37,(0.0, 0.0, 0.0),(0.0, 0.0, 0.0, 0.0)
pose_time = 1435213138.4,(0.0, 0.0, 0.0),(0.0, 0.0, 0.0, 0.0)
pose_time = 1435213138.43,(0.0, 0.0, 0.0),(0.0, 0.0, 0.0, 0.0)
pose_time = 1435213138.47,(0.0, 0.0, 0.0),(0.0, 0.0, 0.0, 0.0)
pose_time = 1435213138.5,(0.0, 0.0, 0.0),(0.0, 0.0, 0.0, 0.0)
pose_time = 1435213138.53,(0.0, 0.0, 0.0),(0.0, 0.0, 0.0, 0.0)
pose_time = 1435213138.57,(0.0, 0.0, 0.0),(0.0, 0.0, 0.0, 0.0)
pose_time = 1435213138.6,(0.0, 0.0, 0.0),(0.0, 0.0, 0.0, 0.0)
pose_time = 1435213138.63,(0.0, 0.0, 0.0),(0.0, 0.0, 0.0, 0.0)
pose_time = 1435213138.67,(0.0, 0.0, 0.0),(0.0, 0.0, 0.0, 0.0)
pose_time = 1435213138.7,(0.0, 0.0, 0.0),(0.0, 0.0, 0.0, 0.0)
pose_time = 1435213138.73,(0.0, 0.0, 0.0),(0.0, 0.0, 0.0, 0.0)
pose_time = 1435213138.77,(0.0, 0.0, 0.0),(0.0, 0.0, 0.0, 0.0)
pose_time = 1435213138.8,(0.0, 0.0, 0.0),(0.0, 0.0, 0.0, 0.0)
pose_time = 1435213138.83,(0.0, 0.0, 0.0),(0.0, 0.0, 0.0, 0.0)
pose_time = 1435213138.87,(0.0, 0.0, 0.0),(0.0, 0.0, 0.0, 0.0)
pose_time = 1435213138.9,(0.0, 0.0, 0.0),(0.0, 0.0, 0.0, 0.0)
pose_time = 1435213138.93,(0.0, 0.0, 0.0),(0.0, 0.0, 0.0, 0.0)
pose_time = 1435213138.97,(0.0, 0.0, 0.0),(0.0, 0.0, 0.0, 0.0)
pose_time = 1435213139.0,(0.0, 0.0, 0.0),(0.0, 0.0, 0.0, 0.0)
pose_time = 1435213139.03,(0.0, 0.0, 0.0),(0.0, 0.0, 0.0, 0.0)
pose_time = 1435213139.07,(0.0, 0.0, 0.0),(0.0, 0.0, 0.0, 0.0)
pose_time = 1435213139.1,(0.0, 0.0, 0.0),(0.0, 0.0, 0.0, 0.0)
pose_time = 1435213139.13,(0.0, 0.0, 0.0),(0.0, 0.0, 0.0, 0.0)
pose_time = 1435213139.17,(0.0, 0.0, 0.0),(0.0, 0.0, 0.0, 0.0)
pose_time = 1435213139.2,(0.0, 0.0, 0.0),(0.0, 0.0, 0.0, 0.0)
pose_time = 1435213139.23,(0.0, 0.0, 0.0),(0.0, 0.0, 0.0, 0.0)
pose_time = 1435213139.27,(0.0, 0.0, 0.0),(0.0, 0.0, 0.0, 0.0)
pose_time = 1435213139.3,(0.0, 0.0, 0.0),(0.0, 0.0, 0.0, 0.0)
pose_time = 1435213139.33,(0.0, 0.0, 0.0),(0.0, 0.0, 0.0, 0.0)
pose_time = 1435213139.37,(0.0, 0.0, 0.0),(0.0, 0.0, 0.0, 0.0)
pose_time = 1435213139.4,(0.0, 0.0, 0.0),(0.0, 0.0, 0.0, 0.0)
pose_time = 1435213139.43,(0.0, 0.0, 0.0),(0.0, 0.0, 0.0, 0.0)
pose_time = 1435213139.47,(0.0, 0.0, 0.0),(0.0, 0.0, 0.0, 0.0)
pose_time = 1435213139.5,(0.0, 0.0, 0.0),(0.0, 0.0, 0.0, 0.0)
pose_time = 1435213139.53,(0.0, 0.0, 0.0),(0.0, 0.0, 0.0, 0.0)
pose_time = 1435213139.57,(0.0, 0.0, 0.0),(0.0, 0.0, 0.0, 0.0)
pose_time = 1435213139.6,(0.0, 0.0, 0.0),(0.0, 0.0, 0.0, 0.0)
pose_time = 1435213139.63,(0.0, 0.0, 0.0),(0.0, 0.0, 0.0, 0.0)
pose_time = 1435213139.67,(0.0, 0.0, 0.0),(0.0, 0.0, 0.0, 0.0)
pose_time = 1435213139.7,(0.0, 0.0, 0.0),(0.0, 0.0, 0.0, 0.0)
pose_time = 1435213139.73,(0.0, 0.0, 0.0),(0.0, 0.0, 0.0, 0.0)
pose_time = 1435213139.77,(0.0, 0.0, 0.0),(0.0, 0.0, 0.0, 0.0)
pose_time = 1435213139.8,(0.0, 0.0, 0.0),(0.0, 0.0, 0.0, 0.0)
pose_time = 1435213139.83,(0.0, 0.0, 0.0),(0.0, 0.0, 0.0, 0.0)
pose_time = 1435213139.87,(0.0, 0.0, 0.0),(0.0, 0.0, 0.0, 0.0)
pose_time = 1435213139.9,(0.0, 0.0, 0.0),(0.0, 0.0, 0.0, 0.0)
pose_time = 1435213139.93,(0.0, 0.0, 0.0),(0.0, 0.0, 0.0, 0.0)
pose_time = 1435213139.97,(0.0, 0.0, 0.0),(0.0, 0.0, 0.0, 0.0)
pose_time = 1435213140.0,(0.0, 0.0, 0.0),(0.0, 0.0, 0.0, 0.0)
pose_time = 1435213140.03,(0.0, 0.0, 0.0),(0.0, 0.0, 0.0, 0.0)
pose_time = 1435213140.07,(0.0, 0.0, 0.0),(0.0, 0.0, 0.0, 0.0)
pose_time = 1435213140.1,(0.0, 0.0, 0.0),(0.0, 0.0, 0.0, 0.0)
pose_time = 1435213140.13,(0.0, 0.0, 0.0),(0.0, 0.0, 0.0, 0.0)
pose_time = 1435213140.17,(0.0, 0.0, 0.0),(0.0, 0.0, 0.0, 0.0)
pose_time = 1435213140.2,(0.0, 0.0, 0.0),(0.0, 0.0, 0.0, 0.0)
pose_time = 1435213140.23,(0.0, 0.0, 0.0),(0.0, 0.0, 0.0, 0.0)
pose_time = 1435213140.27,(0.0, 0.0, 0.0),(0.0, 0.0, 0.0, 0.0)
pose_time = 1435213140.3,(0.0, 0.0, 0.0),(0.0, 0.0, 0.0, 0.0)
pose_time = 1435213140.33,(0.0, 0.0, 0.0),(0.0, 0.0, 0.0, 0.0)
pose_time = 1435213140.37,(0.0, 0.0, 0.0),(0.0, 0.0, 0.0, 0.0)
pose_time = 1435213140.4,(0.0, 0.0, 0.0),(0.0, 0.0, 0.0, 0.0)
pose_time = 1435213140.43,(0.0, 0.0, 0.0),(0.0, 0.0, 0.0, 0.0)
pose_time = 1435213140.47,(0.0, 0.0, 0.0),(0.0, 0.0, 0.0, 0.0)
pose_time = 1435213140.5,(0.0, 0.0, 0.0),(0.0, 0.0, 0.0, 0.0)
pose_time = 1435213140.53,(0.0, 0.0, 0.0),(0.0, 0.0, 0.0, 0.0)
pose_time = 1435213140.57,(0.0, 0.0, 0.0),(0.0, 0.0, 0.0, 0.0)
pose_time = 1435213140.6,(0.0, 0.0, 0.0),(0.0, 0.0, 0.0, 0.0)
pose_time = 1435213140.63,(0.0, 0.0, 0.0),(0.0, 0.0, 0.0, 0.0)
pose_time = 1435213140.67,(0.0, 0.0, 0.0),(0.0, 0.0, 0.0, 0.0)
pose_time = 1435213140.7,(0.0, 0.0, 0.0),(0.0, 0.0, 0.0, 0.0)
pose_time = 1435213140.73,(0.0, 0.0, 0.0),(0.0, 0.0, 0.0, 0.0)
pose_time = 1435213140.77,(0.0, 0.0, 0.0),(0.0, 0.0, 0.0, 0.0)
pose_time = 1435213140.8,(0.0, 0.0, 0.0),(0.0, 0.0, 0.0, 0.0)
pose_time = 1435213140.83,(0.0, 0.0, 0.0),(0.0, 0.0, 0.0, 0.0)
pose_time = 1435213140.87,(0.0, 0.0, 0.0),(0.0, 0.0, 0.0, 0.0)
pose_time = 1435213140.9,(0.0, 0.0, 0.0),(0.0, 0.0, 0.0, 0.0)
pose_time = 1435213140.93,(0.0, 0.0, 0.0),(0.0, 0.0, 0.0, 0.0)
pose_time = 1435213140.97,(0.0, 0.0, 0.0),(0.0, 0.0, 0.0, 0.0)
pose_time = 1435213141.0,(0.0, 0.0, 0.0),(0.0, 0.0, 0.0, 0.0)
pose_time = 1435213141.03,(0.0, 0.0, 0.0),(0.0, 0.0, 0.0, 0.0)
pose_time = 1435213141.07,(0.0, 0.0, 0.0),(0.0, 0.0, 0.0, 0.0)
pose_time = 1435213141.1,(0.0, 0.0, 0.0),(0.0, 0.0, 0.0, 0.0)
pose_time = 1435213141.13,(0.0, 0.0, 0.0),(0.0, 0.0, 0.0, 0.0)
pose_time = 1435213141.17,(0.0, 0.0, 0.0),(0.0, 0.0, 0.0, 0.0)
pose_time = 1435213141.2,(0.0, 0.0, 0.0),(0.0, 0.0, 0.0, 0.0)
pose_time = 1435213141.23,(0.0, 0.0, 0.0),(0.0, 0.0, 0.0, 0.0)
pose_time = 1435213141.27,(0.0, 0.0, 0.0),(0.0, 0.0, 0.0, 0.0)
pose_time = 1435213141.3,(0.0, 0.0, 0.0),(0.0, 0.0, 0.0, 0.0)
pose_time = 1435213141.33,(0.0, 0.0, 0.0),(0.0, 0.0, 0.0, 0.0)
pose_time = 1435213141.37,(0.0, 0.0, 0.0),(0.0, 0.0, 0.0, 0.0)
pose_time = 1435213141.4,(0.0, 0.0, 0.0),(0.0, 0.0, 0.0, 0.0)
pose_time = 1435213141.43,(0.0, 0.0, 0.0),(0.0, 0.0, 0.0, 0.0)
pose_time = 1435213141.47,(0.0, 0.0, 0.0),(0.0, 0.0, 0.0, 0.0)
pose_time = 1435213141.5,(0.0, 0.0, 0.0),(0.0, 0.0, 0.0, 0.0)
pose_time = 1435213141.53,(0.0, 0.0, 0.0),(0.0, 0.0, 0.0, 0.0)
pose_time = 1435213141.57,(0.0, 0.0, 0.0),(0.0, 0.0, 0.0, 0.0)
pose_time = 1435213141.6,(0.0, 0.0, 0.0),(0.0, 0.0, 0.0, 0.0)
pose_time = 1435213141.63,(0.0, 0.0, 0.0),(0.0, 0.0, 0.0, 0.0)
pose_time = 1435213141.67,(0.0, 0.0, 0.0),(0.0, 0.0, 0.0, 0.0)
pose_time = 1435213141.7,(0.0, 0.0, 0.0),(0.0, 0.0, 0.0, 0.0)
pose_time = 1435213141.73,(0.0, 0.0, 0.0),(0.0, 0.0, 0.0, 0.0)
pose_time = 1435213141.77,(0.0, 0.0, 0.0),(0.0, 0.0, 0.0, 0.0)
pose_time = 1435213141.8,(0.0, 0.0, 0.0),(0.0, 0.0, 0.0, 0.0)
pose_time = 1435213141.83,(0.0, 0.0, 0.0),(0.0, 0.0, 0.0, 0.0)
pose_time = 1435213141.87,(0.0, 0.0, 0.0),(0.0, 0.0, 0.0, 0.0)
pose_time = 1435213141.9,(0.0, 0.0, 0.0),(0.0, 0.0, 0.0, 0.0)
pose_time = 1435213141.93,(0.0, 0.0, 0.0),(0.0, 0.0, 0.0, 0.0)
pose_time = 1435213141.97,(0.0, 0.0, 0.0),(0.0, 0.0, 0.0, 0.0)
pose_time = 1435213142.0,(0.0, 0.0, 0.0),(0.0, 0.0, 0.0, 0.0)
pose_time = 1435213142.03,(0.0, 0.0, 0.0),(0.0, 0.0, 0.0, 0.0)
pose_time = 1435213142.07,(0.0, 0.0, 0.0),(0.0, 0.0, 0.0, 0.0)
pose_time = 1435213142.1,(0.0, 0.0, 0.0),(0.0, 0.0, 0.0, 0.0)
pose_time = 1435213142.13,(0.0, 0.0, 0.0),(0.0, 0.0, 0.0, 0.0)
pose_time = 1435213142.17,(0.0, 0.0, 0.0),(0.0, 0.0, 0.0, 0.0)
pose_time = 1435213142.2,(0.0, 0.0, 0.0),(0.0, 0.0, 0.0, 0.0)
pose_time = 1435213142.23,(0.0, 0.0, 0.0),(0.0, 0.0, 0.0, 0.0)
pose_time = 1435213142.27,(0.0, 0.0, 0.0),(0.0, 0.0, 0.0, 0.0)
pose_time = 1435213142.3,(0.0, 0.0, 0.0),(0.0, 0.0, 0.0, 0.0)
pose_time = 1435213142.33,(0.0, 0.0, 0.0),(0.0, 0.0, 0.0, 0.0)
pose_time = 1435213142.37,(0.0, 0.0, 0.0),(0.0, 0.0, 0.0, 0.0)
pose_time = 1435213142.4,(0.0, 0.0, 0.0),(0.0, 0.0, 0.0, 0.0)
pose_time = 1435213142.43,(0.0, 0.0, 0.0),(0.0, 0.0, 0.0, 0.0)
pose_time = 1435213142.47,(0.0, 0.0, 0.0),(0.0, 0.0, 0.0, 0.0)
pose_time = 1435213142.5,(0.0, 0.0, 0.0),(0.0, 0.0, 0.0, 0.0)
pose_time = 1435213142.53,(0.0, 0.0, 0.0),(0.0, 0.0, 0.0, 0.0)
pose_time = 1435213142.57,(0.0, 0.0, 0.0),(0.0, 0.0, 0.0, 0.0)
pose_time = 1435213142.6,(0.0, 0.0, 0.0),(0.0, 0.0, 0.0, 0.0)
pose_time = 1435213142.63,(0.0, 0.0, 0.0),(0.0, 0.0, 0.0, 0.0)
pose_time = 1435213142.67,(0.0, 0.0, 0.0),(0.0, 0.0, 0.0, 0.0)
pose_time = 1435213142.7,(0.0, 0.0, 0.0),(0.0, 0.0, 0.0, 0.0)
pose_time = 1435213142.73,(0.0, 0.0, 0.0),(0.0, 0.0, 0.0, 0.0)
pose_time = 1435213142.77,(0.0, 0.0, 0.0),(0.0, 0.0, 0.0, 0.0)
pose_time = 1435213142.8,(0.0, 0.0, 0.0),(0.0, 0.0, 0.0, 0.0)
pose_time = 1435213142.83,(0.0, 0.0, 0.0),(0.0, 0.0, 0.0, 0.0)
pose_time = 1435213142.87,(0.0, 0.0, 0.0),(0.0, 0.0, 0.0, 0.0)
pose_time = 1435213142.9,(0.0, 0.0, 0.0),(0.0, 0.0, 0.0, 0.0)
pose_time = 1435213142.93,(0.0, 0.0, 0.0),(0.0, 0.0, 0.0, 0.0)
pose_time = 1435213142.97,(0.0, 0.0, 0.0),(0.0, 0.0, 0.0, 0.0)
pose_time = 1435213143.0,(0.0, 0.0, 0.0),(0.0, 0.0, 0.0, 0.0)
pose_time = 1435213143.03,(0.0, 0.0, 0.0),(0.0, 0.0, 0.0, 0.0)
pose_time = 1435213143.07,(0.0, 0.0, 0.0),(0.0, 0.0, 0.0, 0.0)
pose_time = 1435213143.1,(0.0, 0.0, 0.0),(0.0, 0.0, 0.0, 0.0)
pose_time = 1435213143.13,(0.0, 0.0, 0.0),(0.0, 0.0, 0.0, 0.0)
pose_time = 1435213143.17,(0.0, 0.0, 0.0),(0.0, 0.0, 0.0, 0.0)
pose_time = 1435213143.2,(0.0, 0.0, 0.0),(0.0, 0.0, 0.0, 0.0)
pose_time = 1435213143.23,(0.0, 0.0, 0.0),(0.0, 0.0, 0.0, 0.0)
pose_time = 1435213143.27,(0.0, 0.0, 0.0),(0.0, 0.0, 0.0, 0.0)
pose_time = 1435213143.3,(0.0, 0.0, 0.0),(0.0, 0.0, 0.0, 0.0)
pose_time = 1435213143.33,(0.0, 0.0, 0.0),(0.0, 0.0, 0.0, 0.0)
pose_time = 1435213143.37,(0.0, 0.0, 0.0),(0.0, 0.0, 0.0, 0.0)
pose_time = 1435213143.4,(0.0, 0.0, 0.0),(0.0, 0.0, 0.0, 0.0)
pose_time = 1435213143.43,(0.0, 0.0, 0.0),(0.0, 0.0, 0.0, 0.0)
pose_time = 1435213143.47,(0.0, 0.0, 0.0),(0.0, 0.0, 0.0, 0.0)
pose_time = 1435213143.5,(0.0, 0.0, 0.0),(0.0, 0.0, 0.0, 0.0)
pose_time = 1435213143.53,(0.0, 0.0, 0.0),(0.0, 0.0, 0.0, 0.0)
pose_time = 1435213143.57,(0.0, 0.0, 0.0),(0.0, 0.0, 0.0, 0.0)
pose_time = 1435213143.6,(0.0, 0.0, 0.0),(0.0, 0.0, 0.0, 0.0)
pose_time = 1435213143.63,(0.0, 0.0, 0.0),(0.0, 0.0, 0.0, 0.0)
pose_time = 1435213143.67,(0.0, 0.0, 0.0),(0.0, 0.0, 0.0, 0.0)
pose_time = 1435213143.7,(0.0, 0.0, 0.0),(0.0, 0.0, 0.0, 0.0)
pose_time = 1435213143.73,(0.0, 0.0, 0.0),(0.0, 0.0, 0.0, 0.0)
pose_time = 1435213143.77,(0.0, 0.0, 0.0),(0.0, 0.0, 0.0, 0.0)
pose_time = 1435213143.8,(0.0, 0.0, 0.0),(0.0, 0.0, 0.0, 0.0)
pose_time = 1435213143.83,(0.0, 0.0, 0.0),(0.0, 0.0, 0.0, 0.0)
pose_time = 1435213143.87,(0.0, 0.0, 0.0),(0.0, 0.0, 0.0, 0.0)
pose_time = 1435213143.9,(0.0, 0.0, 0.0),(0.0, 0.0, 0.0, 0.0)
pose_time = 1435213143.93,(0.0, 0.0, 0.0),(0.0, 0.0, 0.0, 0.0)
pose_time = 1435213143.97,(0.0, 0.0, 0.0),(0.0, 0.0, 0.0, 0.0)
pose_time = 1435213144.0,(0.0, 0.0, 0.0),(0.0, 0.0, 0.0, 0.0)
pose_time = 1435213144.03,(0.0, 0.0, 0.0),(0.0, 0.0, 0.0, 0.0)
pose_time = 1435213144.07,(0.0, 0.0, 0.0),(0.0, 0.0, 0.0, 0.0)
pose_time = 1435213144.1,(0.0, 0.0, 0.0),(0.0, 0.0, 0.0, 0.0)
pose_time = 1435213144.13,(0.0, 0.0, 0.0),(0.0, 0.0, 0.0, 0.0)
pose_time = 1435213144.17,(0.0, 0.0, 0.0),(0.0, 0.0, 0.0, 0.0)
pose_time = 1435213144.2,(0.0, 0.0, 0.0),(0.0, 0.0, 0.0, 0.0)
pose_time = 1435213144.23,(0.0, 0.0, 0.0),(0.0, 0.0, 0.0, 0.0)
pose_time = 1435213144.27,(0.0, 0.0, 0.0),(0.0, 0.0, 0.0, 0.0)
pose_time = 1435213144.3,(0.0, 0.0, 0.0),(0.0, 0.0, 0.0, 0.0)
pose_time = 1435213144.33,(0.0, 0.0, 0.0),(0.0, 0.0, 0.0, 0.0)
pose_time = 1435213144.37,(0.0, 0.0, 0.0),(0.0, 0.0, 0.0, 0.0)
pose_time = 1435213144.4,(0.0, 0.0, 0.0),(0.0, 0.0, 0.0, 0.0)
pose_time = 1435213144.43,(0.0, 0.0, 0.0),(0.0, 0.0, 0.0, 0.0)
pose_time = 1435213144.47,(0.0, 0.0, 0.0),(0.0, 0.0, 0.0, 0.0)
pose_time = 1435213144.5,(0.0, 0.0, 0.0),(0.0, 0.0, 0.0, 0.0)
pose_time = 1435213144.53,(0.0, 0.0, 0.0),(0.0, 0.0, 0.0, 0.0)
pose_time = 1435213144.57,(0.0, 0.0, 0.0),(0.0, 0.0, 0.0, 0.0)
pose_time = 1435213144.6,(0.0, 0.0, 0.0),(0.0, 0.0, 0.0, 0.0)
pose_time = 1435213144.63,(0.0, 0.0, 0.0),(0.0, 0.0, 0.0, 0.0)
pose_time = 1435213144.67,(0.0, 0.0, 0.0),(0.0, 0.0, 0.0, 0.0)
pose_time = 1435213144.7,(0.0, 0.0, 0.0),(0.0, 0.0, 0.0, 0.0)
pose_time = 1435213144.73,(0.0, 0.0, 0.0),(0.0, 0.0, 0.0, 0.0)
pose_time = 1435213144.77,(0.0, 0.0, 0.0),(0.0, 0.0, 0.0, 0.0)
pose_time = 1435213144.8,(0.0, 0.0, 0.0),(0.0, 0.0, 0.0, 0.0)
pose_time = 1435213144.83,(0.0, 0.0, 0.0),(0.0, 0.0, 0.0, 0.0)
pose_time = 1435213144.87,(0.0, 0.0, 0.0),(0.0, 0.0, 0.0, 0.0)
pose_time = 1435213144.9,(0.0, 0.0, 0.0),(0.0, 0.0, 0.0, 0.0)
pose_time = 1435213144.93,(0.0, 0.0, 0.0),(0.0, 0.0, 0.0, 0.0)
pose_time = 1435213144.97,(0.0, 0.0, 0.0),(0.0, 0.0, 0.0, 0.0)
pose_time = 1435213145.0,(0.0, 0.0, 0.0),(0.0, 0.0, 0.0, 0.0)
pose_time = 1435213145.03,(0.0, 0.0, 0.0),(0.0, 0.0, 0.0, 0.0)
pose_time = 1435213145.07,(0.0, 0.0, 0.0),(0.0, 0.0, 0.0, 0.0)
pose_time = 1435213145.1,(0.0, 0.0, 0.0),(0.0, 0.0, 0.0, 0.0)
pose_time = 1435213145.13,(0.0, 0.0, 0.0),(0.0, 0.0, 0.0, 0.0)
pose_time = 1435213145.17,(0.0, 0.0, 0.0),(0.0, 0.0, 0.0, 0.0)
pose_time = 1435213145.2,(0.0, 0.0, 0.0),(0.0, 0.0, 0.0, 0.0)
pose_time = 1435213145.23,(0.0, 0.0, 0.0),(0.0, 0.0, 0.0, 0.0)
pose_time = 1435213145.27,(0.0, 0.0, 0.0),(0.0, 0.0, 0.0, 0.0)
pose_time = 1435213145.3,(0.0, 0.0, 0.0),(0.0, 0.0, 0.0, 0.0)
pose_time = 1435213145.33,(0.0, 0.0, 0.0),(0.0, 0.0, 0.0, 0.0)
pose_time = 1435213145.37,(0.0, 0.0, 0.0),(0.0, 0.0, 0.0, 0.0)
pose_time = 1435213145.4,(0.0, 0.0, 0.0),(0.0, 0.0, 0.0, 0.0)
pose_time = 1435213733.34,(0.0, 0.0, 0.0),(0.0, 0.0, 0.0, 0.0)
pose_time = 1435213733.37,(0.0, 0.0, 0.0),(0.0, 0.0, 0.0, 0.0)
pose_time = 1435213733.41,(0.0, 0.0, 0.0),(0.0, 0.0, 0.0, 0.0)
pose_time = 1435213733.44,(0.0, 0.0, 0.0),(0.0, 0.0, 0.0, 0.0)
pose_time = 1435213733.47,(0.0, 0.0, 0.0),(0.0, 0.0, 0.0, 0.0)
pose_time = 1435213733.51,(0.0, 0.0, 0.0),(0.0, 0.0, 0.0, 0.0)
pose_time = 1435213733.54,(0.0, 0.0, 0.0),(0.0, 0.0, 0.0, 0.0)
pose_time = 1435213733.57,(0.0, 0.0, 0.0),(0.0, 0.0, 0.0, 0.0)
pose_time = 1435213733.61,(0.0, 0.0, 0.0),(0.0, 0.0, 0.0, 0.0)
pose_time = 1435213733.64,(0.0, 0.0, 0.0),(0.0, 0.0, 0.0, 0.0)
pose_time = 1435213733.67,(0.0, 0.0, 0.0),(0.0, 0.0, 0.0, 0.0)
pose_time = 1435213733.71,(0.0, 0.0, 0.0),(0.0, 0.0, 0.0, 0.0)
pose_time = 1435213733.74,(0.0, 0.0, 0.0),(0.0, 0.0, 0.0, 0.0)
pose_time = 1435213733.77,(0.0, 0.0, 0.0),(0.0, 0.0, 0.0, 0.0)
pose_time = 1435213733.81,(0.0, 0.0, 0.0),(0.0, 0.0, 0.0, 0.0)
pose_time = 1435213733.84,(0.0, 0.0, 0.0),(0.0, 0.0, 0.0, 0.0)
pose_time = 1435213733.87,(0.0, 0.0, 0.0),(0.0, 0.0, 0.0, 0.0)
pose_time = 1435213733.91,(0.0, 0.0, 0.0),(0.0, 0.0, 0.0, 0.0)
pose_time = 1435213733.94,(0.0, 0.0, 0.0),(0.0, 0.0, 0.0, 0.0)
pose_time = 1435213733.97,(0.0, 0.0, 0.0),(0.0, 0.0, 0.0, 0.0)
pose_time = 1435213734.01,(0.0, 0.0, 0.0),(0.0, 0.0, 0.0, 0.0)
pose_time = 1435213734.04,(0.0, 0.0, 0.0),(0.0, 0.0, 0.0, 0.0)
pose_time = 1435213734.07,(0.0, 0.0, 0.0),(0.0, 0.0, 0.0, 0.0)
pose_time = 1435213734.11,(0.0, 0.0, 0.0),(0.0, 0.0, 0.0, 0.0)
pose_time = 1435213734.14,(0.0, 0.0, 0.0),(0.0, 0.0, 0.0, 0.0)
pose_time = 1435213734.17,(0.0, 0.0, 0.0),(0.0, 0.0, 0.0, 0.0)
pose_time = 1435213734.21,(0.0, 0.0, 0.0),(0.0, 0.0, 0.0, 0.0)
pose_time = 1435213734.24,(0.0, 0.0, 0.0),(0.0, 0.0, 0.0, 0.0)
pose_time = 1435213734.27,(0.0, 0.0, 0.0),(0.0, 0.0, 0.0, 0.0)
pose_time = 1435213734.31,(0.0, 0.0, 0.0),(0.0, 0.0, 0.0, 0.0)
pose_time = 1435213734.34,(0.0, 0.0, 0.0),(0.0, 0.0, 0.0, 0.0)
pose_time = 1435213734.37,(0.0, 0.0, 0.0),(0.0, 0.0, 0.0, 0.0)
pose_time = 1435213734.41,(0.0, 0.0, 0.0),(0.0, 0.0, 0.0, 0.0)
pose_time = 1435213734.44,(0.0, 0.0, 0.0),(0.0, 0.0, 0.0, 0.0)
pose_time = 1435213734.47,(0.0, 0.0, 0.0),(0.0, 0.0, 0.0, 0.0)
pose_time = 1435213734.51,(0.0, 0.0, 0.0),(0.0, 0.0, 0.0, 0.0)
pose_time = 1435213734.54,(0.0, 0.0, 0.0),(0.0, 0.0, 0.0, 0.0)
pose_time = 1435213734.57,(0.0, 0.0, 0.0),(0.0, 0.0, 0.0, 0.0)
pose_time = 1435213734.61,(0.0, 0.0, 0.0),(0.0, 0.0, 0.0, 0.0)
pose_time = 1435213734.64,(0.0, 0.0, 0.0),(0.0, 0.0, 0.0, 0.0)
pose_time = 1435213734.67,(0.0, 0.0, 0.0),(0.0, 0.0, 0.0, 0.0)
pose_time = 1435213734.71,(0.0, 0.0, 0.0),(0.0, 0.0, 0.0, 0.0)
pose_time = 1435213734.74,(0.0, 0.0, 0.0),(0.0, 0.0, 0.0, 0.0)
pose_time = 1435213734.77,(0.0, 0.0, 0.0),(0.0, 0.0, 0.0, 0.0)
pose_time = 1435213734.81,(0.0, 0.0, 0.0),(0.0, 0.0, 0.0, 0.0)
pose_time = 1435213734.84,(0.0, 0.0, 0.0),(0.0, 0.0, 0.0, 0.0)
pose_time = 1435213734.87,(0.0, 0.0, 0.0),(0.0, 0.0, 0.0, 0.0)
pose_time = 1435213734.91,(0.0, 0.0, 0.0),(0.0, 0.0, 0.0, 0.0)
pose_time = 1435213734.94,(0.0, 0.0, 0.0),(0.0, 0.0, 0.0, 0.0)
pose_time = 1435213734.97,(0.0, 0.0, 0.0),(0.0, 0.0, 0.0, 0.0)
pose_time = 1435213735.01,(0.0, 0.0, 0.0),(0.0, 0.0, 0.0, 0.0)
pose_time = 1435213735.04,(0.0, 0.0, 0.0),(0.0, 0.0, 0.0, 0.0)
pose_time = 1435213735.07,(0.0, 0.0, 0.0),(0.0, 0.0, 0.0, 0.0)
pose_time = 1435213735.11,(0.0, 0.0, 0.0),(0.0, 0.0, 0.0, 0.0)
pose_time = 1435213735.14,(0.0, 0.0, 0.0),(0.0, 0.0, 0.0, 0.0)
pose_time = 1435213735.17,(0.0, 0.0, 0.0),(0.0, 0.0, 0.0, 0.0)
pose_time = 1435213735.21,(0.0, 0.0, 0.0),(0.0, 0.0, 0.0, 0.0)
pose_time = 1435213735.24,(0.0, 0.0, 0.0),(0.0, 0.0, 0.0, 0.0)
pose_time = 1435213735.27,(0.0, 0.0, 0.0),(0.0, 0.0, 0.0, 0.0)
pose_time = 1435213735.31,(0.0, 0.0, 0.0),(0.0, 0.0, 0.0, 0.0)
pose_time = 1435213735.34,(0.0, 0.0, 0.0),(0.0, 0.0, 0.0, 0.0)
pose_time = 1435213735.37,(0.0, 0.0, 0.0),(0.0, 0.0, 0.0, 0.0)
pose_time = 1435213735.41,(0.0, 0.0, 0.0),(0.0, 0.0, 0.0, 0.0)
