0,1458684383,468000000,0.0,0.0,0.0,-0.0797399667325,-0.0797399667325,0.702596283584,0.702596283584,0
0,1458684383,502000000,0.0,0.0,0.0,-0.0797399667325,-0.0797399667325,0.702596283584,0.702596283584,1
0,1458684383,503000000,0.0,0.0,0.0,-0.0797399667325,-0.0797399667325,0.702596283584,0.702596283584,2
0,1458684383,508000000,0.0,0.0,0.0,-0.0797399667325,-0.0797399667325,0.702596283584,0.702596283584,3
0,1458684383,523000000,0.0,0.0,0.0,-0.0797399667325,-0.0797399667325,0.702596283584,0.702596283584,4
0,1458684383,534000000,0.0,0.0,0.0,-0.0797399667325,-0.0797399667325,0.702596283584,0.702596283584,5
0,1458684383,553000000,0.0,0.0,0.0,-0.0797399667325,-0.0797399667325,0.702596283584,0.702596283584,6
0,1458684383,568000000,0.0,0.0,0.0,-0.0797399667325,-0.0797399667325,0.702596283584,0.702596283584,7
0,1458684383,590000000,0.0,0.0,0.0,-0.0797399667325,-0.0797399667325,0.702596283584,0.702596283584,8
0,1458684383,597000000,0.0,0.0,0.0,-0.0797399667325,-0.0797399667325,0.702596283584,0.702596283584,9
0,1458684383,616000000,0.0,0.0,0.0,-0.0797399667325,-0.0797399667325,0.702596283584,0.702596283584,10
0,1458684383,630000000,0.0,0.0,0.0,-0.0797399667325,-0.0797399667325,0.702596283584,0.702596283584,11
0,1458684383,688000000,0.0,0.0,0.0,-0.0797399667325,-0.0797399667325,0.702596283584,0.702596283584,12
0,1458684383,688000000,0.0,0.0,0.0,-0.0797399667325,-0.0797399667325,0.702596283584,0.702596283584,13
0,1458684383,688000000,0.0,0.0,0.0,-0.0797399667325,-0.0797399667325,0.702596283584,0.702596283584,14
0,1458684383,701000000,0.0,0.0,0.0,-0.0797399667325,-0.0797399667325,0.702596283584,0.702596283584,15
0,1458684383,688000000,0.0,0.0,0.0,-0.0797399667325,-0.0797399667325,0.702596283584,0.702596283584,16
0,1458684383,722000000,0.0,0.0,0.0,-0.0797399667325,-0.0797399667325,0.702596283584,0.702596283584,17
0,1458684383,751000000,0.0,0.0,0.0,-0.0797399667325,-0.0797399667325,0.702596283584,0.702596283584,18
0,1458684383,766000000,0.0,0.0,0.0,-0.0797399667325,-0.0797399667325,0.702596283584,0.702596283584,19
0,1458684383,734000000,0.0,0.0,0.0,-0.0797399667325,-0.0797399667325,0.702596283584,0.702596283584,20
0,1458684383,782000000,0.0,0.0,0.0,-0.0797399667325,-0.0797399667325,0.702596283584,0.702596283584,21
0,1458684383,805000000,0.0,0.0,0.0,-0.0797399667325,-0.0797399667325,0.702596283584,0.702596283584,22
0,1458684383,819000000,0.0,0.0,0.0,-0.0797399667325,-0.0797399667325,0.702596283584,0.702596283584,23
0,1458684383,832000000,0.0,0.0,0.0,-0.0797399667325,-0.0797399667325,0.702596283584,0.702596283584,24
0,1458684383,866000000,0.0,0.0,0.0,-0.0797399667325,-0.0797399667325,0.702596283584,0.702596283584,25
0,1458684383,866000000,0.0,0.0,0.0,-0.0797399667325,-0.0797399667325,0.702596283584,0.702596283584,26
0,1458684383,886000000,0.0,0.0,0.0,-0.0797399667325,-0.0797399667325,0.702596283584,0.702596283584,27
0,1458684383,902000000,0.0,0.0,0.0,-0.0797399667325,-0.0797399667325,0.702596283584,0.702596283584,28
0,1458684383,934000000,0.0,0.0,0.0,-0.0797399667325,-0.0797399667325,0.702596283584,0.702596283584,29
0,1458684383,918000000,0.0,0.0,0.0,-0.0797399667325,-0.0797399667325,0.702596283584,0.702596283584,30
0,1458684383,950000000,0.0,0.0,0.0,-0.0797399667325,-0.0797399667325,0.702596283584,0.702596283584,31
0,1458684383,966000000,0.0,0.0,0.0,-0.0797399667325,-0.0797399667325,0.702596283584,0.702596283584,32
0,1458684383,985000000,0.0,0.0,0.0,-0.0797399667325,-0.0797399667325,0.702596283584,0.702596283584,33
0,1458684384,3000000,0.0,0.0,0.0,-0.0797399667325,-0.0797399667325,0.702596283584,0.702596283584,34
0,1458684384,32000000,0.0,0.0,0.0,-0.0797399667325,-0.0797399667325,0.702596283584,0.702596283584,35
0,1458684384,69000000,0.0,0.0,0.0,-0.0797399667325,-0.0797399667325,0.702596283584,0.702596283584,36
0,1458684384,57000000,0.0,0.0,0.0,-0.0797399667325,-0.0797399667325,0.702596283584,0.702596283584,37
0,1458684384,86000000,0.0,0.0,0.0,-0.0797399667325,-0.0797399667325,0.702596283584,0.702596283584,38
0,1458684384,100000000,0.0,0.0,0.0,-0.0797399667325,-0.0797399667325,0.702596283584,0.702596283584,39
0,1458684384,121000000,0.0,0.0,0.0,-0.0797399667325,-0.0797399667325,0.702596283584,0.702596283584,40
0,1458684384,123000000,0.0,0.0,0.0,-0.0797399667325,-0.0797399667325,0.702596283584,0.702596283584,41
0,1458684384,136000000,0.0,0.0,0.0,-0.0797399667325,-0.0797399667325,0.702596283584,0.702596283584,42
0,1458684384,153000000,0.0,0.0,0.0,-0.0797399667325,-0.0797399667325,0.702596283584,0.702596283584,43
0,1458684384,170000000,0.0,0.0,0.0,-0.0797399667325,-0.0797399667325,0.702596283584,0.702596283584,44
0,1458684384,183000000,0.0,0.0,0.0,-0.0797399667325,-0.0797399667325,0.702596283584,0.702596283584,45
0,1458684384,200000000,0.0,0.0,0.0,-0.0797399667325,-0.0797399667325,0.702596283584,0.702596283584,46
0,1458684384,224000000,0.0,0.0,0.0,-0.0797399667325,-0.0797399667325,0.702596283584,0.702596283584,47
0,1458684384,237000000,0.0,0.0,0.0,-0.0797399667325,-0.0797399667325,0.702596283584,0.702596283584,48
0,1458684384,252000000,0.0,0.0,0.0,-0.0797399667325,-0.0797399667325,0.702596283584,0.702596283584,49
0,1458684384,270000000,0.0,0.0,0.0,-0.0797399667325,-0.0797399667325,0.702596283584,0.702596283584,50
0,1458684384,285000000,0.0,0.0,0.0,-0.0797399667325,-0.0797399667325,0.702596283584,0.702596283584,51
0,1458684384,300000000,0.0,0.0,0.0,-0.0797399667325,-0.0797399667325,0.702596283584,0.702596283584,52
0,1458684384,321000000,0.0,0.0,0.0,-0.0797399667325,-0.0797399667325,0.702596283584,0.702596283584,53
0,1458684384,321000000,0.0,0.0,0.0,-0.0797399667325,-0.0797399667325,0.702596283584,0.702596283584,54
0,1458684384,336000000,0.0,0.0,0.0,-0.0797399667325,-0.0797399667325,0.702596283584,0.702596283584,55
0,1458684384,353000000,0.0,0.0,0.0,-0.0797399667325,-0.0797399667325,0.702596283584,0.702596283584,56
0,1458684384,390000000,0.0,0.0,0.0,-0.0797399667325,-0.0797399667325,0.702596283584,0.702596283584,57
0,1458684384,390000000,0.0,0.0,0.0,-0.0797399667325,-0.0797399667325,0.702596283584,0.702596283584,58
0,1458684384,414000000,0.0,0.0,0.0,-0.0797399667325,-0.0797399667325,0.702596283584,0.702596283584,59
1,1458684384,503000000,0.071769290432,0.0210698022459,-0.0112200956881,0.709298510291,-0.0206877581853,0.00339450666952,0.704596421567,60
1,1458684384,515000000,0.071769290432,0.0210698022459,-0.0112200956881,0.709298510291,-0.0206877581853,0.00339450666952,0.704596421567,61
1,1458684384,519000000,0.071769290432,0.0210698022459,-0.0112200956881,0.709298510291,-0.0206877581853,0.00339450666952,0.704596421567,62
1,1458684384,519000000,0.071769290432,0.0210698022459,-0.0112200956881,0.709298510291,-0.0206877581853,0.00339450666952,0.704596421567,63
1,1458684384,542000000,0.0775559349042,0.0208164258458,-0.0108752479529,0.709075048837,-0.0143156540499,-0.000792874388688,0.704987239967,64
1,1458684384,556000000,0.0775559349042,0.0208164258458,-0.0108752479529,0.709075048837,-0.0143156540499,-0.000792874388688,0.704987239967,65
1,1458684384,581000000,0.0832451391776,0.0207089263019,-0.0106632769813,0.708424171446,-0.00921859792209,-0.00572765727613,0.70570348214,66
1,1458684384,582000000,0.0832451391776,0.0207089263019,-0.0106632769813,0.708424171446,-0.00921859792209,-0.00572765727613,0.70570348214,67
1,1458684384,582000000,0.0832451391776,0.0207089263019,-0.0106632769813,0.708424171446,-0.00921859792209,-0.00572765727613,0.70570348214,68
1,1458684384,582000000,0.0832451391776,0.0207089263019,-0.0106632769813,0.708424171446,-0.00921859792209,-0.00572765727613,0.70570348214,69
1,1458684384,607000000,0.0887314033623,0.0206393193287,-0.0106209753733,0.707824255318,-0.00628528930419,-0.0098432124806,0.70629202876,70
1,1458684384,607000000,0.0887314033623,0.0206393193287,-0.0106209753733,0.707824255318,-0.00628528930419,-0.0098432124806,0.70629202876,71
1,1458684384,652000000,0.0941325829222,0.0204957820565,-0.0104829056767,0.707274587846,-0.00380460105039,-0.0138022817701,0.7067939441,72
1,1458684384,652000000,0.0941325829222,0.0204957820565,-0.0104829056767,0.707274587846,-0.00380460105039,-0.0138022817701,0.7067939441,73
1,1458684384,682000000,0.101006876506,0.020250607558,-0.0101569070466,0.706775022378,-0.000552552134895,-0.0181393314011,0.707205576254,74
1,1458684384,703000000,0.105766341789,0.0202283570347,-0.00998806019638,0.706549246685,0.00213883008233,-0.0204737361383,0.70736441354,75
1,1458684384,703000000,0.105766341789,0.0202283570347,-0.00998806019638,0.706549246685,0.00213883008233,-0.0204737361383,0.70736441354,76
1,1458684384,733000000,0.1087748051,0.0203063730591,-0.00989200922598,0.706415995474,0.00405243468506,-0.0216268039785,0.707454804536,77
1,1458684384,745000000,0.111711901787,0.020422788743,-0.00974325833121,0.706281519716,0.00602985383819,-0.022476058126,0.707548501929,78
1,1458684384,682000000,0.101006876506,0.020250607558,-0.0101569070466,0.706775022378,-0.000552552134895,-0.0181393314011,0.707205576254,79
1,1458684384,745000000,0.111711901787,0.020422788743,-0.00974325833121,0.706281519716,0.00602985383819,-0.022476058126,0.707548501929,80
1,1458684384,771000000,0.114618059965,0.0205679835707,-0.00953230112926,0.706151627053,0.0079449184388,-0.0231061413497,0.707638936262,81
1,1458684384,772000000,0.114618059965,0.0205679835707,-0.00953230112926,0.706151627053,0.0079449184388,-0.0231061413497,0.707638936262,82
1,1458684384,792000000,0.117517651648,0.0207411813121,-0.00928602950409,0.70600786154,0.00970025382879,-0.0236909245559,0.707741156506,83
1,1458684384,822000000,0.120010496118,0.0210502996559,-0.00919623303783,0.705734440777,0.0119223888073,-0.0246653541161,0.707946591243,84
1,1458684384,826000000,0.120010496118,0.0210502996559,-0.00919623303783,0.705734440777,0.0119223888073,-0.0246653541161,0.707946591243,85
1,1458684384,855000000,0.123240275504,0.0214410768449,-0.00896206990797,0.705372369904,0.0145695851312,-0.0257271154959,0.70822006643,86
1,1458684384,899000000,0.125656267443,0.0219141243355,-0.00852389318503,0.705170385036,0.0177538347658,-0.0258313483448,0.708344740124,87
1,1458684384,899000000,0.125656267443,0.0219141243355,-0.00852389318503,0.705170385036,0.0177538347658,-0.0258313483448,0.708344740124,88
1,1458684384,870000000,0.123240275504,0.0214410768449,-0.00896206990797,0.705372369904,0.0145695851312,-0.0257271154959,0.70822006643,89
1,1458684384,925000000,0.126866302391,0.0222635405289,-0.00804921149612,0.705167644268,0.0205397766971,-0.0253067390393,0.708291098356,90
1,1458684384,931000000,0.126866302391,0.0222635405289,-0.00804921149612,0.705167644268,0.0205397766971,-0.0253067390393,0.708291098356,91
1,1458684384,964000000,0.128390390217,0.0226135340259,-0.00734603448088,0.705251852442,0.0239991763585,-0.0244728084498,0.708127775058,92
1,1458684384,970000000,0.128390390217,0.0226135340259,-0.00734603448088,0.705251852442,0.0239991763585,-0.0244728084498,0.708127775058,93
1,1458684385,1000000,0.128919904973,0.0227188668778,-0.00683411824836,0.705375533076,0.025994938849,-0.0240834495769,0.707947461291,94
1,1458684384,998000000,0.128919904973,0.0227188668778,-0.00683411824836,0.705375533076,0.025994938849,-0.0240834495769,0.707947461291,95
1,1458684385,6000000,0.128919904973,0.0227188668778,-0.00683411824836,0.705375533076,0.025994938849,-0.0240834495769,0.707947461291,96
1,1458684385,31000000,0.129191368892,0.0227907929534,-0.00632258736377,0.705493317114,0.0275903295215,-0.0239231021277,0.707775132658,97
1,1458684385,63000000,0.12948161761,0.0228828026267,-0.00569964102824,0.705637628434,0.0289604741262,-0.0237587611603,0.707582044391,98
1,1458684385,67000000,0.12956768756,0.0229139611198,-0.00547552176594,0.705684456601,0.029416243892,-0.0236564406711,0.707519968002,99
1,1458684385,90000000,0.129746115011,0.0228750199168,-0.00506031685529,0.705808544678,0.0303774397319,-0.0233776863142,0.707364823269,100
1,1458684385,93000000,0.12983607521,0.0227997635846,-0.00487074440235,0.705887780733,0.0309119820257,-0.0231844096711,0.707268954167,101
1,1458684385,108000000,0.129913041769,0.0227127571462,-0.00467872725696,0.705970865038,0.0314950119926,-0.0229569267763,0.707167718048,102
1,1458684385,123000000,0.129980462017,0.0226161826222,-0.00448554530076,0.706055974291,0.0321204237297,-0.0226942327873,0.70706308866,103
1,1458684385,142000000,0.130095033591,0.0224068568659,-0.0040990573499,0.706191358139,0.0334664461909,-0.0220681276931,0.706885252647,104
1,1458684385,164000000,0.130197613206,0.0221980254984,-0.0036875407609,0.70637312164,0.0349262731779,-0.0213439767651,0.706655222242,105
1,1458684385,189000000,0.130356415811,0.0219236559498,-0.00301880115773,0.706639322201,0.0373642828869,-0.0200294791521,0.706302766983,106
1,1458684385,197000000,0.130356415811,0.0219236559498,-0.00301880115773,0.706639322201,0.0373642828869,-0.0200294791521,0.706302766983,107
1,1458684385,220000000,0.130537722366,0.0216020054364,-0.00247828153268,0.706680665638,0.0398722022631,-0.0186852943923,0.706161103484,108
1,1458684385,224000000,0.130537722366,0.0216020054364,-0.00247828153268,0.706680665638,0.0398722022631,-0.0186852943923,0.706161103484,109
1,1458684385,245000000,0.130670433998,0.0213509295826,-0.00186436817081,0.706737361591,0.0422611567299,-0.0173327811183,0.705999908684,110
1,1458684385,251000000,0.130670433998,0.0213509295826,-0.00186436817081,0.706737361591,0.0422611567299,-0.0173327811183,0.705999908684,111
1,1458684385,272000000,0.130709892889,0.0210540774644,-0.00102128404007,0.707041426569,0.0446987549438,-0.015640869361,0.705584726045,112
1,1458684385,291000000,0.130719398314,0.0208314658474,-0.00075401333088,0.70718243112,0.0455279304693,-0.0149902690074,0.705404499913,113
1,1458684385,296000000,0.130713794693,0.0205980007891,-0.000481726029053,0.707318115204,0.0463522488278,-0.0143179555327,0.705228721112,114
1,1458684385,321000000,0.130662948687,0.0201238385299,7.08833973983e-05,0.707559013574,0.0478836897744,-0.0129852841209,0.70491047443,115
1,1458684385,341000000,0.130574487358,0.0196654812162,0.000640580813165,0.707744217701,0.0491484233495,-0.011742119779,0.704659263344,116
1,1458684385,346000000,0.130574487358,0.0196654812162,0.000640580813165,0.707744217701,0.0491484233495,-0.011742119779,0.704659263344,117
1,1458684385,366000000,0.130422048431,0.01903850574,0.00152789001925,0.707893846828,0.0505759502098,-0.0100045380255,0.704434726645,118
1,1458684385,371000000,0.130422048431,0.01903850574,0.00152789001925,0.707893846828,0.0505759502098,-0.0100045380255,0.704434726645,119
1,1458684385,396000000,0.130219003007,0.0184258990586,0.00237313685225,0.707819655771,0.0515166280715,-0.00844887560331,0.704461488257,120
1,1458684385,424000000,0.129856199451,0.0177841928866,0.00303887243221,0.707247205859,0.0521105826003,-0.00716828728724,0.705006732339,121
1,1458684385,432000000,0.129856199451,0.0177841928866,0.00303887243221,0.707247205859,0.0521105826003,-0.00716828728724,0.705006732339,122
1,1458684385,446000000,0.129535824363,0.017395834342,0.0033960563129,0.70658802937,0.0524408436989,-0.00637591186296,0.705650524277,123
1,1458684385,450000000,0.129535824363,0.017395834342,0.0033960563129,0.70658802937,0.0524408436989,-0.00637591186296,0.705650524277,124
1,1458684385,478000000,0.128931476164,0.0169041184437,0.00397578750297,0.70549841397,0.0530106209483,-0.00494542407336,0.706708854291,125
1,1458684385,485000000,0.1287010593,0.0167608265451,0.00421194939448,0.705172391595,0.0532466113484,-0.00432383141166,0.7070205096,126
1,1458684385,499000000,0.128438202382,0.0165973997716,0.00444570936428,0.7048844242,0.0534720193969,-0.00366246373671,0.707294336201,127
1,1458684385,530000000,0.127589539378,0.0161143673126,0.00520595428403,0.704062869407,0.0540626971588,-0.00151370648689,0.708075143887,128
1,1458684385,533000000,0.127300116474,0.0159607552523,0.00546432563874,0.703773167306,0.0541697649816,-0.000822439939315,0.708356046868,129
1,1458684385,562000000,0.126727052174,0.0157015479905,0.00597988546656,0.703132661458,0.0541464246826,0.000442266485604,0.708993955888,130
1,1458684385,587000000,0.126727052174,0.0157015479905,0.00597988546656,0.703132661458,0.0541464246826,0.000442266485604,0.708993955888,131
1,1458684385,590000000,0.126434347558,0.0156027241688,0.00624236331676,0.702781361987,0.053990966992,0.00102455394864,0.709353426027,132
1,1458684385,590000000,0.126434347558,0.0156027241688,0.00624236331676,0.702781361987,0.053990966992,0.00102455394864,0.709353426027,133
1,1458684385,624000000,0.124186654878,0.0155699593746,0.00746200436191,0.700767015712,0.0528845003441,0.00438364060612,0.711413805748,134
1,1458684385,631000000,0.124186654878,0.0155699593746,0.00746200436191,0.700767015712,0.0528845003441,0.00438364060612,0.711413805748,135
1,1458684385,650000000,0.122171713266,0.0157192808156,0.00834708163268,0.699591737466,0.0528524444933,0.00777111274101,0.712543072233,136
1,1458684385,686000000,0.118954104901,0.0157178560607,0.00974243019931,0.698514736323,0.0531012433303,0.0133788274311,0.7134973217,137
1,1458684385,686000000,0.118954104901,0.0157178560607,0.00974243019931,0.698514736323,0.0531012433303,0.0133788274311,0.7134973217,138
1,1458684385,714000000,0.117290444118,0.0155087864218,0.0103121400199,0.698191137096,0.0525622511511,0.0158992874462,0.713802184427,139
1,1458684385,714000000,0.117290444118,0.0155087864218,0.0103121400199,0.698191137096,0.0525622511511,0.0158992874462,0.713802184427,140
1,1458684385,734000000,0.114979053045,0.0149764834647,0.0111969823777,0.697859442301,0.050282286668,0.0184892809518,0.714228280684,141
1,1458684385,760000000,0.113581041553,0.0145474053354,0.0118391864396,0.697829237471,0.0478510364279,0.0194291324414,0.714399847743,142
1,1458684385,760000000,0.113581041553,0.0145474053354,0.0118391864396,0.697829237471,0.0478510364279,0.0194291324414,0.714399847743,143
1,1458684385,787000000,0.111625883466,0.01377928303,0.0128308667366,0.698176120217,0.0433176108609,0.0200577309096,0.714332819614,144
1,1458684385,807000000,0.110340519997,0.0131238079699,0.0134157299686,0.698472457516,0.0400621880842,0.0203810458854,0.714223956575,145
1,1458684385,826000000,0.108993519311,0.0123772824807,0.0140208542223,0.698809330075,0.0367813287819,0.0207948951136,0.714058979631,146
1,1458684385,856000000,0.106799868417,0.0112263994341,0.0149833270022,0.699464003484,0.0320113589865,0.0218003282616,0.713617633199,147
1,1458684385,853000000,0.106799868417,0.0112263994341,0.0149833270022,0.699464003484,0.0320113589865,0.0218003282616,0.713617633199,148
1,1458684385,880000000,0.105238730054,0.0104545975854,0.0156615263899,0.700024206872,0.0289854504232,0.0227145317081,0.713168986641,149
1,1458684385,880000000,0.105238730054,0.0104545975854,0.0156615263899,0.700024206872,0.0289854504232,0.0227145317081,0.713168986641,150
1,1458684385,897000000,0.103655850134,0.00968620413294,0.0162705549983,0.700495711776,0.0260404159906,0.0237308056317,0.712786436026,151
1,1458684385,930000000,0.100567980529,0.00820889205968,0.0172899852514,0.70125111326,0.0201479260359,0.0255265264337,0.712172264046,152
1,1458684385,933000000,0.100567980529,0.00820889205968,0.0172899852514,0.70125111326,0.0201479260359,0.0255265264337,0.712172264046,153
1,1458684385,959000000,0.0990962747773,0.00746754257147,0.0177810942546,0.701626742024,0.0170006935896,0.0260849890134,0.711864077364,154
1,1458684385,963000000,0.0990962747773,0.00746754257147,0.0177810942546,0.701626742024,0.0170006935896,0.0260849890134,0.711864077364,155
1,1458684385,981000000,0.0976811295628,0.00669927568645,0.0182675686465,0.702053565232,0.0136855285317,0.0263876860684,0.711503470039,156
1,1458684385,984000000,0.0976811295628,0.00669927568645,0.0182675686465,0.702053565232,0.0136855285317,0.0263876860684,0.711503470039,157
1,1458684386,10000000,0.0956119561931,0.00544025102551,0.0188542803462,0.70267177858,0.00846711892809,0.0263739559007,0.710974749154,158
1,1458684386,29000000,0.0949390334337,0.00499594844834,0.019020298189,0.702866136421,0.00670879195523,0.0262799022939,0.710804862898,159
1,1458684386,56000000,0.0923137418713,0.00315233710658,0.019689916557,0.703787098154,-0.000208030168604,0.0259005275088,0.709938616974,160
1,1458684386,59000000,0.0923137418713,0.00315233710658,0.019689916557,0.703787098154,-0.000208030168604,0.0259005275088,0.709938616974,161
1,1458684386,155000000,0.0848814618974,-0.00145274647202,0.0210533673905,0.70668560631,-0.0149508265277,0.0272035930856,0.706846440992,162
1,1458684386,147000000,0.0857062688016,-0.0010094705819,0.0209518150034,0.706374007205,-0.0136560493305,0.0268946096906,0.707195838669,163
1,1458684386,158000000,0.0848814618974,-0.00145274647202,0.0210533673905,0.70668560631,-0.0149508265277,0.0272035930856,0.706846440992,164
1,1458684386,91000000,0.0903364766218,0.00171115753316,0.0202164679233,0.70463445461,-0.00506330241727,0.0258810221863,0.70908026417,165
1,1458684386,114000000,0.0888571599933,0.000797370134459,0.0205112796357,0.705227602289,-0.00811417254315,0.0260674730854,0.708455133386,166
1,1458684386,214000000,0.0814375387252,-0.00317603944944,0.0214301041218,0.707935977213,-0.0198337868102,0.02879291301,0.705410689761,167
1,1458684386,222000000,0.0787089579878,-0.00434017644077,0.0217240460389,0.708956552468,-0.0235818842678,0.0299477083075,0.704221297756,168
1,1458684386,222000000,0.0787089579878,-0.00434017644077,0.0217240460389,0.708956552468,-0.0235818842678,0.0299477083075,0.704221297756,169
1,1458684386,255000000,0.0759332218929,-0.00556575551389,0.0219627597933,0.709982146876,-0.0277299212305,0.030749776057,0.703001318532,170
1,1458684386,255000000,0.0759332218929,-0.00556575551389,0.0219627597933,0.709982146876,-0.0277299212305,0.030749776057,0.703001318532,171
1,1458684386,255000000,0.0759332218929,-0.00556575551389,0.0219627597933,0.709982146876,-0.0277299212305,0.030749776057,0.703001318532,172
1,1458684386,298000000,0.0721817013138,-0.00708258183677,0.0223305166829,0.711444772337,-0.0338171292231,0.0314468811738,0.701223096703,173
1,1458684386,298000000,0.0721817013138,-0.00708258183677,0.0223305166829,0.711444772337,-0.0338171292231,0.0314468811738,0.701223096703,174
1,1458684386,298000000,0.0721817013138,-0.00708258183677,0.0223305166829,0.711444772337,-0.0338171292231,0.0314468811738,0.701223096703,175
1,1458684386,313000000,0.0702630995297,-0.00778540911263,0.0225314575494,0.712200299927,-0.0369730839655,0.0317974129833,0.700280406961,176
1,1458684386,351000000,0.0662379301822,-0.00916380044123,0.0228124892813,0.713698583626,-0.0432064020689,0.0327388563403,0.698352135986,177
1,1458684386,366000000,0.0662379301822,-0.00916380044123,0.0228124892813,0.713698583626,-0.0432064020689,0.0327388563403,0.698352135986,178
1,1458684386,398000000,0.0618224733446,-0.010480117168,0.023046154895,0.715325649721,-0.0492516835617,0.0346158897354,0.696193383117,179
1,1458684386,426000000,0.0594381605684,-0.0111507839841,0.0231944358051,0.716203067537,-0.0521957602132,0.0362507780824,0.69499255374,180
1,1458684386,441000000,0.0569706123651,-0.0117950005771,0.0233197863399,0.717099870122,-0.0550210966217,0.0380568184495,0.693752213523,181
1,1458684386,438000000,0.0569706123651,-0.0117950005771,0.0233197863399,0.717099870122,-0.0550210966217,0.0380568184495,0.693752213523,182
1,1458684386,401000000,0.0606413130147,-0.0108195597804,0.0231257835382,0.715770501742,-0.0507429217167,0.0354098462584,0.695588878232,183
1,1458684386,458000000,0.0544293271593,-0.0124360428717,0.0234428143301,0.717889715685,-0.0576311603001,0.0398297586272,0.69262298244,184
1,1458684386,461000000,0.0544293271593,-0.0124360428717,0.0234428143301,0.717889715685,-0.0576311603001,0.0398297586272,0.69262298244,185
1,1458684386,491000000,0.0492250307509,-0.0136708035011,0.0236553700117,0.719326739572,-0.0630136515451,0.043453926757,0.690441943761,186
1,1458684386,521000000,0.045296821575,-0.0144763433274,0.0238573286952,0.720401406216,-0.0674549392204,0.0462167485226,0.688720304081,187
1,1458684386,489000000,0.0492250307509,-0.0136708035011,0.0236553700117,0.719326739572,-0.0630136515451,0.043453926757,0.690441943761,188
1,1458684386,541000000,0.0426580270765,-0.0149345984125,0.0239417609829,0.720856805459,-0.0704895840802,0.0476056707148,0.687844738786,189
1,1458684386,524000000,0.045296821575,-0.0144763433274,0.0238573286952,0.720401406216,-0.0674549392204,0.0462167485226,0.688720304081,190
1,1458684386,573000000,0.0400153649879,-0.0153028061434,0.0239635420008,0.721146458565,-0.0736142448564,0.0488485704712,0.687126295098,191
1,1458684386,602000000,0.036073613588,-0.0156630378707,0.0239097988943,0.721295265238,-0.078401999322,0.050608078146,0.686312676026,192
1,1458684386,595000000,0.036073613588,-0.0156630378707,0.0239097988943,0.721295265238,-0.078401999322,0.050608078146,0.686312676026,193
1,1458684386,625000000,0.0321717812269,-0.0157779563177,0.0238079852247,0.721123263274,-0.0832355545757,0.0524459640689,0.685786047155,194
1,1458684386,650000000,0.0295525922456,-0.015630487053,0.0236375566461,0.720658323129,-0.0863303888909,0.0535843461022,0.685804172568,195
1,1458684386,630000000,0.030864583488,-0.015729792134,0.0237353069492,0.720954359008,-0.0848056076793,0.0530535264749,0.685724539784,196
1,1458684386,682000000,0.0255547190439,-0.0150000170415,0.0232208586449,0.719061808627,-0.0909484758924,0.0548279956316,0.686784086159,197
1,1458684386,657000000,0.0295525922456,-0.015630487053,0.0236375566461,0.720658323129,-0.0863303888909,0.0535843461022,0.685804172568,198
1,1458684386,701000000,0.0214533874816,-0.01385224233,0.0227265622323,0.717006109755,-0.096051830123,0.0560799871927,0.688136119921,199
1,1458684386,733000000,0.0171398146309,-0.0121793674873,0.0222060030373,0.714466943667,-0.100359213736,0.05659454619,0.690117433461,200
1,1458684386,740000000,0.0171398146309,-0.0121793674873,0.0222060030373,0.714466943667,-0.100359213736,0.05659454619,0.690117433461,201
1,1458684386,740000000,0.0171398146309,-0.0121793674873,0.0222060030373,0.714466943667,-0.100359213736,0.05659454619,0.690117433461,202
1,1458684386,764000000,0.0125651349176,-0.0104988159454,0.0216746957278,0.712675723399,-0.101475076763,0.0575070180395,0.691729040123,203
1,1458684386,787000000,0.0110132225379,-0.0100651868414,0.0214902402198,0.712246196328,-0.101116698895,0.0581326141926,0.692171487558,204
1,1458684386,798000000,0.0110132225379,-0.0100651868414,0.0214902402198,0.712246196328,-0.101116698895,0.0581326141926,0.692171487558,205
1,1458684386,844000000,0.00262921030265,-0.00951463791958,0.0208163775342,0.711801524215,-0.0976532724797,0.0646017371172,0.692552556895,206
1,1458684386,844000000,0.00262921030265,-0.00951463791958,0.0208163775342,0.711801524215,-0.0976532724797,0.0646017371172,0.692552556895,207
1,1458684386,844000000,0.00262921030265,-0.00951463791958,0.0208163775342,0.711801524215,-0.0976532724797,0.0646017371172,0.692552556895,208
1,1458684386,872000000,-0.000783172834226,-0.0105635786576,0.0206411835145,0.71332140369,-0.0975182167158,0.0662915374179,0.690846006366,209
1,1458684386,877000000,-0.000783172834226,-0.0105635786576,0.0206411835145,0.71332140369,-0.0975182167158,0.0662915374179,0.690846006366,210
1,1458684386,900000000,-0.00500597045604,-0.0130445371403,0.0204677632167,0.716591294277,-0.0992063685891,0.0661028441527,0.687230257914,211
1,1458684386,941000000,-0.00709477064634,-0.0144642682272,0.0203218517759,0.71815533388,-0.100576089178,0.0658351699203,0.685421838802,212
1,1458684386,948000000,-0.00709477064634,-0.0144642682272,0.0203218517759,0.71815533388,-0.100576089178,0.0658351699203,0.685421838802,213
1,1458684386,978000000,-0.0111391879975,-0.0170456879402,0.0199705364767,0.721148161061,-0.103364237288,0.0644773960539,0.681985212191,214
1,1458684386,992000000,-0.0138313928893,-0.0185284999011,0.0198781578394,0.72292895879,-0.106210390226,0.0620854479669,0.679881218083,215
1,1458684386,992000000,-0.0138313928893,-0.0185284999011,0.0198781578394,0.72292895879,-0.106210390226,0.0620854479669,0.679881218083,216
1,1458684387,17000000,-0.0151813385067,-0.0192637195302,0.0198908934653,0.723544569831,-0.109547884343,0.0589507109047,0.678975205871,217
1,1458684387,23000000,-0.0157062476021,-0.0195414144949,0.0198540962148,0.723666094673,-0.111726291936,0.0566897942598,0.678683200277,218
1,1458684387,56000000,-0.0167516030624,-0.0201655045358,0.0197152416307,0.723716650058,-0.119679255703,0.0471585982291,0.678002325067,219
1,1458684387,59000000,-0.0167516030624,-0.0201655045358,0.0197152416307,0.723716650058,-0.119679255703,0.0471585982291,0.678002325067,220
1,1458684387,53000000,-0.0167516030624,-0.0201655045358,0.0197152416307,0.723716650058,-0.119679255703,0.0471585982291,0.678002325067,221
1,1458684387,83000000,-0.0170815789312,-0.0208371351703,0.0197676333723,0.723734373985,-0.130436534934,0.0350259751951,0.676733365018,222
1,1458684387,112000000,-0.015205535481,-0.0224641686913,0.0199831317132,0.724717868288,-0.145890798061,0.018994293899,0.673156076422,223
1,1458684387,112000000,-0.015205535481,-0.0224641686913,0.0199831317132,0.724717868288,-0.145890798061,0.018994293899,0.673156076422,224
1,1458684387,87000000,-0.0170815789312,-0.0208371351703,0.0197676333723,0.723734373985,-0.130436534934,0.0350259751951,0.676733365018,225
1,1458684387,128000000,-0.0143924648503,-0.0231986132545,0.0199935862276,0.724690730029,-0.151396024531,0.0127884820365,0.672115350437,226
1,1458684387,148000000,-0.0126342142401,-0.0248870368471,0.0199437516545,0.724590497767,-0.162846223467,-0.000170448683109,0.669663862691,227
1,1458684387,169000000,-0.0101502353564,-0.0276469269024,0.0197538643308,0.72444854784,-0.179237672037,-0.018407147664,0.665364062278,228
1,1458684387,213000000,-0.00608653830097,-0.0311407147825,0.0195926264317,0.725141518544,-0.196482488036,-0.036712950675,0.658951112929,229
1,1458684387,219000000,-0.00608653830097,-0.0311407147825,0.0195926264317,0.725141518544,-0.196482488036,-0.036712950675,0.658951112929,230
1,1458684387,233000000,-0.00537395497985,-0.0318421104065,0.0195198381821,0.725219218566,-0.199317338949,-0.0397546810211,0.657836794922,231
1,1458684387,252000000,-0.0039253552792,-0.0334504815559,0.0192126252548,0.725682802368,-0.204548854996,-0.0455484194743,0.655339284456,232
1,1458684387,262000000,-0.0039253552792,-0.0334504815559,0.0192126252548,0.725682802368,-0.204548854996,-0.0455484194743,0.655339284456,233
1,1458684387,283000000,-0.00281707330573,-0.0343901525978,0.0189223628644,0.726485929443,-0.205188035147,-0.0466493060941,0.654171160167,234
1,1458684387,288000000,-0.00281707330573,-0.0343901525978,0.0189223628644,0.726485929443,-0.205188035147,-0.0466493060941,0.654171160167,235
1,1458684387,317000000,-0.00208729620525,-0.0344443576076,0.0186246473895,0.727516613378,-0.20171833888,-0.0435396342582,0.654319179962,236
1,1458684387,317000000,-0.00208729620525,-0.0344443576076,0.0186246473895,0.727516613378,-0.20171833888,-0.0435396342582,0.654319179962,237
1,1458684387,343000000,-0.00180984088196,-0.0335189485628,0.0181392691584,0.728079313418,-0.195021142887,-0.037326859671,0.656105153727,238
1,1458684387,385000000,-0.00183365729681,-0.0312074305037,0.017180273577,0.72781983738,-0.183699458935,-0.0273367986635,0.660140509696,239
1,1458684387,337000000,-0.00186169762225,-0.0339248245419,0.018332152605,0.728021335272,-0.197536778862,-0.0395923600828,0.655283603799,240
1,1458684387,364000000,-0.00180527689769,-0.0324793252107,0.017675915961,0.72807541821,-0.189446987242,-0.0323567240838,0.658003850164,241
1,1458684387,426000000,-0.00186336277176,-0.0282225882566,0.0160193407151,0.726253469773,-0.171903797935,-0.0177549112723,0.665349340591,242
1,1458684387,430000000,-0.00186336277176,-0.0282225882566,0.0160193407151,0.726253469773,-0.171903797935,-0.0177549112723,0.665349340591,243
1,1458684387,458000000,-0.00196451895155,-0.025932296047,0.0151531808503,0.724797841293,-0.162782362832,-0.0110479433566,0.669363828239,244
1,1458684387,458000000,-0.00196451895155,-0.025932296047,0.0151531808503,0.724797841293,-0.162782362832,-0.0110479433566,0.669363828239,245
1,1458684387,489000000,-0.0022060794141,-0.0231352497692,0.0140443487088,0.722802560372,-0.149717704424,-0.00153095482639,0.674639699306,246
1,1458684387,494000000,-0.0022060794141,-0.0231352497692,0.0140443487088,0.722802560372,-0.149717704424,-0.00153095482639,0.674639699306,247
1,1458684387,531000000,-0.00262973316724,-0.0206996845818,0.0129756162561,0.721654217598,-0.134370976014,0.010132517644,0.679011754769,248
1,1458684387,535000000,-0.00262973316724,-0.0206996845818,0.0129756162561,0.721654217598,-0.134370976014,0.010132517644,0.679011754769,249
1,1458684387,540000000,-0.00262973316724,-0.0206996845818,0.0129756162561,0.721654217598,-0.134370976014,0.010132517644,0.679011754769,250
1,1458684387,572000000,-0.00261147101165,-0.0188363396522,0.0117828287585,0.720731696565,-0.119299444874,0.0225196006127,0.682500059785,251
1,1458684387,572000000,-0.00261147101165,-0.0188363396522,0.0117828287585,0.720731696565,-0.119299444874,0.0225196006127,0.682500059785,252
1,1458684387,582000000,-0.00261147101165,-0.0188363396522,0.0117828287585,0.720731696565,-0.119299444874,0.0225196006127,0.682500059785,253
1,1458684387,603000000,-0.00145026153915,-0.0179373010909,0.0108085743197,0.719789898824,-0.111596832762,0.0281366661349,0.684585258742,254
1,1458684387,610000000,-0.00145026153915,-0.0179373010909,0.0108085743197,0.719789898824,-0.111596832762,0.0281366661349,0.684585258742,255
1,1458684387,636000000,0.0014686309413,-0.0173761855231,0.00988239048353,0.71928249324,-0.109543826743,0.0274755478061,0.685476432282,256
1,1458684387,633000000,0.0014686309413,-0.0173761855231,0.00988239048353,0.71928249324,-0.109543826743,0.0274755478061,0.685476432282,257
1,1458684387,662000000,0.0057975099214,-0.0170574666007,0.0089607919457,0.718615547444,-0.111973230746,0.0213359040359,0.686001800119,258
1,1458684387,666000000,0.0057975099214,-0.0170574666007,0.0089607919457,0.718615547444,-0.111973230746,0.0213359040359,0.686001800119,259
1,1458684387,681000000,0.00886072309424,-0.0168487546289,0.00834416361953,0.71782780237,-0.11456098924,0.0151031897697,0.686564577843,260
1,1458684387,694000000,0.010307696341,-0.0166828833551,0.00805459603939,0.717363248035,-0.115784103959,0.0117671396577,0.686910144097,261
1,1458684387,714000000,0.0130488755008,-0.0162723534279,0.00752251597428,0.716425884024,-0.117843957684,0.00512931486221,0.687619403789,262
1,1458684387,732000000,0.0154567758487,-0.015717730733,0.00703276157042,0.715550234684,-0.118922024134,-0.000476666739185,0.68836413809,263
1,1458684387,757000000,0.0174974183864,-0.0149950704623,0.00655558841065,0.714745134805,-0.11857882516,-0.00439445737541,0.689245343286,264
1,1458684387,761000000,0.0183916419997,-0.0145692032445,0.00630421942955,0.714355482274,-0.117747216183,-0.00568736956971,0.689782206101,265
1,1458684387,794000000,0.0208790971056,-0.0132350251452,0.00557629984063,0.713419801857,-0.112698276597,-0.00713206356536,0.691578208477,266
1,1458684387,794000000,0.0208790971056,-0.0132350251452,0.00557629984063,0.713419801857,-0.112698276597,-0.00713206356536,0.691578208477,267
1,1458684387,815000000,0.0225379517408,-0.012435855816,0.00517154931075,0.713091244709,-0.107868703684,-0.00669345516362,0.69269070814,268
1,1458684387,834000000,0.0240559291502,-0.0115668749938,0.00473938671541,0.712803567269,-0.102419081848,-0.00565376933943,0.693822341132,269
1,1458684387,839000000,0.0240559291502,-0.0115668749938,0.00473938671541,0.712803567269,-0.102419081848,-0.00565376933943,0.693822341132,270
1,1458684387,871000000,0.0261927968222,-0.0102367492966,0.00410539134517,0.712309236064,-0.0942915747988,-0.00420124421291,0.695490474907,271
1,1458684387,871000000,0.0261927968222,-0.0102367492966,0.00410539134517,0.712309236064,-0.0942915747988,-0.00420124421291,0.695490474907,272
1,1458684387,916000000,0.0300140398538,-0.00857866643304,0.00321126853789,0.710746651095,-0.0835078980301,-0.00434521928812,0.698460269445,273
1,1458684387,916000000,0.0300140398538,-0.00857866643304,0.00321126853789,0.710746651095,-0.0835078980301,-0.00434521928812,0.698460269445,274
1,1458684387,944000000,0.0327760558285,-0.00790537048613,0.00284154513323,0.709684354107,-0.0789273934205,-0.00631994157186,0.700056170919,275
1,1458684387,959000000,0.0337657007488,-0.0077312139882,0.00275838791927,0.709396189679,-0.0775818730504,-0.00718888711077,0.700490127657,276
1,1458684387,959000000,0.0337657007488,-0.0077312139882,0.00275838791927,0.709396189679,-0.0775818730504,-0.00718888711077,0.700490127657,277
1,1458684387,982000000,0.0368378962393,-0.00745425999206,0.00254862456187,0.708589136192,-0.0738985268901,-0.0101455200428,0.701667665079,278
1,1458684387,991000000,0.0368378962393,-0.00745425999206,0.00254862456187,0.708589136192,-0.0738985268901,-0.0101455200428,0.701667665079,279
1,1458684388,27000000,0.041216458431,-0.00760613279657,0.00227489345841,0.70794952827,-0.0693900565224,-0.0148153672117,0.702689825152,280
1,1458684388,27000000,0.041216458431,-0.00760613279657,0.00227489345841,0.70794952827,-0.0693900565224,-0.0148153672117,0.702689825152,281
1,1458684388,46000000,0.0445355486545,-0.0081241807723,0.00219420106414,0.707908216516,-0.0661271502779,-0.0184675357542,0.702959534474,282
1,1458684388,53000000,0.0445355486545,-0.0081241807723,0.00219420106414,0.707908216516,-0.0661271502779,-0.0184675357542,0.702959534474,283
1,1458684388,68000000,0.0467729409849,-0.008634969746,0.00220063373156,0.708076406526,-0.0638005747019,-0.0208519737786,0.702938464148,284
1,1458684388,95000000,0.049060149568,-0.00925926273886,0.00220248280074,0.708326644074,-0.0612241471051,-0.0229389131698,0.702850464444,285
1,1458684388,98000000,0.049060149568,-0.00925926273886,0.00220248280074,0.708326644074,-0.0612241471051,-0.0229389131698,0.702850464444,286
1,1458684388,130000000,0.0536609664978,-0.0107709445003,0.00226108732194,0.709096979162,-0.0553518256828,-0.0268128862997,0.702423461072,287
1,1458684388,140000000,0.0548052968853,-0.0111733280409,0.00227596677301,0.709309382764,-0.0537679386156,-0.0276930391089,0.702297874043,288
1,1458684388,173000000,0.0570834678238,-0.0119591571133,0.00228949127178,0.709686118391,-0.0503879580245,-0.0293245037794,0.702101659681,289
1,1458684388,173000000,0.0570834678238,-0.0119591571133,0.00228949127178,0.709686118391,-0.0503879580245,-0.0293245037794,0.702101659681,290
1,1458684388,200000000,0.0617433951773,-0.0130723340824,0.00214232809083,0.710082301163,-0.0429726432765,-0.0324474801525,0.702056720313,291
1,1458684388,202000000,0.0617433951773,-0.0130723340824,0.00214232809083,0.710082301163,-0.0429726432765,-0.0324474801525,0.702056720313,292
1,1458684388,239000000,0.0664464104249,-0.0132577451763,0.00148688022803,0.709272813973,-0.0347312905266,-0.0345550732738,0.703229521371,293
1,1458684388,239000000,0.0664464104249,-0.0132577451763,0.00148688022803,0.709272813973,-0.0347312905266,-0.0345550732738,0.703229521371,294
1,1458684388,276000000,0.0699727439659,-0.0129764387055,0.000871845076678,0.708137966679,-0.0281789727269,-0.0357870013564,0.704603332506,295
1,1458684388,306000000,0.0736182455856,-0.0124519702368,0.000218314711282,0.706622447762,-0.0216197709596,-0.0367993373029,0.706302421486,296
1,1458684388,306000000,0.0736182455856,-0.0124519702368,0.000218314711282,0.706622447762,-0.0216197709596,-0.0367993373029,0.706302421486,297
1,1458684388,306000000,0.0736182455856,-0.0124519702368,0.000218314711282,0.706622447762,-0.0216197709596,-0.0367993373029,0.706302421486,298
1,1458684388,334000000,0.0773707582596,-0.0119339669995,-0.000412358352555,0.705111491686,-0.0152512215815,-0.0379861858852,0.707914001991,299
1,1458684388,334000000,0.0773707582596,-0.0119339669995,-0.000412358352555,0.705111491686,-0.0152512215815,-0.0379861858852,0.707914001991,300
1,1458684388,384000000,0.0836256548099,-0.0117464795711,-0.00112872009341,0.703639976671,-0.00522256930365,-0.0398210863711,0.70942074193,301
1,1458684388,389000000,0.0848884520814,-0.0117965350998,-0.00128609571045,0.703456586638,-0.00346029194229,-0.0401904585678,0.709592547971,302
1,1458684388,414000000,0.0874504112285,-0.0119466760345,-0.00157548182467,0.70310122399,0.000276232387269,-0.0411758926539,0.709896568793,303
