0,1458684385,212113981,0.651026593023,2.77421010899,0.280474680006,-0.595665499105,0.411228691253,-0.070280316323,0.686392201153,0
0,1458684385,203682670,0.650226637214,2.77481616398,0.280176219573,-0.599482682495,0.412413546825,-0.0665998457319,0.682715197086,1
0,1458684385,195541435,0.650370416786,2.77570802341,0.279742208032,-0.595870048396,0.416163587298,-0.0627823775386,0.683962811198,2
0,1458684385,253778575,0.65122924836,2.7693072522,0.283075969001,-0.577670015464,0.425275072075,-0.0938389799188,0.690385915378,3
0,1458684385,220610611,0.650871493182,2.77369362731,0.281646519633,-0.572811743944,0.444190484879,-0.0762613558523,0.684664680517,4
0,1458684385,287070624,0.651225942601,2.76486733158,0.284641938756,-0.561095457888,0.439385288225,-0.11377872984,0.692218792193,5
0,1458684385,345691547,0.653195310153,2.76000926016,0.286054479959,-0.524327750221,0.468905954177,-0.135673156732,0.697710836255,6
0,1458684385,320358436,0.652062617276,2.76153480089,0.285571910866,-0.540671700861,0.454487085636,-0.129356186065,0.695975989531,7
0,1458684385,329834667,0.65231068041,2.76069292529,0.285576104661,-0.540747638592,0.452595941655,-0.132364269726,0.696583523388,8
0,1458684385,354484914,0.653669957592,2.75954580294,0.286070392308,-0.51974675131,0.471496489117,-0.13795517209,0.698944021897,9
0,1458684385,387076240,0.65523995903,2.75757811704,0.284753969372,-0.530125914245,0.458983740826,-0.138920757418,0.699286396165,10
0,1458684385,403570939,0.656090902481,2.75681338333,0.283768101228,-0.542886967329,0.447372900892,-0.137087010959,0.697379652469,11
0,1458684385,462102039,0.661056205757,2.75884711209,0.280901391305,-0.529610508485,0.46636086964,-0.117025595915,0.698802732158,12
0,1458684385,453645723,0.660540527782,2.75875779367,0.281376766527,-0.528467947469,0.468037886731,-0.1202128985,0.698005031584,13
0,1458684385,395450843,0.656218763983,2.75778277441,0.285244874257,-0.515222855141,0.475174097343,-0.138781993997,0.699638867486,14
0,1458684385,445570726,0.659501506581,2.75746212561,0.281145517027,-0.54821332301,0.445036720291,-0.123880345343,0.697178693094,15
0,1458684385,496320605,0.662141512086,2.75812210598,0.278715574329,-0.557315970391,0.433285627356,-0.108816591511,0.699872433866,16
0,1458684385,504372132,0.663070268032,2.75920241896,0.279584219318,-0.53303004935,0.461814255174,-0.106120766014,0.700960015428,17
0,1458684385,528681163,0.663298212645,2.75710025448,0.277958414062,-0.572552545672,0.417284109948,-0.0972645817076,0.698997249762,18
0,1458684385,520352656,0.663319838128,2.7574424783,0.277926699802,-0.578524983242,0.410536605792,-0.0972152190205,0.698081471076,19
0,1458684385,553727239,0.663979397909,2.75618292738,0.27785985264,-0.557592213991,0.437142015033,-0.0950791324427,0.699255132383,20
0,1458684385,583136268,0.664311593058,2.75468461514,0.277108033089,-0.551814893994,0.440765446061,-0.0958940237281,0.70144884385,21
0,1458684385,587173850,0.664190770638,2.75389615064,0.277051139294,-0.548416100434,0.444607537564,-0.095964724647,0.701679905619,22
0,1458684385,562278838,0.663978946987,2.75550829038,0.277473863968,-0.561486472557,0.43456018266,-0.0945532998732,0.697818072469,23
0,1458684385,621347416,0.663476946491,2.74993730961,0.276673483129,-0.546699594916,0.440560367194,-0.0965682927727,0.705479043351,24
0,1458684385,645507495,0.662538741742,2.74642794504,0.275833892992,-0.552171052337,0.435282381285,-0.0985250110157,0.704222407843,25
0,1458684385,653803470,0.662279540456,2.74545370632,0.275565612051,-0.547724843476,0.438923602326,-0.0986201500924,0.705420181989,26
0,1458684385,670400448,0.662498508133,2.74409217348,0.275600885341,-0.533436061291,0.45233761641,-0.100078117934,0.707687091592,27
0,1458684385,570716398,0.664283643668,2.75537825412,0.277379167207,-0.551583566099,0.441614762211,-0.0957742280461,0.701112878679,28
0,1458684385,703639475,0.661939490922,2.74100531626,0.275374146822,-0.528638828434,0.454493721831,-0.0971196409615,0.710312762963,29
0,1458684385,728840478,0.661450642733,2.73889117496,0.275016018432,-0.528870466104,0.455187902033,-0.0974665731945,0.709647990933,30
0,1458684385,695474202,0.662089771253,2.74214409164,0.276060799363,-0.509424523717,0.477563213296,-0.0977108656643,0.70913512018,31
0,1458684385,681448734,0.662429813761,2.74345503305,0.275943760983,-0.523948789116,0.460610169214,-0.100053654199,0.709440064193,32
0,1458684385,770846718,0.660897447222,2.7364772186,0.274131873057,-0.539409496571,0.437246946271,-0.0971929620811,0.713025968045,33
0,1458684385,780196513,0.661289676737,2.73719055167,0.274371389495,-0.512036454945,0.462499855285,-0.0989267219033,0.717025840791,34
0,1458684385,795414164,0.661542343394,2.7363684195,0.274212676844,-0.515132973769,0.4582517148,-0.0959704627975,0.717936665375,35
0,1458684385,820466057,0.661961060378,2.7347565821,0.274066253399,-0.500179670089,0.473183349224,-0.0968620979955,0.718704076529,36
0,1458684385,803557981,0.6614989169,2.7360707949,0.274614100462,-0.495821631872,0.478279835439,-0.0961913506497,0.718440347169,37
0,1458684385,862355839,0.661664520072,2.73083338521,0.273981444332,-0.472146662575,0.499858788516,-0.0946117872054,0.719907862357,38
0,1458684385,762685006,0.660984004779,2.73696736599,0.274302022291,-0.538493884905,0.438902612996,-0.0980196009654,0.712587531502,39
0,1458684385,895468123,0.660999110103,2.7274040304,0.272122067528,-0.488343883565,0.475752746254,-0.0965808646104,0.725156336529,40
0,1458684385,845488383,0.661929953612,2.73168293124,0.274215977253,-0.493285582354,0.476640149558,-0.0970502300954,0.721155153146,41
0,1458684385,890354403,0.660973529907,2.72814539195,0.272467451664,-0.487187069251,0.477874895355,-0.0968098866821,0.72450823997,42
0,1458684385,928603736,0.661184380835,2.72405472922,0.270445217331,-0.507203216604,0.454426425262,-0.0948898743051,0.726111171133,43
0,1458684385,870862392,0.660881250422,2.72966247077,0.273006427228,-0.4926983515,0.474816866607,-0.0955003425567,0.722964011681,44
0,1458684385,962255531,0.661620734391,2.72098620949,0.268063554398,-0.553974878501,0.387137802297,-0.0915651003389,0.731335756286,45
0,1458684385,978663483,0.662574453393,2.7210735648,0.268827156624,-0.510792758991,0.444057188358,-0.0840529154833,0.731326929785,46
0,1458684385,995468816,0.664048651104,2.72130774479,0.269674305898,-0.48456335028,0.47159879968,-0.077253959688,0.73268325859,47
0,1458684386,12129265,0.664118832358,2.71996098536,0.268696963637,-0.496482710189,0.456210156357,-0.0745641316157,0.734722670125,48
0,1458684385,912065135,0.660903822462,2.72527005512,0.270810232013,-0.510760562874,0.448756764077,-0.0980330118923,0.726725906162,49
0,1458684386,37373308,0.664608183208,2.71811169761,0.26717821848,-0.5283373624,0.410399503479,-0.0706262026965,0.739894464454,50
0,1458684386,62200916,0.665396070154,2.71595498751,0.266490218343,-0.527270472131,0.408882367445,-0.0674917747827,0.741785628837,51
0,1458684386,45645621,0.664812562071,2.71748176911,0.266982128137,-0.527399940311,0.410417112925,-0.0693284099386,0.740675818394,52
0,1458684386,87012564,0.667107170312,2.71466475926,0.268260797713,-0.474960421161,0.471870100664,-0.0616590209236,0.740236024231,53
0,1458684386,95481766,0.667068278039,2.71389016735,0.268031169859,-0.474087431363,0.470770570071,-0.0615450506594,0.741504136548,54
0,1458684386,103933211,0.667250650309,2.71305310893,0.268087008366,-0.474100961632,0.470164967548,-0.0605762967669,0.741959361246,55
0,1458684386,128751489,0.666518377746,2.70991385306,0.266164708252,-0.510351763472,0.423601063621,-0.0634174654586,0.745708684068,56
0,1458684386,145536928,0.667473519162,2.70902760545,0.267555365464,-0.46555302115,0.476131240137,-0.059554016523,0.743648267516,57
0,1458684386,162230018,0.667394596473,2.70709996033,0.266941955055,-0.477365165223,0.457898872931,-0.0586726747568,0.747668802637,58
0,1458684386,178825974,0.683874932488,2.71488856251,0.281896288683,-0.416272505448,0.475189990082,-0.0726119716572,0.77177663615,59
1,1458684386,245884881,0.675804905037,2.70001553155,0.276008098891,-0.0761146272697,0.77421505948,-0.0439642488628,0.626789238909,60
1,1458684386,270920184,0.674934455805,2.69857294083,0.275921267246,-0.0748715226616,0.77288825151,-0.0408954203066,0.62878101941,61
1,1458684386,303758205,0.674781656426,2.69585726807,0.275633483338,-0.0737243123105,0.774276769714,-0.0357413033378,0.627521130235,62
1,1458684386,237448192,0.675829475829,2.70079097986,0.275636408499,-0.085159806296,0.770213922315,-0.0470517594591,0.630320912866,63
1,1458684386,312162735,0.674754897243,2.6950170682,0.275857625568,-0.06680215911,0.776249092901,-0.0336452518107,0.62597349332,64
1,1458684386,328802172,0.673718757649,2.69369198655,0.275165872275,-0.0871504647963,0.763398857202,-0.0338104663095,0.639127400192,65
1,1458684386,362602475,0.6733707945,2.69168236115,0.274779724719,-0.0792536298635,0.765962198998,-0.0307512527521,0.637240246935,66
1,1458684386,279049360,0.674526018867,2.69790247667,0.275596672184,-0.083478441219,0.76802104918,-0.04133406786,0.633613851412,67
1,1458684386,298852206,0.674193369184,2.69650150255,0.275521469925,-0.0805894642919,0.769064328877,-0.0380699459886,0.63292659567,68
1,1458684386,378764276,0.673367197149,2.69041632843,0.274909589103,-0.0685668806104,0.770937312745,-0.0268771351939,0.632638808724,69
1,1458684386,254225509,0.675849950875,2.69952407124,0.276074655335,-0.0709074355123,0.776545198916,-0.0412404172904,0.624699061638,70
1,1458684386,420462120,0.6734778897,2.68695028949,0.274522177197,-0.057623276885,0.77429993527,-0.0218107099593,0.629812242763,71
1,1458684386,403713374,0.672581524368,2.68818261493,0.274181858666,-0.0762947391302,0.764997538451,-0.0260594751413,0.638966965265,72
1,1458684386,445598153,0.671857544221,2.68569640637,0.273930806851,-0.0753112852334,0.760283676223,-0.0232416424468,0.644792034723,73
1,1458684386,428759273,0.672033206547,2.68673270987,0.274115873632,-0.0762858557304,0.760729563622,-0.0240403479532,0.644121930163,74
1,1458684386,462268093,0.672507383647,2.68430026496,0.27424526233,-0.0609907516303,0.769806738423,-0.0209264767791,0.635011650495,75
1,1458684386,487273152,0.679169450672,2.69081250509,0.281287519417,-0.380411330324,0.471489987416,-0.0563503264181,0.793605098422,76
1,1458684386,512193917,0.67805249151,2.69007982531,0.280544883102,-0.38564942594,0.462873313277,-0.0533429763239,0.796352524329,77
1,1458684386,528880492,0.678724536321,2.68953579552,0.280876660671,-0.380030204851,0.464600379217,-0.0546299416236,0.797959335123,78
1,1458684386,495554926,0.679199636083,2.69058475499,0.281199247704,-0.377840130211,0.470396196501,-0.0557365396523,0.795523533572,79
1,1458684386,536982661,0.672118673653,2.68161480887,0.273883676796,-0.0531181441328,0.770327373285,-0.0119775106115,0.635319399964,80
1,1458684386,553687822,0.671523596737,2.68152210486,0.273699675729,-0.0577191804767,0.765941271318,-0.010698265698,0.640224969997,81
1,1458684386,570418028,0.672128051259,2.68068606745,0.273833339424,-0.0525379642527,0.769567193234,-0.0089884211648,0.636337414974,82
1,1458684386,578743926,0.672189251966,2.68037272722,0.274017025645,-0.0481690686482,0.773465384144,-0.00755440789373,0.631960419076,83
1,1458684386,603849032,0.67208816727,2.67984535019,0.273635476524,-0.0533946445382,0.768727434753,-0.00664050571707,0.63730922375,84
1,1458684386,620574780,0.678726452211,2.68698699325,0.280989976784,-0.375663176122,0.465951224795,-0.0483630549901,0.799642200693,85
1,1458684386,595515673,0.672072807922,2.68003370616,0.273689907796,-0.0544366878782,0.768081699978,-0.00743643188836,0.63799047693,86
1,1458684386,678765227,0.672285082072,2.67862197264,0.273366312683,-0.0505254870397,0.770046363718,-0.00099379060859,0.63598332153,87
1,1458684386,653866743,0.678804553428,2.68649074335,0.280507774757,-0.374811598741,0.466436521961,-0.0463967242766,0.799875353044,88
1,1458684386,670499035,0.678956656862,2.68645099012,0.280658128892,-0.37010336922,0.467232364441,-0.0449527724823,0.801683642067,89
1,1458684386,695439742,0.671990484941,2.67847003461,0.273303217445,-0.0558437835191,0.767581878889,0.000589605916888,0.638513260166,90
1,1458684386,712188219,0.672008731208,2.67840455988,0.273225286513,-0.0544635633241,0.768768106772,0.0028367866716,0.637197984084,91
1,1458684386,753787482,0.672678040583,2.67803386196,0.273531431751,-0.0334063182604,0.780635209103,0.00923186431107,0.624025208537,92
1,1458684386,720434886,0.672025041409,2.67838125438,0.273167372381,-0.0532003319237,0.769977961447,0.00397870047122,0.635836326039,93
1,1458684386,728631581,0.67201528805,2.67838690798,0.2731462503,-0.0528721496997,0.770221974288,0.00465791932936,0.63556349006,94
1,1458684386,778812178,0.672079477867,2.67846248376,0.273090049049,-0.0495517196887,0.771210824024,0.00678612562053,0.634612039346,95
1,1458684386,787167344,0.672036932474,2.67844204382,0.273056663123,-0.0489036646121,0.771793318935,0.00730372409778,0.633948073622,96
1,1458684386,820601587,0.678175950126,2.68588123183,0.280366891027,-0.372492175305,0.460044064496,-0.0370298589965,0.805132180205,97
1,1458684386,837205097,0.679043876209,2.66361714994,0.263517924002,0.598853868733,0.776094686598,0.101822215714,-0.169361500126,98
1,1458684386,845959422,0.67903580888,2.66361118202,0.26352938428,0.59872580115,0.776074338431,0.10196043399,-0.169823750302,99
1,1458684386,870564893,0.680716508807,2.66324044214,0.260127359285,0.61563534476,0.751916438441,0.0988420358071,-0.214114557752,100
1,1458684386,795667722,0.678254606354,2.6859749964,0.280531956602,-0.371695941604,0.464104774614,-0.0367528310082,0.803180001362,101
1,1458684386,878966302,0.680823844601,2.66342211235,0.259954556398,0.616507036743,0.750872210317,0.0992600124072,-0.21507544573,102
1,1458684386,770505463,0.672012985274,2.67850039604,0.272916224359,-0.0519950085825,0.770045219732,0.00599413703807,0.635838775926,103
1,1458684386,912430534,0.680356499534,2.66354381221,0.25988244754,0.617201846077,0.749078599943,0.0990907595222,-0.219372180745,104
1,1458684386,928932602,0.680255494264,2.66381838881,0.259918198354,0.61571722823,0.750016430571,0.0999804539282,-0.219935348604,105
1,1458684386,970597033,0.680087302869,2.66431028577,0.259718560007,0.613487103474,0.751198105778,0.101426978863,-0.221466809489,106
1,1458684386,953956510,0.680222232292,2.66405854473,0.259817516909,0.613003102399,0.752170095532,0.0997381209678,-0.220271766374,107
1,1458684386,987383358,0.680162566861,2.66442330249,0.259644033575,0.611257718057,0.753706633385,0.0993175889508,-0.220059831481,108
1,1458684387,3953777,0.680444072889,2.66487332145,0.259626161259,0.609740033958,0.755315443888,0.0993866114267,-0.218718935353,109
1,1458684386,978839589,0.680393405494,2.66454021572,0.259711379577,0.611420080325,0.753201489142,0.0994019332207,-0.221296764101,110
1,1458684387,12174031,0.68045363269,2.66489757564,0.259326041376,0.611834637002,0.751997635715,0.0989733388132,-0.224415264739,111
1,1458684387,45544860,0.676964630764,2.68789700954,0.279867728821,-0.380493878,0.445437944266,-0.0244290440592,0.810069545421,112
1,1458684387,70564631,0.677017581108,2.68780650317,0.280732348853,-0.373948079431,0.452380738223,-0.0208020946665,0.809371221648,113
1,1458684387,78813060,0.677154213107,2.68811773688,0.280654086691,-0.3744375352,0.451732939898,-0.019777118731,0.809532426045,114
1,1458684387,87571767,0.67670737098,2.68870854452,0.280163009232,-0.383047604361,0.440764904626,-0.0213996999006,0.811506552338,115
1,1458684387,112328420,0.680114776281,2.66631115865,0.259341039838,0.608698636418,0.751926433103,0.0990072133618,-0.233002534164,116
1,1458684387,128765214,0.680044582387,2.66670268084,0.259185501537,0.609823132758,0.749451856039,0.0988294821928,-0.238055446655,117
1,1458684387,104222978,0.678785147313,2.66662469486,0.263112146096,0.591000591911,0.778037123746,0.105944402387,-0.184803457859,118
1,1458684387,154002447,0.676766677836,2.69004827261,0.279964495501,-0.38348951346,0.448173356815,-0.0174785482935,0.807323315442,119
1,1458684387,170613528,0.676715665793,2.6904283707,0.27979212612,-0.385393375766,0.445471221948,-0.017158040525,0.807918893192,120
1,1458684387,162353899,0.676901263761,2.6904096275,0.279813054519,-0.387657948991,0.441896932759,-0.0162751507889,0.808816131682,121
1,1458684387,212385715,0.670278762564,2.6835056747,0.271923896551,-0.0889950795337,0.755944296934,0.0248457990101,0.6480823883,122
1,1458684387,178984450,0.676747060383,2.69059279551,0.279761983742,-0.385786493349,0.445017525004,-0.017059501324,0.807983389312,123
1,1458684387,220545591,0.671191020113,2.68375250234,0.272070006331,-0.0742391467393,0.766548645293,0.0283977741584,0.637248216878,124
1,1458684387,237208230,0.670976541046,2.68417966456,0.271731028388,-0.0745306832286,0.766339147634,0.0275937205948,0.637501431093,125
1,1458684387,245546424,0.670939408224,2.68445795887,0.27146477176,-0.0795538656541,0.763778846986,0.0267421496136,0.639998369365,126
1,1458684387,253884336,0.671053470631,2.68469290319,0.271376935414,-0.0774926473097,0.765778877927,0.0272042460728,0.637838168135,127
1,1458684387,303888658,0.671833774949,2.68615663903,0.271277941527,-0.0736116052815,0.771862383666,0.0293383504353,0.63083203267,128
1,1458684387,316132991,0.677642558149,2.69471592353,0.27830003283,-0.387950530879,0.451112459001,-0.00923893234661,0.803683132245,129
1,1458684387,295637964,0.671731851068,2.68587287983,0.271382880442,-0.0735997604462,0.771108012187,0.0291569092134,0.631763708556,130
1,1458684387,270543779,0.670231191549,2.68542475816,0.270840962784,-0.0961841118554,0.754289018564,0.025744958892,0.648948295469,131
1,1458684387,378886615,0.682895925908,2.67424192726,0.256795750972,0.60192564186,0.756284128694,0.0871039358106,-0.24110732615,132
1,1458684387,278918760,0.671495128556,2.68562619588,0.271431219643,-0.07656812267,0.766500168809,0.0292997990244,0.636990059251,133
1,1458684387,395623768,0.679651550695,2.69733344867,0.277387992996,-0.391881284655,0.454242885781,-0.00626077840242,0.800033288125,134
1,1458684387,420631848,0.680710164235,2.69912920438,0.277167354479,-0.391550145675,0.4576280316,-0.0037307306664,0.79828011986,135
1,1458684387,428857732,0.680533291997,2.69976156721,0.276893241238,-0.400251319068,0.448751707117,-0.0039864289766,0.799002437623,136
1,1458684387,453954199,0.675560831878,2.6932239448,0.269526545984,-0.0977756054881,0.768891316457,0.0276951210461,0.631251974032,137
1,1458684387,437529954,0.674766420571,2.69225326241,0.269593674279,-0.0979250845663,0.767475303156,0.0277345704762,0.632947968208,138
1,1458684387,495505866,0.683052954357,2.70414308534,0.277020993455,-0.406724962048,0.450472082089,-0.00204028551379,0.794761313691,139
1,1458684387,387272879,0.683099848518,2.67454053398,0.256749256359,0.601956950363,0.756284628083,0.0866123321227,-0.24120467483,140
1,1458684387,412351873,0.679855100928,2.69839650026,0.276867611464,-0.397856013602,0.450768922454,-0.00491598750414,0.799058073019,141
1,1458684387,537181920,0.687627591191,2.68264050692,0.25683359943,0.605439062007,0.754395936104,0.06999566175,-0.243784579337,142
1,1458684387,545529253,0.683570651028,2.70651675916,0.276319512501,-0.41494162055,0.44862273318,-0.00477420579213,0.791541724591,143
1,1458684387,562398762,0.683730509382,2.70723412073,0.276475604013,-0.415266885742,0.451866842771,-0.00716807009594,0.789505154373,144
1,1458684387,595742996,0.677968955002,2.70068728379,0.269991067509,-0.114979395371,0.767395735906,0.01054415589,0.63069195645,145
1,1458684387,528785219,0.687511908904,2.6823443704,0.256776973859,0.604475420591,0.755726431368,0.0702819585064,-0.241965851188,146
1,1458684387,628860433,0.677927763469,2.70221541596,0.270511358405,-0.118767918858,0.767106530697,0.00444316221505,0.630414157773,147
1,1458684387,637283761,0.678546852094,2.70271014932,0.271077507915,-0.111541123342,0.770701012338,0.00507721964031,0.627337827032,148
1,1458684387,662407470,0.678808721297,2.70415084571,0.271237421331,-0.11337035556,0.770389296718,-0.000234104016953,0.62741329216,149
1,1458684387,670769797,0.678248187518,2.70486087136,0.270954940862,-0.126006672136,0.761615998939,-0.00287257066908,0.635653315161,150
1,1458684387,623487502,0.677833312642,2.70178758482,0.270349311406,-0.11806232822,0.767421990071,0.00597259658949,0.630150064589,151
1,1458684387,687263109,0.67878184873,2.70583837437,0.271429279037,-0.11238642503,0.773588482709,-0.0051032392052,0.623621766649,152
1,1458684387,695646840,0.678801778104,2.70631108048,0.271488268142,-0.113943988518,0.772806800172,-0.00628225641244,0.624297165093,153
1,1458684387,728862971,0.679379892066,2.70795258288,0.272028186831,-0.11376733605,0.772106712529,-0.00981464515649,0.625149494487,154
1,1458684387,737248745,0.679549990924,2.70841449894,0.272294893246,-0.111361582798,0.773936113805,-0.0109395552294,0.62329913826,155
1,1458684387,762319892,0.679406220823,2.70928851041,0.272466426313,-0.11243660715,0.774014973173,-0.0165571021787,0.622884173056,156
1,1458684387,745917100,0.679349336748,2.70875519172,0.27229369596,-0.11593733832,0.77137745637,-0.0134597812895,0.625583078156,157
1,1458684387,812598713,0.678513790195,2.71208498557,0.272285661971,-0.164461933559,0.736428466383,-0.0286507575951,0.655594783689,158
1,1458684387,787360292,0.679193367669,2.71042006887,0.272635403383,-0.119129822166,0.770213447888,-0.0214677051265,0.626193634429,159
1,1458684387,831913263,0.678893937585,2.71222975477,0.272753505632,-0.136295497072,0.75753576345,-0.0309712730352,0.63765498886,160
1,1458684387,962491314,0.677863504842,2.71840470967,0.27446601704,-0.13583550856,0.756953512851,-0.0487168654152,0.637335673739,161
1,1458684387,988083159,0.677940042634,2.7193353462,0.274816282238,-0.133489254505,0.760299519545,-0.0545578828483,0.633363005653,162
1,1458684387,913208697,0.678643349516,2.71584051464,0.274109780394,-0.12375878592,0.765462353602,-0.0427091036157,0.630021492168,163
1,1458684387,904403758,0.678451158579,2.71563775233,0.273842860298,-0.138169931187,0.757199185016,-0.0423942978674,0.636993867973,164
1,1458684387,935366093,0.678229083398,2.71678851545,0.274145822672,-0.137592584002,0.757860250222,-0.0456058710063,0.636110231399,165
1,1458684387,940217391,0.678316351665,2.71742585221,0.274219398206,-0.134504043851,0.759348587974,-0.0454469075631,0.635006269829,166
1,1458684387,970694606,0.677313982693,2.71863645392,0.27402183263,-0.151300294218,0.748575500803,-0.0523726655282,0.643428352245,167
1,1458684388,12492435,0.67699732079,2.72070509345,0.274480199861,-0.151645566688,0.749234472116,-0.0579866610027,0.642097247341,168
1,1458684387,995865491,0.677796394672,2.71983396191,0.275112059067,-0.130384046742,0.762475551134,-0.0540784350645,0.631432147692,169
1,1458684388,28804905,0.677559698308,2.72160863937,0.275325075814,-0.129355377292,0.763142489087,-0.057775333267,0.630509903634,170
1,1458684388,20700603,0.677640289603,2.72120225015,0.275253746648,-0.129797272055,0.762654310689,-0.0566436643085,0.631112165822,171
1,1458684388,53888295,0.677296910187,2.72274825745,0.275702296021,-0.108800497676,0.776930592802,-0.0601746619721,0.617187423503,172
1,1458684388,45589072,0.677301738729,2.72236725765,0.275666616683,-0.111489338523,0.77525338462,-0.058665620363,0.618959337936,173
1,1458684388,87191893,0.675938992446,2.72420567609,0.275513088772,-0.146765350277,0.75271442248,-0.0694912344827,0.638006190001,174
1,1458684388,62374525,0.677347427159,2.72296581747,0.276243006551,-0.0990723486729,0.782226685993,-0.0610305511702,0.612030516618,175
1,1458684388,120660133,0.677019443371,2.72566367096,0.277218941553,-0.0930395904443,0.78498045975,-0.0703832958143,0.60843693518,176
1,1458684388,112345104,0.676008618868,2.7256057191,0.276667196247,-0.114752574522,0.771288967746,-0.0691819245407,0.622221050906,177
1,1458684388,170584313,0.675685071876,2.72853107123,0.277714838481,-0.126884387418,0.766202263062,-0.0792284970491,0.624945829303,178
1,1458684388,178959579,0.67539236927,2.7291372339,0.27737597707,-0.136588398593,0.758034834908,-0.0826923521226,0.632367593521,179
1,1458684388,187440747,0.67536877207,2.72967637834,0.277516222834,-0.133135869546,0.760842916314,-0.084646075112,0.629466392196,180
1,1458684388,220866245,0.674871223075,2.73177172913,0.277660238473,-0.140778671803,0.756779174345,-0.0903245002907,0.631908325227,181
1,1458684388,203930972,0.675158853663,2.73074801117,0.277733361779,-0.134469111735,0.760075315133,-0.0864551628135,0.629864333121,182
1,1458684388,153899237,0.67572684781,2.72758422644,0.277114629265,-0.132336579847,0.758325601505,-0.0796355400464,0.633314686786,183
1,1458684388,139090226,0.676352435864,2.72675677825,0.277107637852,-0.126670322671,0.764552162832,-0.0750618710312,0.627519191085,184
1,1458684388,254013143,0.674811929971,2.7340786008,0.278604793926,-0.132845884681,0.763107163223,-0.0928309000377,0.625621173203,185
1,1458684388,279416690,0.673387072612,2.73563582103,0.278421899844,-0.152254851811,0.751250453293,-0.0984445498265,0.634625785118,186
1,1458684388,304013711,0.67369929852,2.7374990125,0.278961053012,-0.14958494261,0.751752685336,-0.102193783632,0.634073083817,187
1,1458684388,270680413,0.674277936463,2.73510472645,0.278664400832,-0.140181667443,0.758131693351,-0.0971327234196,0.629405012445,188
1,1458684388,295862016,0.673270943696,2.73675325628,0.278718469998,-0.151724469359,0.751877976964,-0.100729271133,0.633650382381,189
1,1458684388,328955351,0.673871253041,2.73869556266,0.279341081935,-0.123766713626,0.767385734989,-0.105459081578,0.620225214295,190
1,1458684388,348183779,0.673289874715,2.73997232957,0.279345055263,-0.154325400435,0.75037754351,-0.108430714243,0.633529788712,191
1,1458684388,396118019,0.673707588082,2.7425861356,0.279854177717,-0.146693876533,0.757026535396,-0.117280819285,0.625809028956,192
1,1458684388,379118813,0.673673917265,2.74163379074,0.279641018605,-0.151721101904,0.753228892696,-0.115262523934,0.629556584447,193
1,1458684388,354119443,0.673762454247,2.74031576026,0.279546804458,-0.144482490677,0.756413842786,-0.110619964381,0.628272338887,194
1,1458684388,420860063,0.673596111101,2.74405183329,0.279731495163,-0.160133211632,0.745819382186,-0.120118810435,0.635359957086,195
1,1458684388,320841411,0.673384362818,2.73818581518,0.278873973244,-0.154766982423,0.747912864881,-0.106965080477,0.636578352802,196
1,1458684388,453914275,0.674605806572,2.74560076966,0.279629403398,-0.161138945466,0.74994513485,-0.12424736026,0.629427619697,197
1,1458684388,404123157,0.673739188948,2.74317105941,0.280008538441,-0.146631753109,0.757448731049,-0.117595435952,0.62525343842,198
1,1458684388,478962754,0.676835648046,2.74673809294,0.279842659209,-0.142994315863,0.762414680116,-0.128175576458,0.617938105942,199
1,1458684388,520816166,0.678159420259,2.74942457167,0.279207126477,-0.169787528968,0.747856097221,-0.130978048153,0.628273987809,200
1,1458684388,495655639,0.676751829344,2.74754258796,0.279335873357,-0.159139628318,0.755038417683,-0.130685815362,0.622505248319,201
1,1458684388,428939034,0.673702888561,2.74459104771,0.279525260429,-0.164837281554,0.745589432741,-0.120519824545,0.63435009284,202
1,1458684388,545818671,0.680113100094,2.75057744722,0.279237966636,-0.162105464249,0.756638894076,-0.132328066085,0.619442237305,203
1,1458684388,553964925,0.680747084993,2.75126168388,0.279197591368,-0.159562851374,0.758297871359,-0.132282047675,0.618082109931,204
1,1458684388,570899708,0.681331627323,2.75249243989,0.279110499622,-0.160038988094,0.758874414324,-0.131540796883,0.617409235702,205
1,1458684388,604098677,0.681728324459,2.75491314966,0.279567246519,-0.158386091728,0.76232003867,-0.127688093797,0.614392183618,206
1,1458684388,578843700,0.681262991458,2.75304139644,0.278843620567,-0.168077114154,0.755833420005,-0.131391789879,0.619033215953,207
1,1458684388,638506826,0.680892313531,2.7564254422,0.280076959313,-0.164327693104,0.759050939871,-0.128497540903,0.61670613905,208
1,1458684388,655249812,0.680061908127,2.75722368775,0.280333442598,-0.165427231578,0.75781314575,-0.12970639298,0.617680596102,209
1,1458684388,662663589,0.679652058255,2.7574946413,0.280433028404,-0.16678707348,0.756272694242,-0.131150098507,0.618896870025,210
1,1458684388,720845246,0.676030857337,2.75931484048,0.281942459373,-0.164263079872,0.752789104348,-0.135562691449,0.622855490184,211
1,1458684388,670625500,0.679174160979,2.75779412407,0.280609666096,-0.16846837952,0.754483196165,-0.132043129101,0.620433819085,212
1,1458684388,728920596,0.675606985748,2.75961757704,0.282199816792,-0.163254746319,0.752832706757,-0.136219054038,0.622924692686,213
1,1458684388,745606109,0.674859224625,2.76001446806,0.282598575135,-0.156930924556,0.754695749604,-0.137884112484,0.621928437983,214
1,1458684388,712681306,0.676421188436,2.75926855537,0.281678742475,-0.165059682635,0.751083146318,-0.134336988091,0.624966384789,215
1,1458684388,787224606,0.673512773465,2.76010398816,0.28413176331,-0.14185644285,0.758695182837,-0.142679123226,0.619597479786,216
1,1458684388,795963910,0.672965410343,2.75983592824,0.284065676431,-0.147220209171,0.755355079309,-0.144613664435,0.621974117012,217
1,1458684388,804226956,0.672711115421,2.75946852929,0.284498576749,-0.143253510949,0.755811606516,-0.145662912153,0.622100926764,218
1,1458684388,829170872,0.672003464858,2.75847283356,0.285166040178,-0.129006974637,0.758570565583,-0.150684173978,0.620662691999,219
1,1458684388,837353081,0.671716414101,2.75785140971,0.285447367297,-0.126184970172,0.758506642588,-0.152966670114,0.620762615084,220
1,1458684388,846080225,0.671295334351,2.75723262467,0.285725425965,-0.125388778897,0.757059913636,-0.155841715249,0.62197371414,221
1,1458684388,870890963,0.668151946291,2.75421003525,0.285976963377,-0.117066256477,0.756284327365,-0.166951654783,0.621656378349,222
1,1458684388,887509701,0.665995239925,2.75292760565,0.285922292752,-0.164630587259,0.723636846123,-0.177332068599,0.646374366848,223
1,1458684388,899392268,0.66498919993,2.75184304772,0.286076791539,-0.166292135514,0.71938709187,-0.182174725168,0.64933928514,224
1,1458684388,820790954,0.671064998011,2.7586168911,0.284434402009,-0.152556773135,0.747444788417,-0.150490721394,0.628812580991,225
1,1458684388,770741179,0.673217529699,2.76018300125,0.283353266626,-0.162357910411,0.749403809839,-0.140674536832,0.626294270622,226
1,1458684388,954046850,0.658447496251,2.74351087465,0.288980264586,-0.0566661413356,0.752611574356,-0.204344969003,0.623384231605,227
1,1458684388,995717508,0.654071631893,2.73914933075,0.290048809277,-0.0306329231727,0.753591382521,-0.221983583871,0.617968397817,228
1,1458684388,970719488,0.656691327674,2.74154449866,0.289768080708,-0.0377730535521,0.756761006278,-0.212244086506,0.617121076893,229
1,1458684389,12369388,0.652901144552,2.73842663634,0.290524504796,-0.0209582182328,0.754587632204,-0.223097663688,0.616754157562,230
1,1458684389,20748495,0.652425038542,2.73812441997,0.290679423869,-0.0117647122045,0.756398217559,-0.22524977071,0.613991749794,231
1,1458684388,945776677,0.659556550331,2.74455170069,0.28871908121,-0.0583932262387,0.754989530218,-0.20026142353,0.621672263043,232
1,1458684389,62942633,0.650926087771,2.73704462597,0.29036485064,-0.0127009373648,0.754513987056,-0.228757418661,0.614993799102,233
1,1458684389,45902579,0.651414835909,2.73724153767,0.290203459256,-0.0128601171267,0.75511362346,-0.2294832455,0.613983284046,234
1,1458684389,87309374,0.651147461096,2.73731281822,0.290194977411,-0.0284020239106,0.750175522498,-0.225680751215,0.620885020767,235
1,1458684389,4721988,0.653503780514,2.73891940286,0.290426671526,-0.0248773221378,0.754044710808,-0.222135118644,0.617619366609,236
1,1458684389,103966051,0.651370128196,2.73709409799,0.290003904416,-0.0323690394642,0.750895363379,-0.223209199501,0.620714146607,237
1,1458684389,120826109,0.652402281077,2.73766113992,0.289684659779,-0.0398232917858,0.748246026252,-0.217543269641,0.625473353121,238
1,1458684389,137317603,0.653199867168,2.73802423832,0.289187441401,-0.0420901772222,0.752767009482,-0.215680406162,0.620525751936,239
1,1458684389,154142216,0.654657258518,2.73870277752,0.289059082901,-0.0402817638788,0.754808062751,-0.208002547087,0.620787490459,240
1,1458684389,162327489,0.655574924398,2.73891691508,0.288997208068,-0.0285024720687,0.76232015039,-0.20572935391,0.612969028855,241
1,1458684389,179132983,0.657128352618,2.73927983513,0.288232183525,-0.0384106551858,0.761281271542,-0.203080074972,0.614600626681,242
1,1458684389,187427751,0.657299478588,2.73968846899,0.287408406703,-0.0648567050186,0.75135933417,-0.199711063747,0.625594317259,243
1,1458684389,229033272,0.660922367174,2.74103313512,0.286090104212,-0.0814411677739,0.750404620298,-0.187557503632,0.628555824775,244
1,1458684389,221290446,0.660576326354,2.74092580041,0.286559787264,-0.0702800642093,0.753710242004,-0.188524631007,0.625651697973,245
1,1458684389,279158137,0.665528024665,2.74335442808,0.285073223313,-0.0735705783191,0.764986781814,-0.16851398821,0.617240333608,246
1,1458684389,212624772,0.660233418142,2.74069636486,0.287081317123,-0.0512144607467,0.763468255294,-0.193926545408,0.613910251711,247
1,1458684389,312429133,0.667151022202,2.74482700352,0.283465342964,-0.137987958705,0.735931711792,-0.163267417873,0.642423216495,248
1,1458684389,287372161,0.665885145175,2.74356189212,0.284502339413,-0.0831485749614,0.762342489562,-0.167356954575,0.61960624016,249
1,1458684389,320806231,0.66787319433,2.74525603218,0.283599395702,-0.131281535346,0.740954879003,-0.158588688792,0.639218783787,250
1,1458684389,354202746,0.669498753736,2.74585335162,0.282326596737,-0.111924588696,0.761060834547,-0.14465544089,0.622361708322,251
1,1458684389,337496994,0.668664889137,2.7457960005,0.282910823749,-0.139165144061,0.739325121992,-0.153436224085,0.640693961115,252
1,1458684389,370804241,0.670288012283,2.74574074251,0.282092962375,-0.106595882587,0.766445360723,-0.139718919511,0.617800493988,253
1,1458684389,329260347,0.668377780739,2.74559565653,0.283423619253,-0.132968090199,0.741792321888,-0.155190873654,0.638732675625,254
1,1458684389,387519805,0.67030012346,2.74521414182,0.281833247079,-0.107427132546,0.765169559763,-0.13571438129,0.620126247401,255
1,1458684389,404137854,0.669860232332,2.74372064163,0.280976484618,-0.147537381923,0.739661849353,-0.141213363502,0.641242431156,256
1,1458684389,295810192,0.666424431043,2.74396073946,0.284378186271,-0.0843507043992,0.763980823547,-0.163374813864,0.618487615166,257
1,1458684389,421201073,0.669407777596,2.74174132274,0.280556427699,-0.150492331723,0.736831224787,-0.142819550112,0.643455033686,258
1,1458684389,437537959,0.668883052821,2.74027148217,0.280514516372,-0.156206876474,0.73210901085,-0.141043427377,0.647859984541,259
1,1458684389,454211275,0.66861674492,2.73727751243,0.28043342092,-0.134485284647,0.741696271927,-0.1443806608,0.64105738683,260
1,1458684389,495825117,0.66784904714,2.73143481483,0.280517121523,-0.0732352500511,0.770735082719,-0.141039784144,0.617018484086,261
1,1458684389,479261226,0.667194940714,2.73359370082,0.279890986533,-0.105496775343,0.755243767482,-0.14311301205,0.630869200274,262
1,1458684389,503858650,0.66760027643,2.73074578892,0.280081483045,-0.0804215474805,0.766026696767,-0.142265088556,0.621688120458,263
1,1458684389,445971224,0.668984925833,2.73847318909,0.280654071599,-0.13597918157,0.741932897334,-0.143422802878,0.640683336483,264
1,1458684389,466293075,0.668589827741,2.73608187188,0.28056704465,-0.09665505465,0.762461767715,-0.140217216379,0.624218699988,265
1,1458684389,554026013,0.666285783867,2.72593925441,0.278400848932,-0.0986078639042,0.755122396172,-0.142385199182,0.632291950786,266
1,1458684389,545731398,0.667252212002,2.72653958312,0.27926240722,-0.0758316387974,0.766327293743,-0.141226966012,0.622131003482,267
1,1458684389,562668460,0.667634466237,2.7253876105,0.279063154107,-0.0721253119857,0.76889100714,-0.137693819218,0.620197525519,268
1,1458684389,579287246,0.668178835461,2.72450024284,0.279145573092,-0.0648112989073,0.772909037965,-0.131781077849,0.617288313584,269
1,1458684389,512642222,0.666472766209,2.72950198993,0.279466049109,-0.0937970116966,0.759281561935,-0.144804729894,0.627475274813,270
1,1458684389,637494067,0.669309619454,2.72200477548,0.277086189145,-0.0845639637178,0.76793242987,-0.117200001586,0.624013524551,271
1,1458684389,713155818,0.671729374791,2.71783099446,0.275877770771,-0.0725245097661,0.776621976827,-0.0988828379109,0.617916406125,272
1,1458684389,729623435,0.671696461254,2.71665554946,0.275368553447,-0.0804119474655,0.771267036354,-0.0978437733947,0.623784957614,273
1,1458684389,739097312,0.6722186129,2.71607606072,0.27569841497,-0.0658547030293,0.778405764572,-0.0944531886274,0.617111188464,274
1,1458684389,704179511,0.671513238374,2.7183788219,0.275979534198,-0.0707936752541,0.777347301152,-0.10025777753,0.616982825515,275
1,1458684389,687801217,0.669935552736,2.71955299967,0.275457447464,-0.0994119061914,0.762209706592,-0.1068649588,0.630661174217,276
1,1458684389,720926986,0.671876820408,2.71721447878,0.275784007621,-0.0700209637903,0.777589874154,-0.0974970365724,0.617207728486,277
1,1458684389,773493695,0.671399937784,2.71376292482,0.27464994898,-0.0788863575643,0.771110278392,-0.0922304362845,0.62502754161,278
1,1458684389,746701721,0.672374359753,2.71538924832,0.275495747644,-0.0633217673289,0.780333231235,-0.0937137784882,0.615051322845,279
1,1458684389,779077320,0.671205136117,2.71316938148,0.274517822019,-0.0816271372199,0.768498964219,-0.091269324061,0.628025686536,280
1,1458684389,804061526,0.679207058113,2.7194461157,0.280760430839,-0.408365386688,0.488874035232,-0.107994090798,0.763267426911,281
1,1458684389,829052006,0.678984573712,2.71728687616,0.281053189316,-0.397793554853,0.497662965092,-0.106491982808,0.763381502586,282
1,1458684389,820757115,0.679220218212,2.71790397971,0.280723861508,-0.398065169896,0.498171385847,-0.106928192807,0.762847135684,283
1,1458684389,845752873,0.678380541977,2.71639075169,0.28103722971,-0.399635519836,0.490807681306,-0.106028466822,0.766914099153,284
1,1458684389,870768831,0.675692268607,2.7100766406,0.277746539302,-0.436282527256,0.451673388803,-0.109515350522,0.770490164933,285
1,1458684389,854060478,0.678267363151,2.71566533914,0.281303308142,-0.397026582448,0.491776529008,-0.105255403599,0.767754543041,286
1,1458684389,920785789,0.658427024417,2.70304533863,0.266168577442,-0.440845157929,0.485722986591,-0.0842002038946,0.750092696066,287
1,1458684389,862588072,0.675806379694,2.71073231952,0.277893437696,-0.438909863388,0.448469690405,-0.110222168014,0.770768540022,288
1,1458684389,937560055,0.657952557419,2.70261116162,0.26687145145,-0.423136021447,0.505056194936,-0.0856195369691,0.74735764009,289
1,1458684389,887511521,0.659392912324,2.70481573075,0.265755098249,-0.456321634735,0.476117791184,-0.0890991873273,0.746420624989,290
1,1458684389,982349584,0.656910507738,2.69931601268,0.26608279021,-0.441610798299,0.47440673652,-0.0793022465194,0.757383195527,291
1,1458684389,970913962,0.657025761973,2.69996280556,0.266296067928,-0.434982700928,0.484839723726,-0.0781287519622,0.754729349043,292
1,1458684390,3944852,0.656649760727,2.69783220534,0.265606826759,-0.435301654727,0.481702287613,-0.0754970668676,0.756819376334,293
1,1458684390,20739599,0.656270724438,2.69593339244,0.264065272698,-0.459084139965,0.450721258439,-0.0764638810799,0.761738389812,294
1,1458684389,987549896,0.656776718103,2.69893911045,0.266124211012,-0.431972324741,0.485576736128,-0.0755471954881,0.756245836513,295
1,1458684390,80940201,0.674162757212,2.70089910354,0.278997181213,-0.388505613839,0.470490697394,-0.0746668538283,0.78875012052,296
1,1458684390,104102111,0.674108915889,2.69886382111,0.27888254034,-0.380290349998,0.478295757554,-0.0706578883351,0.788428741752,297
1,1458684390,70704272,0.674225915819,2.70104698255,0.279704849573,-0.374967617631,0.488647927941,-0.0762269629755,0.78409944418,298
1,1458684390,112499105,0.674111205549,2.69807850825,0.278404431899,-0.378412132772,0.477089613796,-0.0700564312883,0.790115089474,299
1,1458684390,45914597,0.656683590902,2.69504056707,0.264306175044,-0.44152488849,0.464500479357,-0.0684338103836,0.764599170231,300
1,1458684390,170852667,0.67404251494,2.69489101061,0.277989262864,-0.367459922572,0.480176193869,-0.0572280123547,0.794436267266,301
1,1458684390,120773548,0.674598433092,2.69762848783,0.278842833848,-0.37063583548,0.486447848883,-0.0672685005387,0.788335281851,302
1,1458684390,195822461,0.673481531195,2.69328730755,0.27759750647,-0.365108610408,0.480259455717,-0.0543311532585,0.795672472558,303
