1440624965,957899407,2.67555216866,-1.1120242798,0.311628655415,0.903308180125,0.311996902746,0.0877547209334,0.281054039912,0
1440624969,182612383,2.67482390289,-1.11108065656,0.310699705713,0.901780931003,0.315192756556,0.0926881726373,0.280808798557,1
1440624981,217012845,-0.02571794462,1.98447492925,0.595476534311,-0.497393370116,0.750403431039,0.112973170807,-0.420394563151,2
1440624981,321131523,-0.0309030836376,2.02153164041,0.569586128213,-0.463536649613,0.750425429757,0.0450140328064,-0.469008726668,3
1440624981,315346502,-0.0304260010279,2.01726612147,0.571566467511,-0.466951399178,0.750434638568,0.0495640530292,-0.465131861617,4
1440624981,277251295,-0.0275478003008,2.00213370376,0.579942727993,-0.476314275979,0.756318345016,0.0742318637615,-0.442263385204,5
1440624981,338000639,-0.0402051376256,2.03385164739,0.55005323738,-0.533969765825,0.727581850307,0.210593712173,-0.375700983073,6
1440624981,296014858,-0.0288837897152,2.00995545432,0.575953516685,-0.467830708581,0.755036449447,0.0605202392528,-0.455402776403,7
1440624981,267736050,-0.0266774841117,1.99976039183,0.582507322853,-0.475096250915,0.757879513668,0.0812862840338,-0.439652971282,8
1440624981,304645702,-0.0296020969599,2.01386460028,0.573819143219,-0.465317253234,0.753611829801,0.0549372696323,-0.461010802728,9
1440624981,343509437,-0.04002498801,2.03897363743,0.548568927015,-0.523884981249,0.732281520938,0.204556032625,-0.384011887878,10
1440624981,260262412,-0.0261502165858,1.99693131535,0.58477247423,-0.478217329574,0.757617167745,0.0874467330365,-0.435519783379,11
1440624981,285954988,-0.0280685535924,2.00624295315,0.578099194972,-0.469435814118,0.756670543903,0.0680751240934,-0.449939420246,12
1440624981,354205349,-0.0347352046388,2.03287406811,0.546921657206,-0.492206608521,0.744758881244,0.101707306921,-0.439001693682,13
1440624981,362734509,-0.0388907152304,2.04807375995,0.544685471515,-0.511815759008,0.738813527884,0.189476224986,-0.395345368017,14
1440624981,371936370,-0.0378565756751,2.05213883572,0.542287948975,-0.509671960313,0.740928818451,0.178750242223,-0.399133223078,15
1440624981,333248636,-0.0312388461747,2.02611776095,0.56762714359,-0.459783197123,0.74896739303,0.0384397808693,-0.475572958722,16
1440624981,659662193,0.0431198901848,2.32208812371,0.495286689125,-0.43232016254,0.77903905116,0.0865628686574,-0.445762609018,17
1440624981,676324994,0.0778462392917,2.41833135134,0.486112537148,-0.409536369547,0.812991385228,0.193974679975,-0.365648455612,18
1440624981,694404593,0.101601639334,2.43674872007,0.472428069651,-0.367987560865,0.842211964332,0.198215727267,-0.340550565479,19
1440624981,706479172,0.112224915485,2.44781224161,0.462791138793,-0.349221467289,0.857701162147,0.229916337059,-0.299218250094,20
1440624981,713213623,0.11367221005,2.44092155988,0.451963857274,-0.372900625743,0.853022267792,0.251637004109,-0.264531571148,21
1440624981,717119354,0.118601779995,2.44526243512,0.447330471123,-0.364196597131,0.858274053489,0.26613907273,-0.244737577237,22
1440624981,721857665,0.123346009572,2.44955502753,0.44271138543,-0.355950304497,0.862167013224,0.279806584976,-0.22732289159,23
1440624981,726596466,0.127835799287,2.45394627985,0.438280147686,-0.347355413738,0.865201902387,0.293387115524,-0.211409283377,24
1440624981,733935665,0.131881436485,2.45833942669,0.433905101504,-0.341865468641,0.866730722194,0.305058547047,-0.197091703096,25
1440624981,742202284,0.133594934615,2.46473314983,0.42084574001,-0.3385628436,0.868870138539,0.312994054348,-0.180207117592,26
1440624981,758796645,0.140419592697,2.47389448846,0.41243878894,-0.336787407038,0.865527208777,0.337209737333,-0.154034042908,27
1440624981,752765716,0.137170561055,2.46933193195,0.416571081177,-0.33797055811,0.86712890312,0.326756731841,-0.164600745509,28
1440624981,767239759,0.143336160249,2.47839889987,0.408308560071,-0.336380420474,0.863583462692,0.346802727665,-0.144220954685,29
1440624981,775277093,0.145970854729,2.4826924998,0.404211119335,-0.335645035721,0.861546702739,0.355983332488,-0.135482677809,30
1440624981,783882520,0.148190445057,2.48666794834,0.399992900061,-0.333580746537,0.860465423499,0.362847688721,-0.12909180955,31
1440624981,792642919,0.150526357931,2.49079453324,0.395665757781,-0.33409366008,0.858533363399,0.368457194648,-0.124664292951,32
1440624981,801239050,0.152739097922,2.49468751605,0.390905054673,-0.332001478324,0.857513911276,0.375270552156,-0.116691572289,33
1440624981,809850833,0.15477468271,2.49840165308,0.385990085848,-0.328316602371,0.857060574303,0.381210268938,-0.111059044833,34
1440624981,818645454,0.156904241109,2.50223631249,0.380924031235,-0.322911513158,0.85766313987,0.385591306864,-0.107058102214,35
1440624981,826786921,0.158861598143,2.50587372895,0.375662694108,-0.316969300204,0.858470727187,0.389601026718,-0.103776265455,36
1440624981,835566879,0.160778204685,2.50921942641,0.370204394339,-0.308449021234,0.860332291534,0.393208037227,-0.100374244231,37
1440624981,848013991,0.162571161013,2.51232878517,0.36446991034,-0.298570768508,0.862656748863,0.39615620795,-0.0986868214978,38
1440624981,853124835,0.164479253097,2.515378698,0.358747288252,-0.289809091246,0.864761293219,0.397794036319,-0.0997922895396,39
1440624981,863508836,0.166302164373,2.51802876406,0.352590548619,-0.277248676549,0.867876114587,0.40001497895,-0.0995602214552,40
1440624981,867122216,0.167918652085,2.52023778169,0.345999953331,-0.260796015523,0.872220569431,0.401116748484,-0.101597591671,41
1440624981,877352705,0.169274993224,2.52237248012,0.338905485288,-0.242691727825,0.877168568657,0.399361137458,-0.110393429581,42
1440624981,886140484,0.169407203753,2.52419065576,0.331067786058,-0.227525969219,0.881408124514,0.39572239995,-0.121471945526,43
1440624981,893035288,0.168860681066,2.5258305789,0.322934493142,-0.210615111106,0.885197495313,0.393916174422,-0.129987371676,44
1440624981,900687374,0.168619136591,2.52789818071,0.314962086588,-0.196580948545,0.888048076508,0.391671182861,-0.138997226578,45
1440624981,908795598,0.169108789003,2.53032662518,0.307979754251,-0.191923851031,0.888784506253,0.390716920479,-0.143414172597,46
1440624981,917947602,0.170231308701,2.53348065554,0.301808863985,-0.193184875813,0.889711671931,0.384268007096,-0.153071366717,47
1440624981,925290711,0.171470745664,2.5371541028,0.296918962839,-0.198058888891,0.889265345074,0.378888118938,-0.162553424783,48
1440624981,934722845,0.172547220639,2.54131017358,0.293111406461,-0.211757736811,0.886170161688,0.375775693052,-0.16927413844,49
1440624981,948610713,0.173526285111,2.54586857496,0.290104485758,-0.226611620269,0.882102162994,0.36834990736,-0.186711792203,50
1440624981,956092182,0.173972372816,2.55053776658,0.287143909783,-0.245363164949,0.876827252886,0.363359324994,-0.19733445422,51
1440624981,961688982,0.173819397372,2.55511383519,0.284314438644,-0.264716793818,0.869875371573,0.361754075599,-0.205853942853,52
1440624981,968722139,0.174016114111,2.55991472508,0.281426294083,-0.278075868389,0.864171379621,0.357813006314,-0.218749835605,53
1440624981,978703786,0.17346039705,2.56421084359,0.278976270345,-0.289862460081,0.858104163475,0.35764522141,-0.227435473192,54
1440624981,986054229,0.17301883441,2.56834194487,0.276997333442,-0.294463247089,0.854166019681,0.356998237711,-0.237158312541,55
1440624981,996720322,0.17255494385,2.57167768958,0.275414899077,-0.297504621446,0.851728518352,0.356277075836,-0.243138183916,56
1440624982,2119609,0.172885234084,2.57436300348,0.274671265933,-0.299452324659,0.84956561006,0.354886698393,-0.250243902549,57
1440624982,11181656,0.173681042369,2.57651306273,0.273665974595,-0.301458329425,0.848330928798,0.354518636305,-0.252535239874,58
1440624982,17874055,0.174738393328,2.57794761016,0.272549174815,-0.302923120681,0.847781040848,0.352401434485,-0.255574096318,59
1440624982,33838730,0.177264964417,2.57946809435,0.270920468395,-0.299053199412,0.847839772817,0.34964535448,-0.263596338447,60
1440624982,46135263,0.178617463469,2.57964050368,0.270370393616,-0.29520686937,0.848533756206,0.348443028111,-0.267265457957,61
1440624982,25848812,0.176017981195,2.57899597469,0.27171263438,-0.30243331591,0.847546109273,0.350635546789,-0.259334524141,62
1440624982,60106241,0.180003592447,2.57901260453,0.269723393541,-0.291382086539,0.850435825614,0.345155203588,-0.269672526581,63
1440624982,66654419,0.181351163216,2.57834934542,0.269471136427,-0.286187016864,0.851222284724,0.346642027825,-0.27084482257,64
1440624982,73080864,0.182687134088,2.5773113197,0.269189649467,-0.281189491269,0.853043411976,0.346696854546,-0.27027892691,65
1440624982,78223487,0.183938262273,2.57615589571,0.269297609589,-0.274496042537,0.855211459762,0.347637546107,-0.269097414072,66
1440624982,92513709,0.186330251241,2.57340893437,0.270076220841,-0.265159023074,0.858775951361,0.352118766767,-0.261164568686,67
1440624982,85201891,0.185082533205,2.57478210028,0.269586159373,-0.268628681027,0.857110621363,0.349583411321,-0.266442213259,68
1440624982,117314067,0.188554110411,2.56883573286,0.272324497607,-0.254527896439,0.862359015354,0.354960971456,-0.256037472483,69
1440624982,100692337,0.187235578762,2.57180661737,0.270752027492,-0.259369741215,0.8602777687,0.352455463516,-0.261581047212,70
1440624982,108715003,0.187956745677,2.57020142825,0.271447035972,-0.257690428118,0.861265733188,0.352390116191,-0.260073424447,71
1440624982,125812918,0.188993839186,2.5672777593,0.273250011066,-0.251835330129,0.863185385346,0.355925921725,-0.254571591637,72
1440624982,138426252,0.189209032488,2.56583039973,0.274123965665,-0.249116230819,0.864744010117,0.354229249249,-0.254323690376,73
1440624982,144139407,0.189335029896,2.56431583574,0.275149523939,-0.242357620043,0.866540205493,0.357292737175,-0.250425150962,74
1440624982,155392655,0.189382789587,2.56289677754,0.276126540466,-0.23938360966,0.867376810336,0.358804184102,-0.248218681386,75
1440624982,167701413,0.189269082432,2.56067134113,0.277894273398,-0.234080723836,0.868717432571,0.367030801719,-0.236272359079,76
1440624982,176254522,0.189502769148,2.55961510598,0.278603736533,-0.229286647572,0.870062522182,0.367867286945,-0.234717915668,77
1440624982,193984081,0.190076480489,2.55814179832,0.279171609215,-0.217069738985,0.873660475647,0.37191129692,-0.226451074037,78
1440624982,185812789,0.189854813204,2.55881937356,0.278912900852,-0.222253560816,0.871999812844,0.368231037978,-0.233721166723,79
1440624982,158779675,0.189257751413,2.56165138791,0.277041529608,-0.237343044727,0.86810529605,0.361630405214,-0.243484956649,80
1440624982,201751059,0.190111303978,2.55731537783,0.279319433094,-0.211146414476,0.875633142245,0.371714935495,-0.224748300519,81
1440624982,237261997,0.192507789976,2.55668575781,0.278676107599,-0.181537435673,0.882834974102,0.366519783792,-0.230889185628,82
1440624982,219367682,0.191092284495,2.55661090775,0.27917230881,-0.195879522904,0.879635075102,0.369591045411,-0.226441617881,83
1440624982,209272616,0.190529941986,2.556816675,0.279320245734,-0.202673391139,0.877721154764,0.370450562181,-0.226484992845,84
1440624982,243183911,0.193678618592,2.55703380084,0.278371984077,-0.173510098179,0.883829227069,0.36572661243,-0.234487074631,85
1440624982,255956135,0.194130886142,2.55766681277,0.277751617947,-0.172372135156,0.884702523705,0.36369801012,-0.2351872637,86
1440624982,263111509,0.194917794602,2.55826674879,0.277212622855,-0.16902981001,0.885121783077,0.362290215712,-0.238189319766,87
1440624982,225299864,0.191713157842,2.55657255977,0.278937637272,-0.188425138808,0.88138543096,0.368354530281,-0.227970676135,88
1440624982,273783960,0.195998423177,2.55890661495,0.276636041311,-0.164409027315,0.885842197397,0.359935576352,-0.242280114588,89
1440624982,281815423,0.19708774851,2.55960712726,0.275998602859,-0.162101841497,0.885609067296,0.360288255214,-0.244155577574,90
1440624982,293281824,0.198334346425,2.56011479121,0.275140752571,-0.163154314158,0.885626079586,0.35914441299,-0.245076330041,91
1440624982,300443070,0.199979157573,2.56083414683,0.274410188329,-0.160985512833,0.885260996806,0.359114932909,-0.247857009489,92
1440624982,303079648,0.201719824994,2.56154026195,0.273542281673,-0.158438711389,0.885633752565,0.357935042379,-0.249865036546,93
1440624982,308767876,0.203635239786,2.56233527327,0.27254663795,-0.154809358867,0.885938466296,0.355764161685,-0.254123902074,94
1440624982,323507385,0.205669676804,2.563012486,0.271487647802,-0.151542039916,0.886808971625,0.352633724039,-0.257399134914,95
1440624982,325117783,0.207956981673,2.56395020898,0.270974557325,-0.146018535233,0.88596512552,0.349930921303,-0.267006992506,96
1440624982,333728099,0.210470744875,2.56503479833,0.270227219318,-0.140837051285,0.886092875655,0.347159789168,-0.272918342152,97
1440624982,343578232,0.213055690602,2.5662174591,0.269206619361,-0.138743841447,0.886847497908,0.34687460996,-0.271900104596,98
1440624982,352395342,0.215560036789,2.56717326902,0.268205830942,-0.134490225908,0.887678134324,0.339989389914,-0.279905562154,99
1440624982,362378944,0.218350955052,2.56850654664,0.267398410963,-0.130553826064,0.887705538055,0.337395186356,-0.284778974698,100
1440624982,367148546,0.22101405722,2.57010975933,0.266679748611,-0.126978854895,0.887968966746,0.33418230892,-0.289326232668,101
1440624982,376147035,0.224078622217,2.57179416726,0.266017936848,-0.123076146251,0.887559265338,0.331775470975,-0.294984490434,102
1440624982,383758062,0.227292892274,2.57354308818,0.265580782266,-0.120225314181,0.886932144689,0.329349174739,-0.300709769787,103
1440624982,392416284,0.235352610692,2.57351769631,0.272848737761,-0.115358648428,0.884029522325,0.330638260168,-0.309616741801,104
1440624982,400221394,0.23917541195,2.57535937618,0.272416648112,-0.110814398029,0.8832215129,0.328421243719,-0.315878797981,105
1440624982,408818509,0.243355026453,2.57718409459,0.27208659779,-0.106614914934,0.882059537638,0.326291857561,-0.322703975284,106
1440624982,417200996,0.247932326353,2.57881136071,0.271670702571,-0.101464145114,0.88139353549,0.323728188896,-0.328710393154,107
1440624982,426000997,0.252929916129,2.58046771146,0.271483795801,-0.0961640616732,0.880627848449,0.320961654864,-0.335008480318,108
1440624982,433760646,0.252999872728,2.58355907104,0.263645874328,-0.0906930248058,0.88229553658,0.315287143904,-0.337525374263,109
1440624982,442344066,0.258660308791,2.58492743844,0.263276059063,-0.0835698681059,0.882022306314,0.313551996618,-0.341669246094,110
1440624982,452132600,0.264915407543,2.58623496302,0.262938799542,-0.0767501501411,0.88189552553,0.310828841526,-0.346056538416,111
1440624982,464892602,0.273699424748,2.60203177355,0.284788959924,-0.0336954472739,0.85183034251,0.348300244811,-0.389790487155,112
1440624982,470267939,0.281341244416,2.6034987878,0.283835729614,-0.024799885884,0.852207913819,0.345588651772,-0.392039693207,113
1440624982,476269047,0.280674941747,2.60803093522,0.277078300092,-0.00827105151168,0.848822689082,0.340665661193,-0.404201112678,114
1440624982,484561094,0.288935385694,2.60071245932,0.265754104653,0.00708122687059,0.842678977588,0.343641137875,-0.414430652,115
1440624982,491931096,0.305270143898,2.60491146809,0.251660522712,-0.0934479495543,0.887302145954,0.406391724054,-0.196997840421,116
1440624982,501422873,0.315743802006,2.60548914285,0.251442868683,-0.0816873577234,0.88950969198,0.398187055088,-0.208678586879,117
1440624982,508583630,0.326808172164,2.60612213271,0.251328714636,-0.0706846222555,0.890900809187,0.392972973934,-0.21649867003,118
1440624982,517343545,0.322268629837,2.59431189233,0.247471016914,-0.0198630486981,0.882439359524,0.296775691588,-0.364459085416,119
1440624982,525080209,0.346120526205,2.59950422834,0.251715127202,-0.0200000447568,0.889062012883,0.338230235183,-0.307845811189,120
1440624982,533892432,0.34765679717,2.59517428443,0.24806373475,0.0109339550372,0.881017361841,0.283045950947,-0.378911396522,121
1440624982,542325280,0.373080675164,2.60020358083,0.252337400012,0.0173834809522,0.888553099269,0.320231721451,-0.328059215608,122
1440624982,552146570,0.374358842472,2.6109368475,0.246811640576,0.0235093902885,0.892162699063,0.327275234822,-0.310457642265,123
1440624982,569019106,0.407190890151,2.61247154235,0.248373790544,0.0552981252924,0.897342321628,0.308380751807,-0.310837879078,124
1440624982,651371472,0.585358479885,2.63501407879,0.279546016106,0.122474764829,0.90378587337,0.286184630451,-0.293716503401,125
1440624982,674320895,0.637501246715,2.64843820498,0.287954320173,0.115726886246,0.909979843422,0.319626693436,-0.237450519496,126
1440624982,660588005,0.61819185011,2.64354379091,0.28555439667,0.116306873887,0.90984028391,0.313857368008,-0.245269079599,127
1440624982,563253149,0.389730474485,2.61142943345,0.247549362123,0.043492057774,0.893409505269,0.315060519545,-0.31727711205,128
1440624982,642745027,0.574380397635,2.62910322104,0.283868162491,0.145000392644,0.889677601022,0.270046780311,-0.338413044691,129
1440624982,690311477,0.663140893059,2.65423162713,0.28925773605,0.123859097416,0.904435092208,0.308051669803,-0.267881049539,130
1440624982,627617826,0.537999092057,2.62058614767,0.278038478825,0.146791637157,0.88698858898,0.257606393035,-0.354037292595,131
1440624982,734455707,0.803021371591,2.67163838634,0.331762943095,0.153750429054,0.889561374236,0.235611471241,-0.359900821967,132
1440624982,725459656,0.783456715516,2.66799847982,0.329957359766,0.15713764563,0.885674980858,0.229159641962,-0.371985815728,133
1440624982,681698229,0.656984628235,2.65338788421,0.290369660593,0.11357348643,0.910676469024,0.325356399714,-0.227843466246,134
1440624982,612948709,0.509554009325,2.61880900427,0.266902905744,0.0948916825047,0.9112313723,0.29585646264,-0.270410628935,135
1440624982,617273423,0.52691918887,2.62237357526,0.270199994983,0.10267795219,0.910457365352,0.294087405171,-0.272097817209,136
1440624982,696700275,0.682776197039,2.65893063568,0.291487771328,0.121185345912,0.905228161492,0.315028026555,-0.258134519318,137
1440624982,784012423,0.924180476658,2.70256730082,0.34683593121,0.141405063909,0.897418962691,0.360583891484,-0.211241734764,138
1440624982,744059929,0.821874249369,2.67585330086,0.33270255069,0.153260761314,0.894453571265,0.240687422184,-0.344286962715,139
1440624982,801126467,0.959374205347,2.70145480332,0.345239454551,0.10048260558,0.930091844144,0.324232055072,-0.140377996481,140
1440624982,775772687,0.910419083407,2.69399267246,0.348942036936,-0.0232692506089,0.905043660905,0.376710153841,0.196071348812,141
1440624982,760628374,0.860398362906,2.68302981246,0.334890582407,0.14687529747,0.902722873686,0.251570267666,-0.316593526061,142
1440624982,818071359,0.984756246554,2.70717532571,0.3249388811,0.0556986456399,0.948505403446,0.308626347051,-0.0445526476641,143
1440624982,851033718,1.05324358812,2.71889466544,0.318043931555,0.042896602345,0.948262841547,0.310919198961,0.0478196253265,144
1440624982,876039416,1.10016974553,2.72457667928,0.322030053631,0.0365102910054,0.940026382873,0.31472902982,0.12634490865,145
1440624982,834571852,1.01932016265,2.71226625582,0.3253980724,0.0420142890835,0.947638430654,0.316456627159,0.00845028926157,146
1440624982,843341052,1.03617290576,2.71458406802,0.326124528431,0.0383395762658,0.945990197849,0.319800632329,0.0368805914675,147
1440624982,883994604,1.1147557194,2.72653427916,0.323578902182,0.0353007227086,0.936602607746,0.314237610303,0.1509441566,148
1440624982,811580382,0.966409131858,2.70403257418,0.324108596897,0.0661655623564,0.947881916056,0.300132758632,-0.0840376032995,149
1440624982,859149277,1.07009063595,2.72059422659,0.319502007519,0.0253910945837,0.943406206271,0.311266123985,0.111594902859,150
1440624982,827434069,1.00235737163,2.70996192538,0.325244980098,0.0501473288266,0.948313538655,0.312781535727,-0.0188252150886,151
1440624982,869904340,1.08509288579,2.72276241822,0.32053414631,0.0386621425667,0.943460008326,0.313457068641,0.10066338729,152
1440624982,792748868,0.94137958542,2.7056755824,0.346207885442,0.137859634547,0.899037471428,0.358481231108,-0.210279702003,153
1440624982,900433501,1.14283836462,2.73007292813,0.327653763875,0.00934601756358,0.918512800558,0.311416999516,0.243446790038,154
1440624982,892907061,1.12932607931,2.72801176046,0.325823752987,0.0125762895489,0.923945464153,0.310737151961,0.222730865853,155
1440624982,908948482,1.15586699979,2.73220997441,0.329580595983,0.00547255083078,0.912523439525,0.311265075245,0.265301859093,156
1440624982,917748485,1.1675198403,2.73488836894,0.331045147881,0.0245798983111,0.920147322509,0.318817703756,0.226008861,157
1440624982,925476839,1.17927411567,2.73725685021,0.332840394506,0.0203034278501,0.916702948096,0.319449763939,0.23915543918,158
1440624982,933893062,1.19041119617,2.7396595599,0.334569351513,0.0158261558295,0.913120309333,0.320332926026,0.251689590526,159
1440624982,942324932,1.20086923864,2.74200723973,0.335998588081,0.0124491213261,0.909607288794,0.321733956895,0.262577341999,160
1440624982,950846753,1.21072271397,2.74437022556,0.337052626567,0.0106713138254,0.906936272133,0.322750390645,0.270527090491,161
1440624982,960800044,1.22005336105,2.74669647958,0.337591094312,0.0101353179221,0.904493073318,0.324455867929,0.276618772712,162
1440624982,970063512,1.22970310396,2.74897185935,0.337442768259,-0.00766139400433,0.890559873312,0.324589657479,0.318568625803,163
1440624982,979413515,1.2386474232,2.75112125737,0.336349530786,-0.00517395272843,0.889448838033,0.327050569943,0.319205136917,164
1440624982,987972002,1.24708546139,2.75291303577,0.333983458504,0.0182215696564,0.902006544026,0.329416426178,0.278454641006,165
1440624983,879648,1.26395639034,2.75664414124,0.328065126798,0.033908929013,0.904707720576,0.333715633358,0.262655669872,166
1440624982,994400406,1.25580506501,2.7547787603,0.331301677172,0.0259379207363,0.903226609303,0.332080231757,0.270613444217,167
1440624983,8725342,1.27149133891,2.75845445496,0.324331247067,0.0413669340813,0.906118228042,0.336007665334,0.253648146873,168
1440624983,17170407,1.27834994404,2.76026616471,0.320505280263,0.0479569210295,0.907636167762,0.338256045444,0.243884334096,169
1440624983,25302096,1.28491259664,2.76214025683,0.316357687526,0.0565479104981,0.909518714388,0.339555199363,0.232981348143,170
1440624983,33969610,1.29090621663,2.76403782363,0.312254450094,0.0619451807701,0.910326044573,0.340494462434,0.227008387958,171
1440624983,42236722,1.29707930137,2.76570193977,0.309108647929,0.0682266297365,0.910943339521,0.34195057902,0.220447637059,172
1440624983,50617255,1.30426292603,2.7669488959,0.307317932375,0.0722052723079,0.910923536498,0.342731528645,0.218036255188,173
1440624983,59402592,1.31211345843,2.76775293611,0.306777292443,0.0701481196254,0.912655172393,0.341000458264,0.214145896717,174
1440624983,67177878,1.32006553434,2.7685475277,0.307115851448,0.0632530529768,0.915872112964,0.338246268439,0.2068013198,175
1440624983,75347216,1.32768834814,2.76921183122,0.307680808969,0.0552298687627,0.919153335772,0.335837968506,0.198291870346,176
1440624983,84065572,1.33456415985,2.77037735904,0.308157804482,0.0478701104542,0.922237977791,0.333947505391,0.188850810133,177
1440624983,92217792,1.34090195419,2.77160223923,0.307838372801,0.0383964958556,0.924209318083,0.334028618224,0.181073818322,178
1440624983,100578284,1.34670232599,2.77298294043,0.306778900162,0.0297669043806,0.926034063363,0.335630405255,0.170079616543,179
1440624983,108893797,1.35203924129,2.77456066543,0.305149692026,0.0200362969259,0.926877711751,0.33835508681,0.161282638541,180
1440624983,117191218,1.35741540449,2.77585009819,0.303504406381,-0.00234772311966,0.923009020547,0.339521842511,0.18103523039,181
1440624983,125520909,1.36154895958,2.77798468089,0.301264551425,0.00202942738273,0.92857417188,0.343489230166,0.140573957409,182
1440624983,133817354,1.36522811777,2.77946685951,0.299343561833,-0.00711161249193,0.929191345143,0.345295886566,0.131619222758,183
1440624983,150435667,1.37154220763,2.78195056286,0.29698645974,-0.0159149760543,0.929841358426,0.349004179057,0.115489586972,184
1440624983,159067979,1.37418717006,2.78270632233,0.296121694386,-0.019284955269,0.930218703304,0.349472457697,0.110409491596,185
1440624983,167324339,1.37664060966,2.78271152871,0.295423691675,-0.019759116236,0.930229384191,0.350563744335,0.106714250555,186
1440624983,142345046,1.36864505183,2.78090091457,0.29798409786,-0.0113656099492,0.929678280564,0.347373504416,0.12206869372,187
1440624983,175649140,1.37895422506,2.78261209442,0.294730388418,-0.0171833740755,0.930332388235,0.35154357432,0.102973270366,188
1440624983,200635764,1.38414384445,2.77904928241,0.291559048795,0.00279096868401,0.930980086712,0.352542777585,0.0947727735796,189
1440624983,237301457,1.38883900042,2.77151604668,0.287360418709,0.0383658939149,0.931262760277,0.351942346356,0.0861064129298,190
1440624983,251693367,1.39081164291,2.76840866319,0.286215845574,0.0518242186954,0.931072931881,0.351297350482,0.0837115130661,191
1440624983,226318076,1.38784485267,2.77338458462,0.288229453347,0.030207867027,0.931410712779,0.352170860803,0.0868173582347,192
1440624983,192705985,1.38260722676,2.78064937669,0.292591042955,-0.00571628683843,0.930758537166,0.351956101806,0.0989078963394,193
1440624983,242988213,1.3898137721,2.76971065018,0.286652640993,0.0450168038147,0.930971734488,0.351889659009,0.0862483903724,194
1440624983,267123194,1.39236937827,2.76645697348,0.285358639475,0.0609344089656,0.931094505714,0.35092089351,0.0787689388728,195
1440624983,275506664,1.39301710055,2.7658480907,0.284989034886,0.0633576874013,0.931005355132,0.350904541188,0.0779797097728,196
1440624983,258850705,1.39165221882,2.76728889845,0.285749233051,0.0568553322582,0.930992076069,0.351225596234,0.0816198875293,197
1440624983,291986131,1.39438633075,2.76529952568,0.284493775517,0.0656804568063,0.93095331824,0.351229877416,0.0751636219376,198
1440624983,209073497,1.38541216953,2.77725193577,0.290420438943,0.0112813945575,0.931171697322,0.352516074719,0.0923277710521,199
1440624983,362884317,1.39823663944,2.76362322944,0.283953662471,0.0671835837595,0.930418657454,0.354499639776,0.0643233498367,200
1440624983,489678651,1.42215196291,2.75629058005,0.273975670963,0.112275742136,0.928799916887,0.352896495765,0.0137453772585,201
1440624983,445971974,1.41129111657,2.75736330323,0.278220766447,0.105267750252,0.930056246607,0.349702427814,0.040277672302,202
1440624983,483545535,1.42028730474,2.75670268957,0.274738355946,0.109340029483,0.928816810819,0.353540557588,0.0187926590006,203
1440624983,459115753,1.41667930886,2.7571579963,0.275908776077,0.107356441417,0.930014039236,0.350409810181,0.0275943153533,204
1440624983,451200639,1.41485954692,2.75721629864,0.276658274399,0.106405766239,0.930139094046,0.350029526766,0.0315976111404,205
1440624983,436062683,1.40500007663,2.75825386851,0.280769067502,0.0958216059831,0.9312103112,0.34769558987,0.0526626331135,206
1440624983,383164897,1.39983966524,2.76208925376,0.283433534229,0.0770480886844,0.930317981739,0.35340696521,0.0606264119448,207
1440624983,447108151,1.41303056034,2.75726922178,0.277567231318,0.105339407237,0.930000219483,0.350274458835,0.036207796568,208
1440624983,407963300,1.40159554798,2.76029991839,0.282556930743,0.0867797924344,0.930381925617,0.351624881581,0.0567334360326,209
1440624983,471954467,1.41846786361,2.75690424878,0.275204934066,0.107457455063,0.929834362378,0.351145542952,0.0236169760637,210
1440624983,497804460,1.42397998023,2.75571403494,0.272904706335,0.114935623647,0.928909396742,0.351909195257,0.00877800407576,211
1440624983,511937754,1.4275850767,2.75168405049,0.279617382567,0.125887167754,0.924895055614,0.358723420015,-0.00625020227853,212
1440624983,538532335,1.43393442993,2.74963921018,0.276837503897,0.139909075568,0.923585742377,0.356691670663,-0.0136337497189,213
1440624983,562127594,1.43798900782,2.7655542869,0.253688315427,0.176513596419,0.891097017702,0.412247596514,-0.0695771118253,214
1440624983,500977841,1.42595277473,2.7550807297,0.272143784721,0.119050549023,0.928277890519,0.35227163129,0.00564114699624,215
1440624983,544874202,1.43661815395,2.74914245015,0.276235981221,0.143446620196,0.923333423372,0.355934944808,-0.0137394141782,216
1440624983,531457137,1.43168263706,2.75030599569,0.277732600868,0.135225125395,0.923973788338,0.357555847961,-0.0118498740668,217
1440624983,644412485,1.47349270078,2.75838658142,0.249086994227,0.215163803852,0.877501785874,0.403384220315,-0.144832054809,218
1440624983,615058619,1.45659903076,2.76294161919,0.249558614567,0.198527315938,0.884564818082,0.407107116805,-0.111336350242,219
1440624983,618609417,1.46051950639,2.76206533213,0.249358894529,0.201875866694,0.882938286704,0.406507246761,-0.120074871017,220
1440624983,653804535,1.47826838205,2.75655221319,0.249056627227,0.220887607541,0.875498552032,0.40116463504,-0.154200797076,221
1440624983,570901676,1.44074322781,2.7651020285,0.252911258966,0.181437971891,0.889771664752,0.411954278306,-0.0753678946675,222
1440624983,627686617,1.46429018022,2.76116907976,0.249041796429,0.20396457399,0.882038906691,0.405298347031,-0.127039637653,223
1440624983,555081230,1.43542137397,2.76604644497,0.254411024373,0.171667462119,0.892176428133,0.412861515515,-0.0640068163533,224
1440624983,634930974,1.46883394037,2.75988936461,0.249103199867,0.209635713462,0.879674517287,0.40459992299,-0.13610478902,225
1440624983,679259511,1.49469817986,2.74955797997,0.249048429705,0.243721692337,0.867470423391,0.394162871411,-0.180915538379,226
1440624983,668331380,1.48890278246,2.75201910482,0.249035157925,0.234821253877,0.87036775038,0.397111237829,-0.172109333321,227
1440624983,659747953,1.48339597261,2.7544150156,0.249060648112,0.226770303763,0.87311047076,0.399168421743,-0.164066773794,228
1440624983,612906041,1.45335240892,2.76369356229,0.250043187069,0.198256119713,0.885029399,0.407856918003,-0.10521505757,229
1440624983,605973590,1.44954989601,2.76398544554,0.250467854377,0.191602503818,0.887223533636,0.408631111534,-0.0956216323796,230
1440624983,592286168,1.44324294596,2.76481363664,0.251710701979,0.184077150661,0.889767052237,0.409620250858,-0.0814950639352,231
1440624983,684297026,1.50110876098,2.74661979102,0.249244990493,0.252100648841,0.864527602556,0.3907597588,-0.190641281404,232
1440624983,694434626,1.50788450798,2.74364808527,0.249837088178,0.25830275313,0.861453616674,0.389610757329,-0.198445992194,233
1440624983,700437692,1.51567358187,2.74008884809,0.250384600823,0.263316941258,0.858986802949,0.386611623586,-0.208176159332,234
1440624983,708806986,1.52454542416,2.73681922033,0.25091878337,0.2724240102,0.854720700126,0.386127502916,-0.214809764523,235
1440624983,717884183,1.52863333967,2.72805684764,0.241986992598,0.257686056141,0.867022537218,0.379043973659,-0.195436645642,236
1440624983,725664850,1.56291213608,2.73340315645,0.264245247729,0.287851389806,0.838640407744,0.428963953732,-0.172666644966,237
1440624983,792868508,1.65683289427,2.67212906644,0.261509653573,0.336281614311,0.848355959737,0.380847292499,-0.148869678746,238
1440624983,800545037,1.67209534066,2.66497489088,0.263525180622,0.346388550604,0.847162960614,0.373391622877,-0.151355826247,239
1440624983,808849799,1.68835348718,2.65796390054,0.266314429755,0.353564748728,0.846809829934,0.367702295299,-0.150665531609,240
1440624984,20202341,2.15489928982,2.4950762899,0.302032055168,0.310827745908,0.855660050334,0.413615413899,0.0124209509074,241
1440624984,25804038,2.18123906333,2.47183056891,0.312265937341,0.288633355729,0.85996572903,0.410478246152,0.0930448294637,242
1440624984,50585824,2.23590934005,2.43337650523,0.321845445401,0.273143067485,0.864753340483,0.374067059448,0.194083383742,243
1440624984,58870540,2.24010877329,2.42942188186,0.317837040172,0.323652600222,0.859452165933,0.388772563318,0.0738028648104,244
1440624984,67906186,2.2494527252,2.41563103521,0.329411224852,0.365382714775,0.845630373286,0.388928074931,-0.0118193083847,245
1440624984,75688807,2.26439824778,2.40581955628,0.329757884165,0.366642129657,0.846398229387,0.385867883909,0.0170165277768,246
1440624984,84550899,2.27817483735,2.39632158656,0.329804200098,0.365490096561,0.848575585138,0.380011341463,0.0439072429456,247
1440624984,99491345,2.29199325394,2.38669998757,0.330468606215,0.36638997915,0.848209766793,0.37560719933,0.0722343859083,248
1440624984,102760543,2.30477743697,2.37754788536,0.331069313896,0.364719229904,0.848201145018,0.370558214776,0.101100496495,249
1440624984,109014904,2.32011370363,2.37069866234,0.323630572112,0.363929841073,0.848543077939,0.360766855672,0.131821817265,250
1440624984,117475613,2.33264082239,2.3619144056,0.32479102119,0.362269888526,0.846769650234,0.35541299311,0.159446830128,251
1440624984,125480677,2.34478762428,2.35351325666,0.326245481097,0.3597336112,0.844903770629,0.350040107532,0.184935855012,252
1440624984,135334238,2.35656333208,2.34557097401,0.327873211111,0.357685084066,0.842319641911,0.345727710302,0.2074399957,253
1440624984,146637840,2.36783492838,2.33791087116,0.329816138551,0.35281491393,0.839926503804,0.340546320093,0.23253668224,254
1440624984,161665795,2.3893568427,2.32331561155,0.334075205681,0.349343785517,0.834510057858,0.330760412462,0.268606463816,255
1440624984,217989713,2.4466892481,2.27962324027,0.337676260841,0.375185655177,0.806289683538,0.315911135696,0.330655144694,256
1440624984,225974739,2.45344435442,2.27389879896,0.334939520747,0.386306168944,0.800306160051,0.320344666665,0.328111091796,257
1440624984,192871579,2.42479131955,2.29757134639,0.340175873226,0.355577440195,0.82168551136,0.312961797459,0.316942451837,258
1440624984,168564020,2.39916631499,2.31632138573,0.336118842957,0.351044838258,0.831197567974,0.326545896673,0.281506486414,259
1440624984,176476687,2.40823411125,2.30987056428,0.337857506684,0.350360813362,0.828633020791,0.32093371848,0.296000279827,260
1440624984,236034603,2.45982991883,2.26816969795,0.331603559613,0.397817110523,0.794477855273,0.322066220489,0.326833036389,261
1440624984,269127986,2.48217697875,2.25022151078,0.315503865931,0.440800077613,0.774357769884,0.339052458222,0.301842287246,262
1440624984,242962163,2.46592460464,2.26306088639,0.328012953207,0.409297300967,0.788385075348,0.32713772296,0.32234391976,263
1440624984,260190122,2.47680082741,2.25417512699,0.319423993737,0.433600206708,0.777364523422,0.336307718225,0.307558737689,264
1440624984,294457813,2.49921533162,2.2349301181,0.310313021676,0.458750020811,0.768320685338,0.342767191016,0.285906270744,265
1440624984,307443685,2.50456832714,2.22985525983,0.310472794179,0.454124298901,0.77251220163,0.343938125319,0.28053981078,266
1440624984,209652198,2.43970102592,2.28563673292,0.339524544875,0.365984440316,0.812010137436,0.313808590394,0.328966707651,267
1440624984,284892701,2.49352401228,2.24055469595,0.310901569785,0.457749436367,0.765483497263,0.343501359919,0.294121207426,268
1440624984,368320626,2.54842363866,2.20575509591,0.303066108609,0.393251633424,0.817155312475,0.373954495237,0.194340895324,269
1440624984,392904893,2.55820310375,2.20205990681,0.300152289115,0.381361037229,0.822574696415,0.384556023629,0.173353087053,270
1440624984,406785424,2.55993539274,2.2003622387,0.299546681743,0.382529398086,0.822172226573,0.386142143036,0.169110421982,271
1440624984,359576354,2.54410134087,2.20681279063,0.304838027355,0.402445103855,0.813089912736,0.368783706688,0.202290162567,272
1440624984,376073424,2.55238493742,2.2046718172,0.301730496372,0.387314167841,0.819737743808,0.378817616597,0.185782076965,273
1440624984,335372441,2.52817457066,2.21306535164,0.310119811568,0.430483345557,0.796740339099,0.352952984601,0.235187397435,274
1440624984,385652711,2.55560389916,2.20345106897,0.300770465192,0.383682929701,0.821583962018,0.381980756353,0.178543844999,275
1440624984,351669551,2.53897149918,2.20851011131,0.306694992118,0.408321512533,0.80913011255,0.363724310654,0.215143275998,276
1440624984,327780972,2.52208009637,2.21670705976,0.310938549004,0.436649839896,0.79104434586,0.348895840709,0.248711585051,277
1440624984,425435077,2.56143172145,2.19402978143,0.296969730419,0.398841286322,0.81380607126,0.38985814815,0.163266441825,278
1440624984,434929787,2.56128476179,2.19142270542,0.29570572739,0.411013457682,0.807836003526,0.391151178859,0.159592243825,279
1440624984,413058853,2.56103913899,2.19842921806,0.298902367256,0.386356006405,0.820201730175,0.387691109396,0.166414427947,280
1440624984,343483108,2.53348140145,2.21058863211,0.308529640753,0.417944543198,0.803483589794,0.357055705427,0.22857756444,281
1440624984,317655593,2.51627606986,2.22054584939,0.311182778004,0.444164288333,0.784605291372,0.346440463699,0.259020514311,282
1440624984,419466229,2.56139356142,2.19636133667,0.29802058768,0.391023670893,0.817764129044,0.388666889448,0.165228227303,283
1440624984,442333520,2.56045538739,2.18918580298,0.294386137052,0.417344172209,0.804218400101,0.391887976666,0.159625876994,284
1440624984,450526812,2.56013554459,2.18655591187,0.293039242385,0.431027177812,0.797136279542,0.392583361569,0.157059313774,285
1440624984,459553657,2.55936246056,2.18449421145,0.291967886178,0.439476299914,0.792696567433,0.39233583157,0.156733305521,286
1440624984,467229700,2.5580460545,2.1826344424,0.291169831698,0.444947101743,0.789419568524,0.392530087497,0.157349775635,287
1440624984,475506592,2.5574045809,2.18082519891,0.290666204397,0.452583097549,0.784652063972,0.393392668424,0.157263748996,288
1440624984,484111038,2.55681554312,2.17933767729,0.290106257355,0.458044534115,0.781906786036,0.392709149153,0.156832735388,289
1440624984,493031303,2.55641988908,2.17789656034,0.290055999175,0.462716136842,0.778927615248,0.393491031672,0.155981905695,290
1440624984,500962549,2.55623758845,2.17693636057,0.289990175422,0.46559261495,0.776762799508,0.394560981864,0.155514313796,291
1440624984,515978773,2.5561017087,2.17620245069,0.289821747628,0.466524669273,0.776276607994,0.39481899624,0.154490520906,292
1440624984,520516642,2.55629936235,2.17566986707,0.289759265159,0.466123014408,0.776193379391,0.395996193649,0.153101887135,293
1440624984,526245929,2.55669961329,2.17522554675,0.289636599933,0.46524905263,0.776561968275,0.397071967989,0.151091630122,294
1440624984,533898022,2.5572298275,2.17486557274,0.289651345657,0.463405366721,0.777335533927,0.398524597515,0.148939850153,295
1440624984,542067354,2.55772303434,2.17454212581,0.289676523882,0.461176369584,0.7783303924,0.399956860737,0.146808262548,296
1440624984,550555933,2.55829032261,2.17422034631,0.289691665148,0.460122847469,0.778443107945,0.401536154382,0.145196451934,297
1440624984,558778067,2.55857351992,2.17380663363,0.289688554498,0.459542916548,0.778363346487,0.40268230455,0.144283645292,298
1440624984,567271047,2.55877410868,2.17332856461,0.289634342065,0.460036019344,0.777866895932,0.403398141342,0.1433872124,299
1440624984,575495137,2.5587741626,2.17266347229,0.289509235947,0.462519411326,0.776147152696,0.403809482547,0.143559372082,300
1440624984,584564028,2.55862710132,2.1719114018,0.289189523522,0.465869661176,0.774255629588,0.403042553465,0.145087487203,301
1440624984,592850695,2.55820798081,2.17107540555,0.288705422848,0.46962559331,0.772164736959,0.403098336353,0.143962329567,302
1440624984,600512565,2.55778329926,2.17025900262,0.288433981544,0.473068165643,0.770114503301,0.402139088016,0.146336312481,303
1440624984,611367365,2.55736328355,2.16893223775,0.288098548211,0.479578832281,0.766271405812,0.402096471525,0.145432815588,304
1440624984,617588475,2.55707846314,2.16762710665,0.287732283879,0.48535361834,0.762430602333,0.403338480453,0.143001790118,305
1440624984,625476210,2.5567695377,2.16644106404,0.287227418019,0.490723909138,0.759497502791,0.402903003525,0.141501795058,306
1440624984,633997547,2.55656645395,2.16539396918,0.286680922774,0.495978280556,0.756370410803,0.403419110885,0.138428204682,307
1440624984,642269546,2.55670144212,2.16421368032,0.286199869296,0.500694750918,0.753965773818,0.401565870795,0.139947239086,308
1440624984,650672080,2.55684689425,2.16337141122,0.285748255605,0.502413366977,0.753011936108,0.401778449361,0.138303688998,309
1440624984,659402661,2.55743886931,2.16189641185,0.285654727852,0.505744364268,0.750193866039,0.404433029903,0.133662731128,310
1440624984,667223905,2.55811599943,2.16091910027,0.285169130709,0.507014865255,0.74919585333,0.405531333856,0.131094763527,311
1440624984,675663107,2.55889091751,2.15995690888,0.284701400529,0.506734270482,0.749155795417,0.406478163713,0.129466118104,312
1440624984,683934616,2.55954622708,2.1590924968,0.284051368074,0.504586518845,0.750187392183,0.407877976257,0.127463242128,313
1440624984,692733153,2.56061335669,2.15787548143,0.283449481029,0.507598945567,0.747573246824,0.410380147472,0.122742354763,314
1440624984,701743867,2.56156968399,2.15645794281,0.282914821995,0.509279476519,0.745675754499,0.412592073822,0.119874369937,315
1440624984,709403288,2.56229140552,2.15567992734,0.282031690423,0.509390484618,0.745689489179,0.412372184271,0.120073733796,316
1440624984,717284178,2.56326474799,2.15394042808,0.281468049946,0.516057053191,0.740503826571,0.41490123903,0.114874551303,317
1440624984,725499470,2.56398785751,2.15246326659,0.280583435537,0.520978791182,0.737159492338,0.41508629209,0.113491638958,318
1440624984,734096089,2.56476372706,2.15039544136,0.279728404532,0.525642695183,0.733423686618,0.416976526868,0.109178885093,319
1440624984,772385386,2.56853255127,2.1421188777,0.275251126655,0.542032747023,0.722031168667,0.418565626553,0.0983580647247,320
1440624984,762911205,2.5671715971,2.14449231086,0.27630819246,0.537638616305,0.725320081619,0.417775895358,0.101581488056,321
1440624984,787481785,2.57154779761,2.13730527314,0.272957607784,0.546152807821,0.717834778055,0.422463426747,0.0891907785868,322
1440624984,742873606,2.56552087602,2.14847801562,0.278656888515,0.529708227917,0.730710696791,0.416743021034,0.108610889379,323
1440624984,792308589,2.57334792155,2.13508650531,0.271835183463,0.548649457466,0.715670167512,0.423385580994,0.0868598524184,324
1440624984,800621654,2.57496637824,2.13223148926,0.271332333705,0.551658481004,0.710969558009,0.430393990148,0.0704004344122,325
1440624984,783480230,2.56997853102,2.13981471751,0.274139999053,0.545110756445,0.719606695665,0.419609484307,0.0945957052028,326
1440624984,808975300,2.57683197563,2.1295683157,0.270196118441,0.553314173996,0.708964853647,0.432469865909,0.0646689742283,327
1440624984,821683483,2.57889898814,2.12676821934,0.269199006979,0.555098568288,0.706287626608,0.435693121097,0.0565232006582,328
1440624984,833970726,2.58315363145,2.120440712,0.267911730651,0.556852374629,0.701706626863,0.44229230823,0.04359766927,329
1440624984,842196772,2.58481290589,2.11672842932,0.26743135807,0.556514465829,0.700052925749,0.445928728302,0.0369475269679,330
1440624984,850370507,2.5868644438,2.11285332418,0.267093755457,0.557988584377,0.697316637257,0.448976767269,0.0286026146074,331
1440624984,825496812,2.58136402338,2.12401646225,0.26832875659,0.556195347002,0.703069797422,0.440013315989,0.052229088423,332
1440624984,858972997,2.5886016621,2.10878312904,0.266574805751,0.560588203379,0.693942590363,0.45140138899,0.0205264105601,333
1440624984,893269532,2.59403192397,2.08779345798,0.265561801756,0.578736290902,0.671916424885,0.461787509237,-0.0185720186312,334
1440624984,951073327,2.60994694146,2.03396602911,0.256660545021,0.589303168181,0.676022879894,0.43907191245,0.0541359171722,335
1440624984,968552560,2.61270271558,2.01067390731,0.257496568649,0.603101599021,0.662411248136,0.443159871266,0.033001940854,336
1440624985,43183909,2.63458704198,1.86190303468,0.268888318293,0.695349194082,0.594962865553,0.402500522326,0.0224057231528,337
1440624984,959469489,2.61138003596,2.02279818148,0.257291366472,0.596732720681,0.668301149478,0.441998372409,0.0438300406553,338
1440624985,10609721,2.62603687997,1.9329651319,0.260842572913,0.648249057476,0.629217434866,0.423325014821,0.0682239764978,339
1440624985,37545551,2.63180789669,1.88072840393,0.266074748497,0.686645934102,0.600646363905,0.408516188351,0.0292545819332,340
1440624984,943121041,2.60830081842,2.04422424936,0.256043807617,0.583067074615,0.682426143084,0.436283916995,0.0631164757169,341
1440624984,985200207,2.61456068788,1.97926425331,0.266256654027,0.631685477191,0.622844882477,0.461291720259,-0.0157371884176,342
1440624985,75886180,2.64682704019,1.79638098639,0.28241088307,0.720636944454,0.553530176944,0.415562697722,-0.0399297102827,343
1440624985,87417114,2.65253759133,1.77638748994,0.28642545805,0.723400117075,0.549409052792,0.416435970406,-0.0377232803269,344
1440624985,60524799,2.63978105153,1.82203921589,0.276675439273,0.712030408505,0.578146778554,0.398236765195,0.0129026609029,345
1440624985,28497198,2.62972363343,1.89889521741,0.26370189212,0.674833282726,0.609209137373,0.414727720447,0.0382777397316,346
1440624985,51381597,2.63621996246,1.8409938633,0.273147685128,0.706660675863,0.582993263127,0.400459963443,0.0195284924196,347
1440624985,21845862,2.62733262013,1.91625316971,0.262050520013,0.661312436833,0.6194278047,0.419837598786,0.0520715498221,348
1440624985,67616135,2.64172876106,1.81607661539,0.278467953091,0.717885925143,0.557837153431,0.414649633397,-0.0390280701093,349
1440624985,96377464,2.6585628781,1.75628419684,0.29029977221,0.724802954992,0.5463764655,0.418279368342,-0.0342900044078,350
1440624985,136347567,2.69491866587,1.63585912362,0.310254409393,0.7125177645,0.558969410846,0.421674504373,0.0454119518629,351
1440624985,153025033,2.70844400051,1.5909260445,0.317123206933,0.704189150005,0.56652165651,0.422574042439,0.0678382810588,352
1440624985,145090365,2.701750561,1.61366892103,0.313711124024,0.708186013127,0.562816596093,0.422397931563,0.0573588474882,353
1440624985,187799705,2.73265632947,1.49892291921,0.329943159829,0.682799192918,0.593123533034,0.409499111673,0.119583503256,354
1440624985,172213436,2.720751989,1.54518323277,0.323637270547,0.694762610497,0.579135770006,0.415699153121,0.0953985799122,355
1440624985,130759563,2.68768845716,1.65845859904,0.306513735724,0.715445893924,0.558574663886,0.418198058018,0.0352406299925,356
1440624985,201505706,2.74404767054,1.45212548567,0.335960005843,0.674927577865,0.60364564133,0.396624139539,0.150910557205,357
1440624985,219412733,2.76214995688,1.3869644518,0.345040796312,0.61286904793,0.658069713887,0.282024421673,0.334362090158,358
1440624985,229559614,2.76672756968,1.36318978512,0.348134278392,0.60204687781,0.663602490991,0.263152091013,0.357662225941,359
1440624985,235954775,2.77139135586,1.36372222146,0.348673223111,0.664808350951,0.611709054959,0.379860786125,0.198865964287,360
1440624985,192859215,2.73828727777,1.47553948421,0.333039629142,0.677640895612,0.599825972702,0.403840592738,0.133882017926,361
1440624985,179843038,2.72689269377,1.5219672848,0.32688241014,0.689780865148,0.584440505466,0.413305839538,0.108673532424,362
1440624985,166079345,2.71449129896,1.56814290572,0.320509172259,0.69871781073,0.574297962782,0.419105040645,0.0795376377509,363
1440624985,245858689,2.76714215712,1.33512364589,0.348742851455,0.648029430976,0.637078228841,0.333484992047,0.250952081092,364
1440624985,209776241,2.74932553558,1.4290700951,0.338742786236,0.669924904543,0.610450770663,0.388200458046,0.166885838954,365
1440624984,975816478,2.61297796393,1.99310917843,0.265435406052,0.618948327672,0.636398885529,0.460318733772,-0.00246769272187,366
1440624985,250646381,2.77009976501,1.31348180015,0.351678167492,0.645541826597,0.640630321991,0.328888336252,0.254363918306,367
1440624985,259754380,2.77429077432,1.29124411304,0.354027011174,0.643437723364,0.640987934656,0.31345198799,0.277254783553,368
1440624985,268332914,2.77732921602,1.26914823603,0.356473614991,0.639066089279,0.644538146991,0.303066192625,0.290372163773,369
1440624985,279502072,2.76947092742,1.25518788199,0.371885061208,0.699833973591,0.585569160082,0.393101053927,0.113193328293,370
1440624985,287098428,2.77057405727,1.23468985659,0.370053800709,0.700646289195,0.591898722707,0.376799876048,0.12950881401,371
1440624985,293385542,2.77287074691,1.21394691421,0.371871518573,0.699334502083,0.59583619408,0.363832496491,0.153415770108,372
1440624985,300643584,2.77511309426,1.19359359781,0.373935180302,0.69932340416,0.598831453838,0.34888887648,0.174997766148,373
1440624985,309810253,2.77720484388,1.17354419813,0.376124417188,0.697956029982,0.602420980137,0.331963415385,0.199365578142,374
1440624985,317443279,2.77898104539,1.15433003604,0.378292572207,0.695814606465,0.606151682012,0.315764262358,0.220714980103,375
1440624985,325676166,2.78118571037,1.13576865775,0.380371040771,0.694819117053,0.608101944448,0.29775716939,0.242443989023,376
1440624985,334882922,2.78320662451,1.11796592334,0.382432324917,0.687415457863,0.615228914444,0.278964617116,0.266706043278,377
1440624985,342369280,2.78550111044,1.09994135569,0.385026305159,0.685753047758,0.614400796909,0.265415300837,0.28602296469,378
1440624985,350589459,2.7879610401,1.08320629527,0.387418041254,0.677109625894,0.620615115739,0.25092110375,0.305610916578,379
1440624985,359024749,2.7903577146,1.06750951892,0.38992648843,0.66579239032,0.628483870816,0.235562831756,0.325942739468,380
1440624985,368799103,2.79317723353,1.05177320034,0.392712261195,0.661866465029,0.629518655639,0.225463248969,0.338829408461,381
1440624985,375703195,2.79579702485,1.03735580233,0.395698673025,0.652275815443,0.63517115737,0.212607244648,0.354812656139,382
1440624985,384362883,2.79832034991,1.02368497114,0.398392999594,0.642724703155,0.641371962661,0.202258458788,0.36693116155,383
1440624985,392892040,2.80129552734,1.01078105072,0.400831622781,0.637122247615,0.644380349972,0.18929886267,0.378173434758,384
1440624985,400712799,2.8038924349,0.998312659933,0.403071631219,0.629459246044,0.650323356356,0.18220120147,0.384269842598,385
1440624985,417454798,2.80826979084,0.975968130962,0.405715757741,0.623248400274,0.651646982955,0.166888028391,0.398830825215,386
1440624985,434542445,2.81209778477,0.955613468169,0.405697746483,0.62272683036,0.650221578684,0.161234562608,0.4042605709,387
1440624985,409206263,2.80599563573,0.986917935001,0.404784148577,0.625520247515,0.651045630209,0.173436822186,0.393425566078,388
1440624985,425635865,2.81025932102,0.965502757838,0.406132767383,0.622872211443,0.650836919673,0.163003788229,0.402332297021,389
1440624985,442694673,2.81389907956,0.946110384502,0.404552629,0.623769626795,0.648431335909,0.161901274493,0.405260697104,390
1440624985,459099825,2.81749811556,0.928465997328,0.400368497393,0.629692001654,0.64357563088,0.168929628797,0.400950334711,391
1440624985,452094539,2.81550617362,0.937204113897,0.402650295842,0.626715892588,0.645409534273,0.164113505778,0.404648588614,392
1440624985,475678541,2.82135576857,0.912893964781,0.394051925899,0.635842816816,0.639843534315,0.182399594654,0.391196308482,393
1440624985,467743384,2.81939918347,0.920490528569,0.397434362829,0.632630421273,0.641689229795,0.174965158943,0.396737792001,394
1440624985,484133873,2.82351125775,0.906022023922,0.390257152426,0.639920175468,0.637841361584,0.189483691432,0.38439107321,395
1440624985,500815745,2.82811707757,0.89231466436,0.383882436991,0.645929317403,0.63177077005,0.203300608111,0.377239809368,396
1440624985,551463172,2.84090172734,0.84722350556,0.384661996733,0.634667472125,0.660636872712,0.23285605435,0.326395741689,397
1440624985,526881347,2.83383711511,0.867540586886,0.383334406162,0.643373032729,0.642406097204,0.221690837395,0.352475133374,398
1440624985,559326465,2.84343453908,0.841495926953,0.383488349337,0.63074910311,0.666558699195,0.238509609439,0.317754993129,399
1440624985,509302365,2.83018016378,0.884498665555,0.382411809658,0.646344577571,0.63131958642,0.209267761585,0.37400704647,400
1440624985,567644909,2.84609764569,0.835935084677,0.381802380842,0.624630893198,0.673320526355,0.243820816487,0.311491774369,401
1440624985,542823527,2.83843611804,0.853366743499,0.384831884165,0.638473283814,0.654713211297,0.228435748573,0.33394548295,402
1440624985,584048111,2.85131822128,0.825983689054,0.376824832268,0.617283830698,0.681954263997,0.262046572371,0.291942884968,403
1440624985,575604020,2.84866949559,0.830910235147,0.379440811189,0.621307831883,0.677890873112,0.253413010057,0.30037041886,404
1440624985,592869132,2.85385802397,0.82141436752,0.374291384457,0.614545224042,0.684673963731,0.270955435895,0.283088118355,405
1440624985,609171137,2.85767063096,0.813400594172,0.370862155448,0.60908326867,0.689100332197,0.288171263366,0.266675133754,406
1440624985,600653712,2.85606993452,0.817218172444,0.372276481629,0.611881633005,0.686938004835,0.279973347713,0.274466699757,407
1440624985,634144073,2.85967188907,0.803477039702,0.36919661914,0.613347580409,0.685152850567,0.300547072557,0.253064762747,408
1440624985,642442961,2.85898296548,0.800513969992,0.368521889614,0.615893553338,0.681784562302,0.304002008803,0.251848605729,409
1440624985,617509624,2.85882473074,0.809852353232,0.370231674633,0.608280400296,0.689385296545,0.29349275443,0.261925314967,410
1440624985,659183498,2.85750505041,0.794793628186,0.365773579959,0.627214768366,0.671635417303,0.308525272226,0.245600604569,411
1440624985,537055124,2.83606449105,0.860071028169,0.384141356434,0.642392797267,0.648209617431,0.224174191192,0.341908932162,412
1440624985,747656266,2.84812992206,0.779782662065,0.358684817859,0.65470006786,0.64089058667,0.324787808782,0.234818986302,413
1440624985,771897821,2.84716260305,0.776536549297,0.357631394373,0.657762934537,0.635406222485,0.332256348621,0.230678506102,414
1440624985,790337733,2.84647297197,0.775247611411,0.357796425517,0.659937254358,0.632800358742,0.333237375155,0.230215937949,415
1440624985,775757106,2.84693395734,0.77590396914,0.357697911924,0.658241970667,0.634612205148,0.332708354519,0.230846286438,416
1440624985,803827153,2.8459803524,0.774714859079,0.357819030026,0.66135916064,0.631312201274,0.33305977942,0.230478086796,417
1440624985,757310356,2.847720858,0.779057780729,0.358216823763,0.65467225606,0.640208809798,0.327396236316,0.233127907915,418
1440624985,848739435,2.84339260205,0.772223235089,0.358065638966,0.671243774171,0.62148038467,0.334410545809,0.226635200175,419
1440624985,814275210,2.84541716288,0.774259691696,0.357927217566,0.66292460664,0.629680885184,0.332428171794,0.231353537562,420
1440624985,734116482,2.84861771901,0.780692772609,0.359171020468,0.654347087519,0.641748260674,0.323089210239,0.235801656493,421
1440624985,889051749,2.84179883234,0.769085778107,0.358032008852,0.681612244073,0.61086556979,0.334670996925,0.224150235763,422
1440624985,768724446,2.84756317794,0.778101632677,0.357896675322,0.655357902546,0.638784238977,0.329184359518,0.232590569573,423
1440624985,914471529,2.84208540441,0.767838208192,0.357984218609,0.685041934564,0.608101767023,0.333150843666,0.223473274009,424
1440624985,867920018,2.84231130677,0.771352073631,0.357863690272,0.677496563027,0.61585451185,0.336512887267,0.220183341839,425
1440624985,826505741,2.84473206965,0.77356030959,0.358017825395,0.666518299088,0.626011542666,0.333545466664,0.229369411861,426
1440624985,945979935,2.84244121101,0.765024385719,0.357484344911,0.685967181598,0.60519760076,0.339641894374,0.218696761272,427
1440624985,973953672,2.84267307888,0.759670737451,0.356336799381,0.694752636988,0.595354951135,0.344354838394,0.210454272542,428
1440624986,1478119,2.84276379012,0.756029316145,0.354790610531,0.698803763077,0.590967500898,0.346538235695,0.205771632626,429
1440624986,21844258,2.84324201889,0.749675920888,0.351827782278,0.703704435722,0.583133487443,0.354915754291,0.196952304691,430
1440624986,32783636,2.84383128728,0.74615650345,0.350357944525,0.707471931691,0.577574538109,0.359932323847,0.190630115793,431
1440624986,44042747,2.84402753436,0.744057034686,0.349814323329,0.708619937407,0.576201243512,0.360952695189,0.188581714704,432
1440624986,56754837,2.84462137526,0.739546486462,0.348578098272,0.709393154179,0.574137047726,0.366831012368,0.180452241875,433
1440624986,62917773,2.84488676037,0.737838636254,0.34800115079,0.711997252124,0.569939059307,0.370685654702,0.175560607889,434
1440624986,65126571,2.84506522318,0.735003408864,0.347501218375,0.71131807689,0.570903235572,0.372408751742,0.171487057027,435
1440624986,67651681,2.84526128813,0.73227803457,0.347029597839,0.713167854624,0.567760542401,0.376156052987,0.165970483596,436
1440624986,76571465,2.84540832602,0.729127171128,0.346809127859,0.715213921876,0.565332737841,0.377680831466,0.161941751944,437
1440624986,84601462,2.84559471636,0.726156778266,0.346176290645,0.715986470009,0.563772562527,0.383288105411,0.15037985489,438
1440624986,92937995,2.84580704041,0.722579364202,0.346128380966,0.718102428974,0.560878745643,0.384197617873,0.148782138068,439
1440624986,100621379,2.84598931043,0.719278066797,0.345655463333,0.71849603923,0.559300679652,0.389510135364,0.138665229241,440
1440624986,109250754,2.84620619749,0.715611877627,0.345794662099,0.719213599025,0.557676654735,0.392414972299,0.133187977144,441
1440624986,117964710,2.84642560162,0.711403580977,0.34608611985,0.72043981651,0.556073790793,0.392603434154,0.132706267642,442
1440624986,125603113,2.84669268844,0.706973320479,0.346424002074,0.721554913514,0.553263931354,0.396641191903,0.12622715212,443
1440624986,134311203,2.84671188358,0.702571164879,0.346770185206,0.723130316515,0.549382591571,0.402407678337,0.115452907417,444
1440624986,142526981,2.84676453164,0.697480585645,0.347440745724,0.723867929707,0.547532199448,0.404358844206,0.112772496743,445
1440624986,150859605,2.84669048474,0.692200584601,0.348062966359,0.72451426676,0.543314226515,0.411639024245,0.102186311443,446
1440624986,159351117,2.84655587413,0.686611129327,0.348873604512,0.72554835271,0.540998710458,0.414835356969,0.093870175083,447
1440624986,167515560,2.8461446679,0.680754345983,0.349775017255,0.727777792545,0.53629047655,0.418643653033,0.0864262761873,448
1440624986,176195296,2.84557631366,0.67465712742,0.350660268174,0.729396838425,0.533239049302,0.420525492008,0.0824298426896,449
1440624986,184218943,2.84504855621,0.667513821202,0.352064422668,0.733445697514,0.525809736321,0.424690505965,0.0722461357574,450
1440624986,192844408,2.84421263882,0.660337743609,0.353515379371,0.73743324853,0.520242308424,0.425960674837,0.0640128735586,451
1440624986,201494320,2.84325344003,0.652867126034,0.355010750117,0.741250879637,0.514658202921,0.427394535323,0.0548450433416,452
1440624986,209227569,2.84388076057,0.642365514457,0.360264724901,0.743164473651,0.506076622256,0.434995113352,0.0487059428483,453
1440624986,217471700,2.84272182817,0.633533071934,0.361899534118,0.746626571942,0.500015455692,0.436972718911,0.039851588004,454
1440624986,225752990,2.8414445118,0.623997651188,0.363413512291,0.749249521659,0.494629593594,0.43936703541,0.030386306606,455
1440624986,234547616,2.84729047888,0.62696589578,0.344987373529,0.730416227156,0.548010083467,0.385071690404,0.133779209057,456
1440624986,351300657,2.81665130453,0.390614894862,0.400088881107,0.76449029159,0.43623873214,0.454842111671,-0.135532343354,457
1440624986,598416911,2.80517595083,-0.266557688191,0.497254564728,0.525310756139,0.628961123246,-0.0759455129864,0.568057034096,458
1440624986,603989750,2.81349726213,-0.247916447519,0.483518852013,0.724009128072,0.560379309129,0.255890247789,0.310332069654,459
1440624986,612688061,2.80429009397,-0.258000528752,0.499153732408,0.77289273604,0.491921274066,0.374982442198,0.141557220731,460
1440624986,618691131,2.80268710905,-0.277744658562,0.500599462776,0.77055111829,0.499740783494,0.363125359499,0.157003492648,461
1440624986,630388288,2.80119160794,-0.296934024823,0.501608085296,0.765476977067,0.512508405629,0.344638192307,0.180567572235,462
1440624986,636535575,2.79936432233,-0.315728345254,0.502654764944,0.763893417593,0.517460399803,0.334845884469,0.191258502684,463
1440624986,644682424,2.79818769435,-0.33330903646,0.503190117333,0.760322299755,0.522710499095,0.327466381715,0.203591511312,464
1440624986,652786245,2.79502826763,-0.350782759325,0.499535342021,0.75879284137,0.531013529903,0.310436210853,0.214213477488,465
1440624986,663444515,2.79317356443,-0.368312170585,0.499875410619,0.754211194852,0.538355848979,0.299400629563,0.227371318434,466
1440624986,669645579,2.79128482895,-0.385090088429,0.499766445237,0.750374853942,0.544661650723,0.286861758128,0.240814444183,467
1440624986,677103585,2.78926006935,-0.40120850322,0.499625481023,0.745990761929,0.551186376318,0.273863289462,0.254342800887,468
1440624986,686308383,2.78713759481,-0.417058294847,0.499205215774,0.740782508259,0.558642933741,0.259029791127,0.268445367528,469
1440624986,692832605,2.78489214873,-0.432137930562,0.498546571306,0.737800644445,0.563421075834,0.247402748763,0.277486540694,470
1440624986,701437053,2.78252400084,-0.446283439954,0.497493076982,0.733123580013,0.569408329656,0.233245632383,0.289655736212,471
1440624986,709893365,2.7801105834,-0.460101277127,0.495997278388,0.729711761338,0.574002121494,0.219530901529,0.29974738224,472
1440624986,721069855,2.77760382489,-0.472950223357,0.494068948247,0.726200164665,0.578054896703,0.204744043252,0.310750275931,473
1440624986,725686924,2.77504602448,-0.48539417173,0.491622866204,0.7245256281,0.579952650955,0.192529903168,0.318825615758,474
1440624986,734417012,2.77254447723,-0.496938369264,0.488702689795,0.722691811498,0.582127212713,0.180959675864,0.325726955476,475
1440624986,744209946,2.77002123098,-0.508262562552,0.485337136381,0.721735342565,0.582516071716,0.169064138682,0.33345230318,476
1440624986,762473861,2.76517919479,-0.528681869604,0.477408462458,0.719811744944,0.584178128364,0.149636966551,0.343825165488,477
1440624986,768850927,2.76288030656,-0.538091581697,0.472938841452,0.719467139805,0.584017431698,0.140690198638,0.348564114935,478
1440624986,752108439,2.76757290361,-0.518786916933,0.481583375466,0.720906951862,0.583498473406,0.159323083063,0.33828812201,479
1440624986,776118750,2.76073874376,-0.546939250799,0.468036067909,0.719472286207,0.583551508459,0.133279294704,0.352227051713,480
1440624986,794453064,2.75678238652,-0.563288464113,0.457177933139,0.720911786047,0.581840050868,0.121985060581,0.356185340714,481
1440624986,785639374,2.75868217479,-0.555334033265,0.46282988043,0.719880310777,0.58309959704,0.127151166605,0.354400591024,482
1440624986,803264310,2.75506064497,-0.570891047016,0.451267001736,0.721764718034,0.580849432727,0.118938898452,0.357103859875,483
1440624986,810561466,2.75333578133,-0.57823591238,0.445021013702,0.723860735838,0.578440512153,0.117247952554,0.357330556535,484
1440624986,821202623,2.75189551602,-0.585120395374,0.438522682297,0.724118915708,0.578101751157,0.115541095194,0.357911185273,485
1440624986,828086667,2.75036477359,-0.591765150184,0.431765498905,0.726263863308,0.576656006618,0.115565930595,0.355883641897,486
1440624986,836938005,2.74888097096,-0.597824896165,0.424839489516,0.727760859579,0.575324555096,0.116292093665,0.35474207041,487
1440624986,852542358,2.74608470265,-0.609306955747,0.410275224476,0.732770572047,0.570152714338,0.12028126892,0.351433617376,488
1440624986,844869248,2.74741147943,-0.603879185093,0.417734422658,0.729181147063,0.574485234445,0.11907411765,0.352254062685,489
1440624986,867883695,2.74482080045,-0.614106868574,0.40235951235,0.735675181143,0.568033560945,0.125121190635,0.34708009039,490
1440624986,874527698,2.74352693921,-0.619018794899,0.394235812561,0.739976849749,0.563804065804,0.130076806087,0.342985803988,491
1440624986,881760807,2.74241579164,-0.623541063148,0.385820771735,0.742919573182,0.561954728562,0.134444615677,0.337937917591,492
1440624986,884577784,2.74143257576,-0.627608890079,0.376831059535,0.747701477485,0.557963800479,0.141743289782,0.330949751056,493
1440624986,895744500,2.74109645873,-0.630681057031,0.366963594309,0.753358954219,0.553712635885,0.15450843995,0.319342676359,494
1440624986,903283167,2.74158272046,-0.633101063591,0.356424323994,0.75870967429,0.548901305529,0.168577215793,0.307650303498,495
1440624986,909784409,2.74255217065,-0.635497828595,0.346166377979,0.76125827219,0.546201241991,0.181407805222,0.298732747577,496
1440624986,918518904,2.74367142504,-0.638173186647,0.337072981215,0.761730880425,0.545458964602,0.193221890473,0.291386143776,497
1440624986,925884503,2.74460071054,-0.641749515137,0.329186747198,0.76132082666,0.54628239138,0.200633050942,0.285854030286,498
1440624986,934786680,2.74566987937,-0.64599087094,0.322721724181,0.759647562814,0.549761848331,0.211533594771,0.275592141968,499
1440624986,942550241,2.74713552047,-0.650051651512,0.31718953609,0.756323208097,0.55455039526,0.221826183697,0.266912360594,500
1440624986,950993351,2.74888593252,-0.653799282743,0.312247394973,0.751961004861,0.560354882943,0.231192678436,0.25905018388,501
1440624986,959315219,2.75059315287,-0.657625425876,0.307654094131,0.747479832277,0.565761012646,0.240708055388,0.251491568406,502
1440624986,970393442,2.75863527709,-0.650678116769,0.300977529835,0.717442351009,0.600697883363,0.216509712851,0.278499677096,503
1440624986,976219531,2.75978292698,-0.655012674441,0.296379796594,0.714105231476,0.604597716697,0.229120534063,0.268363746087,504
1440624986,984363445,2.75585792657,-0.670127619556,0.298016766,0.731965676419,0.578535016529,0.277981960291,0.228581523633,505
1440624986,992931712,2.75639569883,-0.673560954336,0.294276720544,0.730618764686,0.57831498361,0.287660080294,0.2213587103,506
1440624987,1339133,2.75659785779,-0.676765897362,0.291199592111,0.731061968184,0.576045889271,0.294319266484,0.217015440708,507
1440624987,9289938,2.76114359585,-0.669127623594,0.282879671499,0.714168716838,0.60082888527,0.262276944839,0.245313062678,508
1440624987,17981403,2.76060863665,-0.67241790858,0.280969040294,0.71833174828,0.595765023327,0.266650890411,0.24075057432,509
1440624987,25883318,2.75985402975,-0.675586730719,0.279780712898,0.721836655581,0.591944424905,0.270218370972,0.235660078234,510
1440624987,34219847,2.75919427227,-0.678270770236,0.278811705854,0.724544315516,0.589309951962,0.27262586455,0.231137304109,511
1440624987,42534875,2.75868259696,-0.680428105988,0.277939865701,0.726666423578,0.587067485068,0.273464767809,0.229182672967,512
1440624987,53686432,2.7536871634,-0.692714170054,0.283127730267,0.745780542803,0.555256657855,0.311794451723,0.195667181099,513
1440624987,72766786,2.75369701573,-0.694052934156,0.282217935754,0.745918825685,0.554681992323,0.314104103604,0.193058553242,514
1440624987,87107369,2.75401843692,-0.695472049208,0.281346053606,0.745591453153,0.555110740336,0.314743806418,0.192046315431,515
1440624987,93975280,2.76010205753,-0.686441888216,0.27459842083,0.725033303434,0.588109945144,0.285237767481,0.217008795527,516
1440624987,95651191,2.76089926489,-0.686770963632,0.274666939313,0.723255433404,0.59001383014,0.286979629029,0.215471461725,517
1440624987,100954171,2.76176425187,-0.686962059291,0.27509516794,0.720553629174,0.592768763104,0.287760959972,0.215919639884,518
1440624987,110811148,2.76253775678,-0.686903486495,0.275740754844,0.718212336129,0.595164245972,0.288915703485,0.215588211247,519
1440624987,118229547,2.76320712147,-0.686541937477,0.276446354945,0.716234528169,0.597220477446,0.289123875753,0.216201726281,520
1440624987,125910485,2.76363413124,-0.685960790779,0.27722994127,0.714654592753,0.598884548564,0.288803176954,0.217252929851,521
1440624987,134799950,2.76384726546,-0.685168219884,0.278078877738,0.713710849461,0.599803478334,0.287636000553,0.219358478126,522
1440624987,142553728,2.76469220236,-0.695321126365,0.297176640116,0.732444581753,0.573135702858,0.315339782449,0.188682861901,523
1440624987,150869242,2.76447616502,-0.694385419277,0.298023337423,0.733512657243,0.572106210058,0.313584017178,0.190574736646,524
1440624987,159227776,2.76394062461,-0.693185421655,0.298877813808,0.734416315651,0.571440382411,0.311323361728,0.192785707713,525
1440624987,167743244,2.75598126011,-0.691980948153,0.283101642013,0.737547848641,0.568372373272,0.309409011515,0.192982071343,526
1440624987,176039689,2.75487864037,-0.691208358983,0.284419792677,0.741435973698,0.563621097969,0.309231114068,0.192302035672,527
1440624987,184278446,2.7540404999,-0.690459975802,0.285485493761,0.743191894373,0.561367036808,0.306335322374,0.196701622741,528
1440624987,192857959,2.75310478682,-0.689602448625,0.286495333093,0.745500874944,0.559109057105,0.303303585009,0.199078986941,529
1440624987,200743248,2.75213085214,-0.688859793611,0.287353196242,0.748122114394,0.556923709392,0.299687579232,0.200839833514,530
1440624987,210559650,2.75139142381,-0.688285894055,0.288160311371,0.750423650099,0.554060369387,0.297900154852,0.202822459767,531
1440624987,218399963,2.75076479911,-0.687757092103,0.288884684792,0.75244812536,0.551633053854,0.296369874399,0.204175635389,532
1440624987,344495180,2.75996066616,-0.701845395276,0.297586481713,0.761902012741,0.535598074713,0.314443191571,0.183753924094,533
1440624987,301546763,2.75145896537,-0.693201982094,0.286649734537,0.759897079824,0.540301726642,0.302972312452,0.197074224976,534
1440624987,326580822,2.75953346848,-0.69871355635,0.299704412265,0.760105186125,0.539228646191,0.308299924625,0.190850018679,535
1440624987,282023484,2.75068207392,-0.689719522485,0.289071081542,0.759545244484,0.541572345468,0.297610591257,0.203023033615,536
1440624987,312030991,2.75166752502,-0.694444296324,0.285531600825,0.760652226902,0.539008546364,0.305334238695,0.194033449014,537
1440624987,268382014,2.75041503068,-0.68893611483,0.289598164283,0.759699013651,0.54189322251,0.296191606022,0.203665599887,538
1440624987,317867353,2.75934308758,-0.69691609731,0.300816178139,0.759781197386,0.54023013239,0.305571732777,0.193674604129,539
1440624987,353202780,2.75256241478,-0.702070310409,0.28010464374,0.76357972191,0.53326467566,0.316027191015,0.180835860714,540
1440624987,359811579,2.75270319709,-0.703564066092,0.279112191411,0.764351670217,0.531573234657,0.318673638002,0.177886291982,541
1440624987,401719629,2.76027444386,-0.713881876389,0.291874895428,0.768069025923,0.525861454566,0.32630855887,0.164506615146,542
1440624987,294233971,2.75120551379,-0.692085888272,0.287606265175,0.761094610515,0.539021118497,0.301667468073,0.197959506883,543
1440624987,418790653,2.76011165948,-0.717821924314,0.290846853666,0.772014544673,0.520154770776,0.329435286097,0.157813020777,544
1440624987,287661836,2.75095238184,-0.69080359176,0.28842839756,0.759718071876,0.541273351565,0.299363629422,0.200581722821,545
1440624987,369123450,2.75278405754,-0.705267655383,0.278326060284,0.765150874793,0.530532911611,0.320082649718,0.175003045262,546
1440624987,460295368,2.75299375712,-0.725617440165,0.272873641029,0.780240808717,0.508304198959,0.338097979011,0.136164893865,547
1440624987,520315780,2.76221161008,-0.753659831068,0.288400309146,0.784929010241,0.495951296942,0.357729246779,0.0997423979179,548
1440624987,479266706,2.75085564629,-0.741693656407,0.281705415612,0.788881132807,0.477365046377,0.370998681343,0.110223179234,549
1440624987,442883104,2.75272975644,-0.720638378347,0.273415572969,0.777529482167,0.512338555037,0.334081121142,0.146105831095,550
1440624987,485213064,2.75543026486,-0.735274673509,0.276447907159,0.78115072819,0.500161683215,0.352449883702,0.124180956552,551
1440624987,468101952,2.75060864789,-0.73881468519,0.281832863031,0.788177890486,0.479246057259,0.368739963676,0.114584766609,552
1440624987,451898704,2.75281275841,-0.722953693524,0.273084026844,0.77899742023,0.510304118233,0.335585457112,0.141898298666,553
1440624987,526884976,2.76255894714,-0.757676842693,0.28824266482,0.78548504511,0.494341240808,0.360600748264,0.0927743601192,554
1440624987,564581739,2.76323347526,-0.778504675893,0.288253588876,0.790553063677,0.47885305565,0.376466950234,0.0632316375454,555
1440624987,551733248,2.75744570726,-0.768028002484,0.276276065013,0.788986081984,0.47810065906,0.379310585562,0.0710225451648,556
1440624987,577843339,2.76409762598,-0.785411678304,0.276807935774,0.794831225169,0.469348249212,0.381753239032,0.0471169708982,557
1440624987,535809647,2.76277820006,-0.762336395188,0.288032820803,0.786995242865,0.490232972565,0.364493413514,0.0863404414129,558
1440624987,572725165,2.76343209655,-0.78460212611,0.288405737552,0.791959941248,0.47299470832,0.382002641698,0.056119863644,559
1440624987,435249589,2.76001851031,-0.722109886311,0.289975336169,0.775763445331,0.514927460209,0.332283244347,0.150428166039,560
1440624987,544640938,2.76304271293,-0.767465973062,0.287930307818,0.788613078653,0.486245497962,0.368110497717,0.0784180423077,561
1440624987,498556305,2.75577648059,-0.738459556604,0.27645703256,0.781839855272,0.498780475331,0.35460323569,0.119168046787,562
1440624987,500968490,2.75428709094,-0.740611458841,0.272747526512,0.782976970125,0.499820307417,0.353941721593,0.108866809739,563
1440624987,593441343,2.77353366949,-0.804391778565,0.262885567418,0.767217953175,0.522323623803,0.3068195928,0.210751943806,564
1440624987,609431435,2.77185916377,-0.818157743122,0.263504525981,0.777875737777,0.507376752922,0.314614825688,0.196203156522,565
1440624987,604021386,2.7728358977,-0.811124472901,0.263103512509,0.772269854977,0.515444943572,0.31049700694,0.203733624913,566
1440624987,588178943,2.77396415944,-0.797947866811,0.262719697382,0.762069182289,0.530078361456,0.300827849376,0.218563714192,567
1440624987,509971378,2.76203416681,-0.749535185404,0.28844069942,0.78413259829,0.497899452049,0.355545594097,0.104016991238,568
1440624987,667820909,2.76858989581,-0.875097169209,0.297104324574,0.828817866336,0.274323017094,0.487402158651,-0.0157150398285,569
1440624987,676220022,2.7670905279,-0.884154944167,0.299309680577,0.833739834117,0.26238247055,0.485391032483,-0.0207092670061,570
1440624987,684723752,2.765322521,-0.893082056854,0.301697743966,0.838173246925,0.251597796552,0.483376512265,-0.0226120388081,571
1440624987,692782601,2.76384095707,-0.902057979328,0.304129061649,0.842319827271,0.241321644673,0.481281095876,-0.0250934085065,572
1440624987,701991803,2.76240063478,-0.910982069429,0.306438765058,0.846284325762,0.231518549353,0.479069649302,-0.0263490491733,573
1440624987,709169178,2.7610340263,-0.919925683484,0.308645124484,0.849649419309,0.223051346752,0.477097998125,-0.0268600291512,574
1440624987,717911495,2.73883952948,-0.943925495015,0.323562212975,0.866561852885,0.293072716667,0.403216697232,0.024397396227,575
1440624987,725853982,2.73732871841,-0.952690433445,0.325675119546,0.87080437916,0.286751272789,0.398354486682,0.0280560818981,576
1440624987,734141630,2.73582068207,-0.961526513372,0.327484231571,0.875145603144,0.279654224605,0.393453508281,0.0332870061643,577
1440624987,742530474,2.73382860208,-0.970414654678,0.329270287609,0.879326318382,0.274467891036,0.387002277491,0.0410102402825,578
1440624987,750784872,2.75133431186,-0.965333923884,0.318011933424,0.86663594029,0.19042598393,0.460969242545,-0.0136912041017,579
1440624987,767716564,2.73012271257,-0.982603481751,0.296434791781,0.875115151317,0.381519362524,0.233092794975,0.185159922458,580
1440624987,776076077,2.72957087217,-0.990198761132,0.296357638993,0.878692246451,0.373265659235,0.234394767715,0.183389684907,581
1440624987,784025901,2.72717668282,-0.99954269938,0.297033959637,0.879588705061,0.372424275627,0.22536035332,0.191928580479,582
1440624987,793107502,2.72476256951,-1.00872605099,0.297518353513,0.879784166095,0.371974788086,0.217948261715,0.200282633623,583
1440624987,800956615,2.72201766075,-1.01834620935,0.297679081033,0.87854793125,0.374999482849,0.205946131986,0.212403180483,584
1440624987,809200261,2.71763070332,-1.02016036813,0.314669705131,0.897072561711,0.265028565418,0.346028838795,0.0726960883468,585
1440624987,819018616,2.71526937395,-1.02872767794,0.314526215216,0.89805377596,0.266947310582,0.339597918757,0.0831372505764,586
1440624987,826425766,2.71161012104,-1.034475034,0.311085023971,0.89991239178,0.272448129782,0.328570959541,0.089279495102,587
1440624987,836333109,2.70873429557,-1.04292688733,0.310746400383,0.900782756155,0.276166625481,0.319579626995,0.100951885534,588
1440624987,846635462,2.70589511335,-1.05097691278,0.310325573831,0.901972377464,0.280523923305,0.30833106209,0.112623775891,589
1440624987,854018668,2.70261883655,-1.05887860328,0.310140270628,0.902941054992,0.284184100082,0.297517520345,0.124177991442,590
1440624987,864563024,2.69923113106,-1.06644547134,0.310038870948,0.904751892564,0.287130702427,0.283966226499,0.135436903513,591
1440624987,878470936,2.69179982243,-1.08025285561,0.310513879299,0.907394361649,0.296335078626,0.250522867896,0.161428889252,592
1440624987,874063600,2.69548753125,-1.07357978092,0.310308248936,0.905968085511,0.293358797008,0.265478187914,0.15061134086,593
1440624987,884150846,2.68795725951,-1.08663018762,0.310811786526,0.908125558492,0.299988177829,0.236576094657,0.171309120051,594
1440624987,892885339,2.68413634637,-1.09248998752,0.311325008949,0.909165949256,0.30308266466,0.220173986078,0.181883454305,595
1440624987,901057601,2.6804861127,-1.09814091139,0.31196583299,0.909387415462,0.306632717688,0.205012493463,0.192251872723,596
1440624987,910355786,2.67690937939,-1.10349478152,0.312764979584,0.908605836444,0.311202721911,0.190673515886,0.203056421212,597
1440624987,917800096,2.67352525791,-1.10869404484,0.313852988129,0.907260070283,0.316741132353,0.178157929371,0.211693108408,598
1440624987,928004672,2.67057058771,-1.11349351499,0.314846357566,0.904786664994,0.323739711175,0.165211904441,0.221943048752,599
1440624987,967938102,2.66025102542,-1.13672309801,0.32096898383,0.886843280264,0.367672521367,0.123521419449,0.251134171749,600
1440624988,37689843,2.65191495033,-1.15806998203,0.328742917493,0.868991432549,0.404381473852,0.0998733783287,0.26712323385,601
1440624987,999122858,2.65637489757,-1.14744717492,0.323892698284,0.876594777794,0.391143187499,0.111335052107,0.257280214143,602
1440624987,985098100,2.65767280288,-1.14425916914,0.323113076146,0.879884645687,0.38340729779,0.115053823869,0.256055603139,603
1440624987,976624683,2.65901539837,-1.1406727651,0.322087865272,0.882178263743,0.377501258507,0.115773137966,0.256614285125,604
1440624988,60594780,2.64581546566,-1.15871833128,0.321552587031,0.876150346231,0.393642275548,0.0990807999212,0.259979469936,605
1440624988,18457443,2.65244890146,-1.15452590994,0.325273259457,0.870211344038,0.404779784552,0.100010386283,0.262456597101,606
1440624988,68159357,2.64485531182,-1.15856031836,0.319653903678,0.878383421715,0.388764566134,0.100693484017,0.259163073858,607
1440624988,10565306,2.65381574345,-1.15272223617,0.324939285809,0.872055584734,0.401030562771,0.10202941394,0.261311200582,608
1440624988,57262025,2.64922723264,-1.15928691857,0.326793547156,0.872097320114,0.398460796758,0.101809055945,0.265160656631,609
1440624988,1317968,2.65501938974,-1.15040569635,0.324481217952,0.87370992921,0.39706979252,0.106523881858,0.260036924419,610
1440624988,91214383,2.64277453825,-1.15847977921,0.316317875818,0.882812737455,0.377404483899,0.101130335789,0.260730092822,611
1440624988,103487453,2.6404586417,-1.15884552822,0.31463414329,0.885137865885,0.370842871652,0.100122267067,0.262644349947,612
1440624988,138834612,2.63864402995,-1.15923071063,0.311582974187,0.887607805007,0.364022876752,0.100064891535,0.263868806746,613
1440624988,79920072,2.64390637424,-1.15837470562,0.317717350163,0.880103013905,0.384359321767,0.100798463988,0.259858165822,614
1440624988,152604658,2.63773781872,-1.16018049088,0.310076347187,0.886231414875,0.366123336685,0.106734744173,0.26297390747,615
1440624988,217928043,2.63590221296,-1.1628275313,0.307444075677,0.878966656852,0.379421237935,0.123172549325,0.261315256804,616
1440624988,159681326,2.63753534185,-1.16062091068,0.309468637331,0.885287038475,0.368499023344,0.108712669451,0.262024588164,617
1440624988,192935062,2.63674949639,-1.16224839891,0.308450859068,0.880961745243,0.376472703859,0.117083741745,0.261660283739,618
1440624988,143785588,2.63815574714,-1.15971357523,0.310811166973,0.887194483032,0.364559724594,0.103003748815,0.263386378182,619
1440624988,226292936,2.63572507194,-1.16269059424,0.306936134653,0.878494697678,0.379952698154,0.12308096344,0.262171870641,620
1440624988,176195506,2.63716419397,-1.16144989935,0.308802879723,0.882595314821,0.374146367793,0.112909634533,0.261326271456,621
1440624988,168955548,2.63734980522,-1.16090973019,0.308931808327,0.883555954836,0.371970035159,0.110745648957,0.262111748793,622
1440624988,209478089,2.63628698166,-1.16260609223,0.307810050246,0.879322295445,0.379026909157,0.121525672091,0.261462069699,623
1440624988,254646049,2.63445776478,-1.16347242891,0.305997188413,0.876264890976,0.382535125374,0.124384075456,0.265245773711,624
1440624988,270016717,2.63383548794,-1.16371406701,0.305356897689,0.875914759898,0.383339144995,0.127387661483,0.263812086549,625
1440624988,282178318,2.63352294163,-1.16395485896,0.305322586506,0.875248806859,0.384687475038,0.128885267644,0.263331844686,626
1440624988,304005253,2.63269852971,-1.16502287937,0.304912422772,0.873305822413,0.387524066946,0.135004492373,0.262556327511,627
1440624988,264018050,2.63408407848,-1.16363178476,0.305818371236,0.876466980668,0.382573355697,0.12767437165,0.26294964182,628
1440624988,287630898,2.63317020339,-1.16441562443,0.305271036958,0.875190320323,0.38432525332,0.131772889658,0.262625033888,629
1440624988,242828622,2.63481005636,-1.16330176246,0.306347644785,0.876623824851,0.382501466046,0.123203792641,0.264658503841,630
1440624988,299501121,2.6328694919,-1.16477439761,0.305069952646,0.874107642658,0.385826358396,0.133598322757,0.263107085366,631
1440624988,204013775,2.6365065638,-1.16251022796,0.308181988419,0.880195561671,0.377546473764,0.11975269899,0.261483698247,632
1440624988,309274990,2.63264909892,-1.16517091709,0.304713906519,0.87252593989,0.388870350552,0.135784737113,0.262756236554,633
1440624988,234681292,2.63531372435,-1.16280913172,0.306618967011,0.877722524406,0.381279387037,0.124025115523,0.262387061211,634
1440624988,126259901,2.63896886059,-1.15912411484,0.312481472473,0.888190048727,0.362960197488,0.0991491345438,0.263719133741,635
1440624988,184894308,2.6369635853,-1.16176530433,0.308693420455,0.881484514241,0.376642781354,0.115452802045,0.260376490696,636
1440624988,317563613,2.63252240349,-1.16524559373,0.304659497064,0.871619807381,0.390386677293,0.136284914366,0.263255722995,637
1440624988,326467748,2.63240293834,-1.16532674911,0.304629113741,0.871125618005,0.390995413317,0.137569596614,0.263319863491,638
1440624988,336028949,2.63219191494,-1.16528906935,0.304768999574,0.870542154777,0.391700399077,0.138953540356,0.26347498504,639
1440624988,343258638,2.63194359472,-1.16569907745,0.305190870952,0.871306932651,0.389850669377,0.141318373186,0.262430566248,640
1440624988,355285307,2.63182121573,-1.16557732466,0.305230521484,0.87139064078,0.389215469702,0.141806779711,0.262831707626,641
1440624988,365473754,2.6319093056,-1.16465883541,0.304790996159,0.869765875118,0.391740041457,0.139362651187,0.265753859527,642
1440624988,368719485,2.63202017461,-1.1639929509,0.304646936091,0.869122867697,0.392535068904,0.138429999991,0.26716810369,643
1440624988,376151576,2.63185383465,-1.16363412052,0.304985555937,0.869152285658,0.392027171417,0.138526535939,0.267767436494,644
1440624988,384819575,2.63182062533,-1.16313754604,0.305125929051,0.869021963484,0.391924717914,0.137498982736,0.268867759719,645
1440624988,395978465,2.63162390881,-1.16280701523,0.305343236212,0.869054939976,0.391419700885,0.136817254334,0.269842857935,646
1440624988,401104958,2.63177825525,-1.16227404951,0.305593159473,0.868172400213,0.393008933454,0.137683998769,0.269932914291,647
1440624988,409227845,2.63170619619,-1.16206470811,0.30638482544,0.868257005528,0.39214674873,0.13905913564,0.270209653059,648
1440624988,418565135,2.63230197999,-1.16089920346,0.306376360303,0.867775821247,0.392656847943,0.136989760108,0.272065303645,649
1440624988,425944916,2.63257911876,-1.16000188074,0.306704470094,0.86673051677,0.394843813112,0.134938345957,0.273254857848,650
1440624988,434317137,2.63301212989,-1.15925715026,0.307052313732,0.865020815388,0.396934410895,0.132139674879,0.276985863748,651
1440624988,442893715,2.6384021468,-1.15945344616,0.315449469589,0.867748166271,0.39703431293,0.127561276372,0.270379353981,652
1440624988,451188696,2.63880792302,-1.15849106634,0.315871316962,0.866472615865,0.399353847246,0.125458421371,0.272032893514,653
1440624988,459283230,2.63963896746,-1.15725947966,0.316193509352,0.865894641408,0.40049592627,0.123607312531,0.273039768734,654
1440624988,467587985,2.6350475355,-1.15490432459,0.309085589306,0.862361256662,0.401966102473,0.127343841484,0.280249641404,655
1440624988,476244254,2.63567392229,-1.15374691063,0.30945743799,0.862064204646,0.40221709785,0.126426626422,0.281217036105,656
1440624988,484562210,2.63616220425,-1.15262716856,0.309937588583,0.861559586748,0.402478753925,0.125087358755,0.282982479672,657
1440624988,492910966,2.63642531747,-1.15168300031,0.310440202844,0.8610981947,0.402920313183,0.123017811817,0.284660742436,658
1440624988,501202034,2.63662283225,-1.15097962012,0.31079471435,0.86132518063,0.402094968108,0.121524888716,0.285780109975,659
1440624988,509366968,2.6375426427,-1.1497739034,0.31043968341,0.860226908796,0.404502624566,0.119351774474,0.286605034903,660
1440624988,518419236,2.63684529729,-1.15025232243,0.311184838448,0.861533168311,0.400678094303,0.117336820621,0.288876678138,661
1440624988,534307155,2.63729598966,-1.14956974516,0.310414113171,0.861190964238,0.402545933757,0.118331936072,0.286887516695,662
1440624988,543796976,2.63606684517,-1.1507218446,0.311055223673,0.863376369927,0.397651708299,0.121465088857,0.285833159251,663
1440624988,551030573,2.63573152993,-1.15126894253,0.31082142379,0.863324347302,0.397702245237,0.123840886728,0.28489898256,664
1440624988,526108481,2.6366872282,-1.15007112811,0.311310760379,0.862843606338,0.398526450598,0.119820879723,0.286915555447,665
1440624988,628362542,2.64007284452,-1.15701051444,0.316798815273,0.863056459193,0.405069017828,0.125067853673,0.274610034447,666
1440624988,635755029,2.63532684523,-1.15596434438,0.30829731707,0.859311339154,0.407166237106,0.131630061248,0.280130692247,667
1440624988,576268978,2.64060901842,-1.15392485766,0.317654033055,0.864736366055,0.401076208938,0.119579882527,0.277614018991,668
1440624988,559641377,2.64058787315,-1.15304225298,0.318373911713,0.866185574749,0.39779661925,0.119892425368,0.277680042763,669
1440624988,634168583,2.6405106001,-1.15676963531,0.316222842796,0.861801165142,0.407987599418,0.124580484927,0.274453225989,670
1440624988,567791645,2.64051367976,-1.15358390618,0.317750226278,0.865576049954,0.399694301159,0.117979055824,0.277675187502,671
1440624988,617203159,2.6352459408,-1.15428329494,0.309245673095,0.86175591774,0.401592795598,0.128036780081,0.282323480623,672
1440624988,642782812,2.63395248308,-1.15720123526,0.309308010612,0.861862192402,0.401319973019,0.135989742365,0.278644272391,673
1440624988,659267653,2.63348093337,-1.15755481161,0.30917457777,0.863439933672,0.398418106808,0.136663415154,0.277592514428,674
1440624988,651129123,2.63374266334,-1.15744073653,0.309209887077,0.86289733564,0.399421558956,0.136678818625,0.277829996446,675
1440624988,668039791,2.63394050501,-1.15695066091,0.308538854171,0.862394496694,0.400960082558,0.131707839517,0.279570723211,676
1440624988,676275126,2.6338265083,-1.15688980606,0.30846293942,0.862774553834,0.400088784035,0.131141946089,0.279912172156,677
1440624988,596182891,2.63524433562,-1.15365522019,0.309515764809,0.861698647856,0.401892635805,0.128151250441,0.282019514536,678
1440624988,751192956,2.63514371408,-1.1560188277,0.308087997505,0.862400727778,0.401724258236,0.12936212165,0.279549721078,679
1440624988,799919542,2.63508502529,-1.15642659306,0.3090835705,0.862429044718,0.401284145903,0.129547234432,0.280008376882,680
1440624988,813762922,2.63524505227,-1.15661577769,0.309113724495,0.863602090673,0.398700788547,0.130947328131,0.279431400264,681
1440624988,855512572,2.63512372236,-1.15733415743,0.308911651311,0.863642360051,0.398815947168,0.131527417619,0.278869597884,682
1440624988,820602475,2.6352211905,-1.15668638832,0.309076146431,0.863612526033,0.398758223337,0.130829716818,0.279372277431,683
1440624988,845381322,2.63514406409,-1.15712074341,0.308938461492,0.863612158274,0.398911281154,0.13111527909,0.279020811839,684
1440624988,860876658,2.63510520517,-1.1575586199,0.308889255614,0.863552489485,0.399211320303,0.132224937816,0.278251658515,685
1440624988,805614119,2.63526650715,-1.15639799503,0.308988067354,0.863143051841,0.399861626184,0.130115210141,0.279579656008,686
1440624988,834608656,2.63517480201,-1.15687339978,0.308971333296,0.863475138077,0.398960378905,0.130730651126,0.27955464375,687
1440624988,930381016,2.6351334127,-1.1587657085,0.308245407646,0.862461632237,0.402808734069,0.133295228602,0.275930133745,688
1440624988,877020260,2.63508690385,-1.15797293647,0.308640168879,0.862505152384,0.401899735792,0.13146360084,0.277990622389,689
1440624988,918916088,2.63516390907,-1.15866533284,0.308232195778,0.86213559349,0.403353731288,0.133087359709,0.276253037231,690
1440624988,894625644,2.63498952478,-1.15848876549,0.308503371619,0.862803990322,0.401441974567,0.133419762321,0.276790141375,691
1440624988,937633192,2.63507041678,-1.15881872828,0.308224510208,0.862693706837,0.402487601039,0.133031783936,0.275800369209,692
1440624988,886312082,2.63501513457,-1.15821301723,0.308563828942,0.862442241701,0.401969385245,0.132680750439,0.277506417075,693
1440624988,870488707,2.63503870857,-1.15768604226,0.308711967565,0.862386074169,0.402035659718,0.131542199718,0.278126297008,694
1440624988,904195644,2.63497747232,-1.15867336691,0.308430774633,0.862868014053,0.401448881394,0.133890828151,0.276352731285,695
1440624988,826479413,2.63518516059,-1.15679793949,0.309041587812,0.863532131258,0.399070447839,0.130433431265,0.279360261947,696
1440624988,986883876,2.63494481756,-1.15891073282,0.308264255036,0.864105710181,0.400001250076,0.132609890619,0.275199815551,697
1440624988,955980227,2.6350272085,-1.15876357057,0.308182855692,0.862918044853,0.402200041359,0.132753996998,0.275651865364,698
1440624989,1466944,2.6355587036,-1.15850807238,0.307926036372,0.862967699015,0.402682620841,0.131830486596,0.275234772754,699
1440624988,997350991,2.63505855355,-1.1589167938,0.308224884442,0.864108687408,0.399938749608,0.132628387582,0.275272380952,700
1440624988,973996273,2.63490030871,-1.1589214546,0.308326942359,0.863940950554,0.400258504421,0.132932777444,0.275187282185,701
1440624988,980696986,2.63497807094,-1.15886151664,0.308256528669,0.863934149067,0.400313854617,0.132581060232,0.275297777589,702
1440624989,68419796,2.6356008253,-1.15914219831,0.308136507387,0.862694248536,0.403069969493,0.131904820043,0.275489295046,703
1440624989,52784154,2.63555205639,-1.15905419661,0.308156175333,0.862657688391,0.402901267479,0.131661271674,0.275966648102,704
1440624989,48263390,2.63515079892,-1.1592687885,0.308375523879,0.863278178486,0.401281420512,0.132344828785,0.276059512416,705
1440624989,35961970,2.63570001292,-1.15874110485,0.307971843263,0.862941155011,0.402485174833,0.132434456405,0.275316838904,706
1440624989,63972863,2.63549690078,-1.15916324083,0.308183477417,0.862892202723,0.402592467072,0.132022480569,0.275511191354,707
1440624989,21915701,2.63492238739,-1.15929373483,0.308393968096,0.864253563078,0.399374722211,0.132994128054,0.275459927884,708
1440624988,966287474,2.63493809175,-1.15886895229,0.308203255383,0.863568623857,0.401028896347,0.132803286781,0.275296827451,709
1440624989,15694584,2.63562497189,-1.15863936015,0.307951599309,0.863248637929,0.402001744394,0.132369784845,0.275090215527,710
1440624989,39815391,2.63580932508,-1.15875000875,0.307926657867,0.862796248651,0.402832877333,0.132206035156,0.275372239925,711
1440624988,947646625,2.6350144512,-1.15884706396,0.30823622866,0.862837081773,0.402191047756,0.133317760581,0.275646342503,712
1440624989,79255043,2.63571358965,-1.15917358564,0.308107882113,0.862726543526,0.403217687479,0.131967105984,0.275141946163,713
1440624989,84335086,2.63570092019,-1.15924112118,0.308167808016,0.862815426666,0.40314075478,0.131497588172,0.275200755173,714
1440624989,95563399,2.63568579062,-1.15937618164,0.308184865774,0.863136573703,0.4027192887,0.132044333681,0.274548217237,715
1440624989,101974203,2.63573322979,-1.1593707322,0.3081430727,0.863009965718,0.402837161355,0.131655190826,0.274959872038,716
1440624989,129345137,2.63568299634,-1.15958177321,0.308129219669,0.863327501097,0.402336068947,0.131927018569,0.274566158229,717
1440624989,123749805,2.63573038507,-1.1594789799,0.308138916717,0.863184968796,0.402547757752,0.131721187393,0.274802731365,718
1440624989,135555005,2.63563200499,-1.15965623891,0.308174847665,0.863495245233,0.40195220681,0.132630797873,0.274261656738,719
1440624989,115738870,2.63573232496,-1.15941930933,0.308159055148,0.863155005636,0.402701625397,0.13216305793,0.274459037504,720
1440624989,142831141,2.63557399641,-1.15975179574,0.30820306117,0.863535111389,0.401656633318,0.132825936689,0.27447464519,721
1440624989,151448783,2.63550976701,-1.15983347119,0.30816105758,0.863703726153,0.401362854647,0.133205155607,0.274189932089,722
1440624989,162277187,2.64054611142,-1.16116373831,0.315736412694,0.866374762749,0.401813197575,0.126677818602,0.268129921866,723
1440624989,167709233,2.64050934005,-1.1613880799,0.315729279753,0.866921297073,0.400737108338,0.1270764013,0.267785031162,724
1440624989,179493900,2.64133175958,-1.16075537915,0.315251184975,0.865743435167,0.403755523974,0.125617018938,0.267750155704,725
1440624989,184432657,2.64133660858,-1.16080061047,0.31528689404,0.865807519696,0.403694136664,0.125456315711,0.267710843465,726
1440624989,195395990,2.63615771844,-1.1595946175,0.307637730761,0.862270280242,0.405362168863,0.13435675191,0.272249406026,727
1440624989,201469945,2.6406245173,-1.16140048738,0.31574055604,0.866789007705,0.401448067525,0.126400903651,0.267467898558,728
1440624989,212378526,2.64066209765,-1.1614223495,0.315785049693,0.866743495422,0.401525274639,0.126113513428,0.267635103641,729
1440624989,219327107,2.64086413727,-1.16121847502,0.315855601328,0.866561102376,0.402019778455,0.12594196125,0.267564153012,730
1440624989,229533150,2.63579318884,-1.15991581438,0.30815240191,0.863880989212,0.401732154942,0.132068829991,0.273639792992,731
1440624989,245279777,2.63643160935,-1.15937060837,0.307778615418,0.863000060945,0.403916893143,0.131732631389,0.273365235664,732
1440624989,234306664,2.63584936034,-1.15986871073,0.308129949814,0.863851251715,0.401795865518,0.132159705883,0.273596252724,733
1440624989,251185552,2.63590478375,-1.15977075398,0.308186860344,0.863864193654,0.401696951082,0.132334127788,0.273616324507,734
1440624989,259390577,2.63590294894,-1.15984982044,0.308187993566,0.864353116213,0.400864405026,0.132420692688,0.273251128861,735
1440624989,284309245,2.636112978,-1.15970530953,0.308212780935,0.864468762095,0.400632969171,0.131995973471,0.273430148964,736
1440624989,267700711,2.63606526973,-1.15973841926,0.308160445184,0.864184355926,0.401206653147,0.131941686571,0.273514189373,737
1440624989,292872134,2.63616795554,-1.15967531235,0.308264176132,0.864501915642,0.400538439152,0.131803337659,0.273556715866,738
1440624989,309664005,2.63821399338,-1.16041778734,0.312400738881,0.863090319147,0.398739942538,0.136216950056,0.278435812598,739
1440624989,317815736,2.63822897552,-1.16037924177,0.312414231529,0.86309083474,0.398668502194,0.135812884744,0.27873373797,740
1440624989,334262452,2.63624624647,-1.15937196417,0.308446736526,0.864438538582,0.40046505313,0.130472486823,0.27450079129,741
1440624989,368355611,2.63642709122,-1.15943452952,0.308531458158,0.86567993802,0.398185502617,0.130507188297,0.273887612384,742
1440624989,379086234,2.63640629599,-1.15945936285,0.308584763208,0.865969948828,0.397546635958,0.130219353368,0.274035837024,743
1440624989,385200282,2.6364429818,-1.15926831255,0.308513107589,0.865408510151,0.398876149933,0.129514988683,0.274211223838,744
1440624989,359677345,2.63636069274,-1.15949207619,0.30856312384,0.86558075447,0.398270391695,0.130532212663,0.274065674697,745
1440624989,345485386,2.63650983227,-1.15919314025,0.308340895374,0.864475978413,0.40078288319,0.130115730738,0.274088051368,746
1440624989,301053207,2.63817541954,-1.16026790441,0.31226928158,0.862378654199,0.400294394495,0.135906359155,0.278562230135,747
1440624989,276357954,2.63606515766,-1.15974327415,0.308204655587,0.864438849638,0.400660636809,0.132211804437,0.27337989706,748
1440624989,401348281,2.63652879677,-1.1591770203,0.308540961184,0.865429722992,0.398712686793,0.128638971018,0.274793746449,749
1440624989,409479485,2.63650332126,-1.1592722922,0.308544603561,0.866029419842,0.397580561736,0.129089132859,0.274333258421,750
1440624989,417709439,2.63657216,-1.15928946084,0.308532825156,0.866016461727,0.39764384159,0.128831116761,0.274403729234,751
1440624989,445320423,2.63661129182,-1.15948495908,0.308515917418,0.865944074977,0.398332052919,0.130249378596,0.272960682158,752
1440624989,531905587,2.63716773754,-1.15930386478,0.308638000774,0.866902111337,0.396972907322,0.126686006622,0.273576124577,753
1440624989,568750703,2.63807026399,-1.15870933022,0.307982942583,0.866203683625,0.399240107894,0.125426810314,0.273068910677,754
1440624989,545702522,2.63733634944,-1.15924632154,0.30855900589,0.867008232518,0.396910842666,0.127157927552,0.273110543886,755
1440624989,536533413,2.63729021505,-1.1592462991,0.308558872784,0.866966912595,0.396958020324,0.127040382245,0.273227824067,756
1440624989,587468799,2.63738309274,-1.1593093642,0.308578590654,0.867478569177,0.39644083961,0.126491379983,0.272608737018,757
1440624989,518527629,2.63777358626,-1.1587706753,0.30816562926,0.865906835579,0.399665858694,0.12658714827,0.272852061353,758
1440624989,552744968,2.63733936712,-1.15912786579,0.308434792476,0.86667662803,0.397650005653,0.126324247432,0.273474459394,759
1440624989,593338396,2.63742204082,-1.15930005502,0.308591992103,0.867550000379,0.396426513456,0.126222224115,0.272527001253,760
1440624989,635385778,2.63764831273,-1.15930857754,0.308678823835,0.86763636627,0.396561572142,0.125165463328,0.272542954808,761
1440624989,671450140,2.63764796537,-1.1594000607,0.308921156267,0.86751952718,0.396446219023,0.12563448377,0.272866710817,762
1440624989,645545873,2.63768648596,-1.15918365601,0.308577274313,0.867366599304,0.39729601893,0.125249543013,0.272293238492,763
1440624989,681710450,2.63765665673,-1.15945127829,0.308966835161,0.867394055547,0.39661324328,0.125665860867,0.273008386444,764
1440624989,628408846,2.63766327352,-1.15914218751,0.30857161247,0.867683183796,0.395853934045,0.125876466192,0.273094618617,765
1440624989,576664349,2.63738362077,-1.15917434678,0.308620076525,0.866739672638,0.397568932586,0.125453529286,0.273793162275,766
1440624989,618745469,2.6376096292,-1.15921429135,0.308579692178,0.868158436145,0.394761467677,0.126023827729,0.273097616674,767
1440624989,737392956,2.63793210721,-1.15959744364,0.308861772237,0.867758265864,0.39640845863,0.125257597722,0.272335198174,768
