1,1445364334,373000000,0.112210779839,-1.71834537307,-0.616800433523,-0.00398013907788,0.136193073473,-0.98569777901,0.0991740575232,0
1,1445364335,978000000,0.239003124863,-3.62376369862,-0.988425718156,-0.00191151700133,0.131547893309,-0.983713345256,0.122472659127,148
1,1445364337,86000000,0.489452527897,-2.74018644191,-0.0302055098706,-0.0333002895602,0.13095004291,-0.986071550541,0.0969849173321,250
1,1445364339,807000000,2.69665745109,-0.774852445201,-0.067496583153,-0.0243957628402,0.132988099179,-0.984346087119,0.11305659205,492
1,1445364340,694000000,2.7392668421,-0.228378923761,-0.362256535243,-0.0238448826257,0.133165280068,-0.984980380765,0.107294358032,571
1,1445364341,82000000,2.59587725621,-0.716747105024,-0.793439840849,-0.0279688401835,0.124285410933,-0.985505362867,0.11202705195,598
1,1445364342,911000000,2.44973542423,0.00480955016252,-0.939445785687,-0.0273336970777,0.124581202879,-0.985523748962,0.111693030781,737
1,1445364345,306000000,2.54490096882,-0.0628474908294,-0.989316980202,-0.0268223002598,0.122084706581,-0.985655500286,0.11339807487,920
1,1445364346,488000000,2.34883846506,-0.00894295275424,-1.046347503,-0.0325026505553,0.118182837646,-0.986258424088,0.110773261706,1026
1,1445364347,991000000,2.26918036527,-0.000492995022698,-1.00229034551,-0.028100916029,0.118258610536,-0.986344061154,0.111133399921,1155
1,1445364348,972000000,2.35633850865,0.567861257494,-0.713748672292,-0.0251638890123,0.114747604638,-0.987357743309,0.106416411548,1242
1,1445364350,386000000,2.39844383561,0.589335982191,-0.661860681746,-0.0274212981858,0.110918530687,-0.9870311031,0.112759715631,1362
1,1445364352,587000000,2.53431902614,0.616604520483,-0.56362285965,-0.0270428102925,0.109779773304,-0.987983223215,0.105386139655,1556
