1,1445364469,519000000,3.02268241263,-1.08708622519,-0.6127758905,-0.0822070679581,0.12419819035,-0.932984512619,0.327653333121,0
1,1445364469,947000000,3.19806057449,-1.9979797158,-0.837956304852,-0.0705660236582,0.119853220089,-0.937283582631,0.319617157971,42
1,1445364472,43000000,3.43055152727,-2.15216030187,-0.765341249777,-0.060482287612,0.112711075782,-0.93842553891,0.320929297825,217
1,1445364472,837000000,3.58562057396,-0.877331643604,-0.955087431109,-0.0593782051064,0.11402708581,-0.938649644484,0.320013901839,291
1,1445364474,249000000,3.5185861929,-0.835751475501,-0.914160951605,-0.0587396833928,0.112320211373,-0.939219312167,0.319062538329,412
1,1445364475,327000000,3.34378278531,-0.369195765552,-0.366313768018,-0.0580226573139,0.1121324052,-0.939659792493,0.317960955644,507
1,1445364476,535000000,3.49068710397,-0.381789676251,-0.249402980046,-0.0564996340147,0.112254983578,-0.940139789272,0.316770874048,610
1,1445364478,138000000,3.53695940477,-0.278698675846,-0.341292443132,-0.0564417647848,0.112534068738,-0.940145316762,0.316665744804,758
1,1445364479,588000000,3.84823959494,-0.56322327277,-0.0240546148643,-0.0572286674785,0.112075078556,-0.940062385299,0.31693338122,885
1,1445364480,428000000,4.3832312141,-1.10740360621,-0.0760085910272,-0.0581968093792,0.114381109328,-0.94003983536,0.315998735985,950
1,1445364481,852000000,4.4271544873,-1.19383545142,-0.0286723031549,-0.0454106310317,0.114181997549,-0.954202090451,0.272761281352,1081
