1,1445364670,400000000,-2.66488870058,1.17016084205,1.0678101007,-0.0940913857659,0.0568678602714,-0.620124125911,0.776761820673,0
1,1445364670,723000000,-3.47716015713,1.87212592324,1.40639941138,-0.0985057240702,0.0575333946783,-0.622353303565,0.774379039207,29
1,1445364672,895000000,-3.67074282479,1.96345907928,1.19988158133,-0.0935164496769,0.0471947738367,-0.629286117382,0.770082014744,217
1,1445364674,288000000,-3.67074282479,1.96345907928,1.19988158133,-0.0935164496769,0.0471947738367,-0.629286117382,0.770082014744,339
1,1445364675,477000000,-3.67074282479,1.96345907928,1.19988158133,-0.0935164496769,0.0471947738367,-0.629286117382,0.770082014744,444
1,1445364676,593000000,-3.67074282479,1.96345907928,1.19988158133,-0.0935164496769,0.0471947738367,-0.629286117382,0.770082014744,542
1,1445364677,766000000,-18.1118506862,32.7936116309,9.04135606488,-0.100414263347,0.0653361998286,-0.646397193251,0.753537540714,643
1,1445364677,981000000,-17.8419187622,35.9258323831,9.66456802501,-0.0991685220427,0.0645700280506,-0.646282076674,0.753867225102,663
1,1445364678,300000000,-17.2543729706,34.6834055622,10.0019515729,-0.0964955608076,0.0665520289063,-0.63983144601,0.759522978513,691
1,1445364678,884000000,-17.9272127944,35.5825651024,11.4391224585,-0.0941376679887,0.0665911927858,-0.640095220508,0.75959319454,742
1,1445364680,174000000,-17.9272127944,35.5825651024,11.4391224585,-0.0941376679887,0.0665911927858,-0.640095220508,0.75959319454,860
1,1445364680,888000000,-19.225604942,43.0820999156,13.8524200191,-0.0926964497331,0.0709960995997,-0.642446033493,0.757383665058,922
1,1445364681,70000000,-18.8686652353,42.7433732532,14.3413158286,-0.091802039721,0.0636669960176,-0.642480269658,0.758114768503,937
1,1445364682,309000000,-18.5763890199,42.4691524636,14.4503046922,-0.090591745664,0.0660612798133,-0.643966820642,0.756793087204,1039
1,1445364682,788000000,-20.6958669479,42.9603036457,14.1336984023,-0.0872727587894,0.0661536793551,-0.644267129185,0.756919429353,1082
1,1445364683,489000000,-20.6958669479,42.9603036457,14.1336984023,-0.0872727587894,0.0661536793551,-0.644267129185,0.756919429353,1145
1,1445364683,680000000,-23.204327244,46.2932374823,16.6437843061,-0.0880879391835,0.0660744525028,-0.644817452153,0.756363097392,1162
1,1445364684,870000000,-26.3106968984,49.2744301661,19.0437742374,-0.0848838086655,0.0646099041944,-0.646954907178,0.755029567225,1266
1,1445364685,983000000,-26.3106968984,49.2744301661,19.0437742374,-0.0848838086655,0.0646099041944,-0.646954907178,0.755029567225,1365
1,1445364687,396000000,-26.3106968984,49.2744301661,19.0437742374,-0.0848838086655,0.0646099041944,-0.646954907178,0.755029567225,1483
1,1445364688,400000000,-26.3106968984,49.2744301661,19.0437742374,-0.0848838086655,0.0646099041944,-0.646954907178,0.755029567225,1573
1,1445364688,628000000,-26.3106968984,49.2744301661,19.0437742374,-0.0848838086655,0.0646099041944,-0.646954907178,0.755029567225,1591
1,1445364689,479000000,-26.3106968984,49.2744301661,19.0437742374,-0.0848838086655,0.0646099041944,-0.646954907178,0.755029567225,1668
1,1445364689,693000000,-26.3106968984,49.2744301661,19.0437742374,-0.0848838086655,0.0646099041944,-0.646954907178,0.755029567225,1687
1,1445364689,897000000,-26.3106968984,49.2744301661,19.0437742374,-0.0848838086655,0.0646099041944,-0.646954907178,0.755029567225,1702
1,1445364690,105000000,-39.072753656,68.8770936985,34.2730424905,-0.0657417837229,0.085225624333,-0.664543298296,0.739457108641,1721
