1,1445361530,104000000,3.842902104,2.76842502218,-0.994026640233,-0.0809269161871,-0.066628594898,0.718869747294,0.687195569691,0
1,1445361531,416000000,3.86796601176,2.7545994628,-0.998480470925,-0.0699889572251,-0.0740023494935,0.719833356336,0.686633189733,113
1,1445361533,111000000,3.97371550114,2.73188637747,-1.11035819456,-0.0719854319038,-0.074701659081,0.719916629052,0.686263657014,267
1,1445361534,122000000,4.07009393659,3.00074825321,-1.12474539541,-0.077751399428,-0.0776118312825,0.717410632879,0.687933941134,363
1,1445361535,402000000,4.00631974996,3.00409813908,-1.1420890327,-0.0766394106424,-0.077975376077,0.720186690078,0.685111212065,477
1,1445361536,607000000,4.00551529813,0.908241580052,-0.673582398866,-0.0748825628524,-0.078104080281,0.722312925184,0.683049333896,586
1,1445361537,894000000,4.01390733839,0.925421613513,-0.665120932136,-0.0748728468144,-0.0829761951941,0.718272761616,0.686726472303,703
1,1445361539,513000000,4.10924284407,1.80845500746,-0.75713663997,-0.0770028245908,-0.0875551863158,0.724284746375,0.679570644247,852
1,1445361541,941000000,4.69135399143,2.56744497746,-0.438157180027,-0.0772951545729,-0.0796341293755,0.725508776638,0.679206065594,1070
1,1445361542,808000000,4.78024325278,2.96029144011,-0.605356949381,-0.0755042536306,-0.0771023618452,0.726030290334,0.679142364308,1146
1,1445361544,305000000,5.10519390748,4.01018840788,-0.693157658116,-0.0771158541991,-0.081912740922,0.730563282875,0.673513724894,1278
