1,1445364861,565000000,3.57499761815,0.273908024328,-1.21978558961,-0.036486241726,0.0882347034988,-0.909066013285,0.405564267105,0
1,1445364863,804000000,3.02566771046,-0.599903773526,-0.644328001816,-0.0534700401402,0.0813393408157,-0.90112477423,0.422491429157,207
1,1445364865,377000000,3.10363698501,-0.77926675222,-0.665732565708,-0.0631409503199,0.0888790013384,-0.902077428991,0.417576406924,345
1,1445364868,701000000,2.46843722064,-0.36707643678,-0.758924566261,-0.055493185817,0.0932270580186,-0.902177543659,0.417498385265,638
1,1445364869,620000000,2.63174614019,-0.504260299523,-0.844468568243,-0.0537076615296,0.0973249194199,-0.902995187545,0.415021732471,720
1,1445364870,82000000,2.54070394946,-0.412122532374,-0.797566576907,-0.0539073538248,0.0978309700904,-0.90289907699,0.415085961297,766
1,1445364871,96000000,2.98545468514,-1.14654718925,-0.530626573667,-0.0535898265236,0.0961033841325,-0.903763400337,0.41364717606,849
1,1445364871,895000000,2.9351731622,-1.28070041366,-0.33587668251,-0.0541987119366,0.0957842209563,-0.903732750822,0.413708832069,914
1,1445364872,703000000,2.9351731622,-1.28070041366,-0.33587668251,-0.0541987119366,0.0957842209563,-0.903732750822,0.413708832069,981
1,1445364873,585000000,2.9101900414,-0.871253586991,-0.470111404675,-0.0548107701712,0.0988436498742,-0.90431415964,0.411632861938,1045
1,1445364875,77000000,2.77527119094,-0.981540843678,-0.557723190545,-0.0557338201476,0.0966103646291,-0.904352507613,0.411954755661,1168
1,1445364876,589000000,2.97072844177,-0.780935306541,-0.540756573519,-0.0556755195686,0.0967551218883,-0.904308757016,0.4120247018,1303
1,1445364878,115000000,2.88057816822,-0.768777218679,-0.503892406117,-0.0558229614744,0.0969676106492,-0.904136208098,0.412333356235,1400
1,1445364879,302000000,2.501730545,-0.912791059731,-0.408744313909,-0.0609668846159,0.101752274619,-0.916621829367,0.381751143441,1498
1,1445364879,776000000,2.46735931636,-1.01623596774,-0.380588929009,-0.0569974360645,0.101785059417,-0.914203201488,0.388102564215,1527
1,1445364880,786000000,2.45707302459,-1.04105534288,-0.358841477273,-0.0584970368444,0.0999914866337,-0.913850900212,0.38917390902,1613
1,1445364881,839000000,2.4637061263,-1.01921379754,-0.349813846985,-0.0537820841534,0.0995531417066,-0.912633371044,0.392806554753,1702
1,1445364883,192000000,2.49286360442,-1.02632277121,-0.375438004829,-0.0524654999114,0.101139842885,-0.912427327603,0.393057852413,1807
1,1445364884,200000000,2.62745851906,-0.69899042987,-0.357171089102,-0.0548324885772,0.10134842879,-0.907758294709,0.403356879902,1896
1,1445364885,19000000,2.4553430497,-0.716384099854,-0.48846847902,-0.0539427828496,0.0985157148332,-0.906849791407,0.406212119383,1970
1,1445364886,576000000,1.72274470234,-0.0613961864719,-0.566458929854,-0.0547051571874,0.112871062137,-0.906409346569,0.403347946024,2090
1,1445364889,8000000,1.66735456918,-0.139297525309,-0.711693287744,-0.0589326580089,0.106551474398,-0.905638509227,0.406192830721,2299
1,1445364891,627000000,1.6634465409,-0.224470947877,-0.567259466667,-0.0575024716696,0.107405926095,-0.906618432882,0.40398075443,2528
1,1445364892,841000000,1.90302757436,0.121962052598,-0.414337742438,-0.0614119678676,0.111867008208,-0.90358214823,0.408966556183,2630
