1,1445361720,709000000,4.33915043016,-0.346667827587,-0.839762141067,-0.0429052857618,0.130863385006,-0.907339532426,0.397201313965,0
1,1445361721,623000000,4.03002631423,-0.523099505472,-0.516123940025,-0.0482132783772,0.126892815018,-0.909350975045,0.393261360255,85
1,1445361722,219000000,4.27515888909,-1.52800654493,-0.752543918681,-0.0492320491328,0.122387317254,-0.909748536399,0.393643430574,140
1,1445361722,724000000,4.26075065784,-1.72911106218,-0.489772068238,-0.0484478076277,0.117431052878,-0.908868087977,0.397267613092,183
1,1445361724,119000000,4.26620690224,-1.56263412772,-0.430481058536,-0.0483264883056,0.118869225732,-0.908766948983,0.397085998415,301
1,1445361725,109000000,4.34524614444,-1.55034283107,-0.804087812465,-0.0483339569935,0.117925823416,-0.908947602909,0.396952873699,390
1,1445361726,307000000,4.41548659603,-1.46816872544,-0.843314462343,-0.0479243032243,0.116504051364,-0.909521384814,0.396107204859,497
1,1445361727,712000000,4.32497346526,-2.07309656667,-0.479460116624,-0.0487697462635,0.115154223768,-0.909591703847,0.396237238143,624
1,1445361729,134000000,4.25563078954,-2.00012229765,-0.426982236031,-0.049712824263,0.113224342154,-0.910132380293,0.395433855139,740
1,1445361730,234000000,4.42859908231,-0.300512495175,-0.284814495829,-0.0526628352278,0.0967790206776,-0.913103668384,0.392558451349,836
1,1445361736,162000000,4.24854391305,-0.255238743359,-0.611234586015,-0.045671848789,0.102176746728,-0.912822616173,0.392719831509,1366
