0,1445364801,283000000,0.0,0.0,0.0,-0.0797399667325,-0.0797399667325,0.702596283584,0.702596283584,0
1,1445364806,232000000,2.9209790771,-1.93245733284,-0.761840954532,-0.104051891842,0.110804348839,-0.904537238796,0.398381706048,1
1,1445364807,384000000,2.89960954634,-1.95095638724,-0.768729666148,-0.103461102134,0.109015551442,-0.903815815775,0.400659931918,90
1,1445364808,157000000,3.65553445634,-1.32599161773,-0.95702180852,-0.0992149836568,0.107254932073,-0.904758469061,0.400081090814,167
1,1445364809,854000000,3.38095613058,-1.60350246891,-0.743469852414,-0.0996368456896,0.107252149747,-0.904689946575,0.400131948139,321
1,1445364811,638000000,3.97685406035,-1.41023169473,-0.868895169462,-0.0991234606052,0.106764476928,-0.905051211504,0.399572509788,477
1,1445364812,960000000,3.92446081278,-1.26115616618,-0.82757717007,-0.0985209630992,0.108476153295,-0.905638701408,0.397925981193,595
1,1445364814,549000000,3.90483777619,-1.23067672549,-0.836817714061,-0.0981978791405,0.111582957492,-0.907493447964,0.392889376328,743
1,1445364815,280000000,3.90689314441,-1.12464472134,-0.777541725776,-0.0936531194231,0.112313849952,-0.909076893149,0.390120359214,812
1,1445364816,449000000,3.82327661868,-0.965391839783,-0.640236967804,-0.0924934703965,0.112209449943,-0.909874644581,0.388564188296,912
1,1445364818,360000000,3.64271241917,-0.749078713668,-0.764678686676,-0.0623323134176,0.112387413078,-0.917242894391,0.377026822356,1086
1,1445364819,350000000,3.56169561499,-1.1163406459,-0.642067566286,-0.0632785169986,0.11225000273,-0.916535099333,0.378628020442,1175
1,1445364820,374000000,3.53046329729,-0.849312678246,-0.638799120086,-0.0515818663209,0.109657409308,-0.92073342719,0.370896912505,1267
1,1445364820,947000000,3.90524441127,-1.03357211859,-0.723806987359,-0.0494001873669,0.106679736632,-0.922160394376,0.368509514564,1320
1,1445364821,870000000,3.71835618547,-0.961643005699,-0.767277413484,-0.0472838927448,0.108457564076,-0.922458150832,0.36752163235,1392
1,1445364822,541000000,3.55307261701,-0.818672579694,-0.689130706018,-0.04773670577,0.107908345177,-0.920836839731,0.371667204038,1450
1,1445364823,443000000,3.41490545356,-1.34814031444,-0.257433054689,-0.047579780665,0.102826603778,-0.922271481753,0.369564835952,1528
1,1445364824,49000000,3.42945077963,-1.50702841531,-0.335898831655,-0.0475188688771,0.103585899077,-0.922084611704,0.36982683444,1580
1,1445364825,657000000,3.5409884826,-1.57342024723,-0.353976202121,-0.0478278187278,0.103810300585,-0.921318668793,0.371628620778,1700
1,1445364826,553000000,3.41730842973,-1.57151653399,-0.638439609421,-0.0476896875989,0.105511683072,-0.920537538685,0.373100011128,1786
1,1445364827,446000000,3.32219827296,-1.14988720733,-0.619899606136,-0.0477691855935,0.105718615709,-0.920467900446,0.373203059271,1865
1,1445364828,934000000,3.60264241757,-0.656861524448,-0.43210053408,-0.0460073101458,0.105371130941,-0.920416744135,0.373648590649,1965
1,1445364830,945000000,3.47057853661,-0.984302076199,-0.472727161951,-0.0448633390787,0.10476761377,-0.919642040118,0.375858412117,2092
1,1445364832,689000000,3.79252537467,-0.917106687089,-0.634238376524,-0.0412736918375,0.114354873012,-0.915657113556,0.38313378313,2236
1,1445364838,354000000,3.70439552659,-0.59568462826,-0.670218952591,-0.0505592796729,0.10586720143,-0.913802095764,0.388846531009,2725
1,1445364840,371000000,3.78894824679,-0.456825137114,-0.655836756445,-0.0506351474885,0.112195089436,-0.912440293959,0.390257676036,2898
