1,1445362094,621000000,3.03423766051,-0.628147163994,-0.441985146568,-0.0526799046754,0.104257063576,-0.867701644563,0.483165756611,0
1,1445362097,909000000,2.96712999137,-0.628901102861,-0.552965342947,-0.057253736543,0.101194677572,-0.873027944294,0.473607279678,280
1,1445362098,802000000,3.06727296132,-0.731775629753,-0.489701533,-0.0557735035337,0.107076703982,-0.872940811706,0.472650224824,354
1,1445362099,99000000,3.08228210644,-0.716302107569,-0.494230008657,-0.0575829718508,0.101395815873,-0.877044448046,0.46604305169,381
1,1445362100,110000000,3.07200508461,-0.677826669756,-0.538775325985,-0.0579735291187,0.104475279619,-0.877249484846,0.464927227862,474
1,1445362103,142000000,3.21397675838,-0.978442311938,-0.627532766668,-0.0587794243845,0.10189678223,-0.877786482019,0.464384449595,736
1,1445362103,995000000,3.24877205065,-0.968244903485,-0.614342697882,-0.0585463465471,0.101234851669,-0.879630908716,0.461056715108,819
1,1445362105,594000000,3.22093667928,-0.969593847482,-0.718675433686,-0.0587200287642,0.101093349117,-0.879903286722,0.460545653549,954
1,1445362106,514000000,3.81769812762,-1.09057247289,-0.726797327607,-0.0590773550672,0.10142891025,-0.880641976767,0.459011711223,1029
1,1445362107,89000000,3.36678929827,-0.839479798433,-0.644319080835,-0.060301527169,0.100689546084,-0.886534320102,0.447529038623,1070
1,1445362108,607000000,3.47474360327,-0.806435096979,-0.660564743461,-0.0594868563022,0.100152755845,-0.887881121597,0.445081850154,1224
1,1445362110,310000000,3.51065094184,-0.766572293571,-0.535552720248,-0.0560449758734,0.0976412087555,-0.889934052397,0.441975720393,1371
1,1445362112,318000000,3.46077181409,-0.707531273974,-0.38227318012,-0.0584482560621,0.0977077981834,-0.88880926892,0.443908854405,1548
1,1445362113,807000000,3.6276112897,-0.42853612738,-0.380720268383,-0.0564937019831,0.0979178125885,-0.882318386396,0.456875068965,1682
1,1445362115,382000000,3.62958885883,-0.45511821129,-0.612831826647,-0.0530456158713,0.100589308691,-0.879918902975,0.461314077177,1824
1,1445362116,896000000,3.95418052729,-0.524530069764,-0.277454798878,-0.0608737623049,0.104016958867,-0.879839262816,0.45973658647,1960
1,1445362122,240000000,4.18205539557,-0.639429778806,-0.403384906818,-0.0631192152134,0.110187224581,-0.878467642816,0.460618432908,2425
