0.091862476476,-0.108546857119,0.0833219580042,0.0196453478283,-0.666111112759,0.161310201079,0.72793479433,0
0.0918304506037,-0.108567694003,0.0829621721724,0.0138701902263,-0.669370415586,0.167902035854,0.723574302278,1
0.0918715795309,-0.108599107785,0.0831433590382,0.0185115726353,-0.667017390686,0.162727694611,0.726818285136,2
0.0918470379107,-0.108584429936,0.0830935889105,0.0165649534241,-0.668307845747,0.164617753839,0.725252522058,3
0.0918218448371,-0.108483275445,0.0828427783206,0.0122277038701,-0.67085433221,0.170115374399,0.721710265692,4
0.0917845253435,-0.108594689066,0.0831178291736,0.0169792684474,-0.668573927649,0.164690673484,0.724981096152,5
0.0917215474101,-0.108581056835,0.0831645780945,0.0185490675359,-0.666796789192,0.162231876157,0.727130519491,6
0.0918244101692,-0.108585673941,0.0834163997698,0.0227394788991,-0.664798249583,0.157775575492,0.729817149175,7
0.091791646003,-0.108643161172,0.0830999652364,0.0152424916599,-0.668047786523,0.166807335712,0.725020781856,8
0.0917623415673,-0.108769377233,0.0833058953623,0.0204218057494,-0.665434258793,0.162194249458,0.728335926971,9
0.0918178769835,-0.108476368589,0.0831904981724,0.0182493600291,-0.666582676395,0.163172239467,0.727124003631,10
0.0917982003811,-0.10850231315,0.0830115990287,0.0161096275591,-0.668992717755,0.166311197522,0.724244302062,11
0.0916964520733,-0.108559543579,0.0831343368314,0.0205373590981,-0.666060664638,0.160920084814,0.728042673342,12
0.0916088395786,-0.108713137713,0.0831117454547,0.0164272114501,-0.669357925128,0.165822642316,0.724011716816,13
0.0918702409519,-0.108612533757,0.083577516575,0.0267806935221,-0.661600187882,0.152458213606,0.733705989449,14
0.091751348441,-0.108706166765,0.083150454533,0.0156299553456,-0.668262846851,0.166761504646,0.724824856488,15
0.0917654558391,-0.108657400428,0.0831252304839,0.0146507689555,-0.668331973818,0.167080044558,0.724708207799,16
0.0917394863659,-0.108556334534,0.0830282488882,0.0146406618104,-0.667950987159,0.16695743746,0.725087818027,17
0.0918030662384,-0.108529774295,0.0832299351439,0.0196391126329,-0.665623179351,0.160870597553,0.728478372506,18
0.0918019847854,-0.108512574529,0.0832382090398,0.0191208695567,-0.666287208979,0.161122389202,0.727829185452,19
0.0916140695293,-0.108540036091,0.082922748982,0.0141874348878,-0.669872784413,0.168601969984,0.722940208532,20
0.0916172082044,-0.1086364026,0.0830927129694,0.0168312791333,-0.669381664561,0.16546805961,0.724061610943,21
0.0918225494073,-0.108709981728,0.0832493954233,0.0194399589441,-0.666864116827,0.160951828922,0.727329943321,22
0.0918109275698,-0.108627421456,0.0831906440868,0.0208514038446,-0.664861781222,0.159724641445,0.729391575042,23
0.0917901094111,-0.10856291477,0.0832592702216,0.0212141633578,-0.664460731961,0.159302708615,0.729838709567,24
0.0917801023417,-0.108647730693,0.0831099906895,0.0166708435901,-0.667824897708,0.165311933049,0.725537010611,25
0.0918269966253,-0.108540482645,0.0833137593573,0.0187427871675,-0.666920904159,0.161890796269,0.727087742716,26
0.0916359649943,-0.108523691806,0.0829780319614,0.0159257989059,-0.668398617629,0.165980123195,0.724872578862,27
0.0918116401606,-0.108579126369,0.0832918657498,0.0213397631377,-0.665254301583,0.15839819351,0.729308810468,28
0.091716478876,-0.108720994158,0.0829993300406,0.014951935086,-0.669079480027,0.167025016009,0.724024677115,29
0.0917739512475,-0.108662781839,0.0829719516715,0.0135544627125,-0.669663447765,0.168544399532,0.723159684063,30
0.0918370701434,-0.108596592692,0.0830971967258,0.0153197940506,-0.669664759591,0.168236476961,0.723194926346,31
0.0918798568012,-0.108678213481,0.0831876096695,0.0158568689141,-0.668667315944,0.163942568496,0.725089935478,32
0.0917207523213,-0.10863649547,0.0831221486417,0.0178056276541,-0.667724514218,0.164630712577,0.725757301866,33
0.0917044261494,-0.108617534413,0.0830605159551,0.0160027470584,-0.668719125002,0.166520045721,0.724451322254,34
0.0918387769188,-0.108581201856,0.0831871501969,0.0185444368504,-0.6672299872,0.162160637017,0.726749045989,35
0.0918083029499,-0.108626547147,0.0829866099239,0.013858795397,-0.669972998046,0.167800242349,0.723040243934,36
0.0917859918252,-0.108639246897,0.0829108128801,0.0134410706188,-0.670337542596,0.169090155464,0.722409465561,37
0.0917536131574,-0.108626838612,0.0829632809426,0.0139743330917,-0.669588533189,0.167803666274,0.723393284336,38
0.0917660467898,-0.10859236307,0.0830827642726,0.0160989168318,-0.667759848967,0.16518416563,0.725638891192,39
0.0919012974921,-0.108771505196,0.0833125369951,0.0181198944165,-0.667441342589,0.163175290051,0.726338453027,40
0.0918404621726,-0.108614055978,0.0831639153789,0.0178943681446,-0.667860159706,0.163619397904,0.725859002352,41
0.0918336775815,-0.108580544587,0.082938147025,0.0158576236761,-0.669235271666,0.166422494264,0.724000165976,42
0.09172619936,-0.108652640848,0.0830587538464,0.0155631842232,-0.668528613081,0.165788512211,0.724804421901,43
0.0918243762107,-0.108582806128,0.0828952787147,0.0114965812137,-0.670682043175,0.171199158272,0.721626131588,44
0.0918520278519,-0.108605023679,0.0833533761027,0.0181232664593,-0.666964214456,0.162194185078,0.726996100523,45
0.0917443063529,-0.108755415131,0.0831444666377,0.0136610875061,-0.669932515824,0.169277103435,0.722737200636,46
0.0918233445174,-0.108731512512,0.08315640471,0.0150705415663,-0.669546637571,0.167599127745,0.723457470259,47
0.0918929345311,-0.108640624935,0.0831570605466,0.0159338114631,-0.668526720151,0.163788860171,0.725252609358,48
0.0917587766484,-0.108544580089,0.0828664856152,0.0142778804475,-0.669700976911,0.168481488354,0.723125668011,49
0.0917789318117,-0.108532682476,0.0830095546739,0.0167930313963,-0.668346864377,0.164969823261,0.725131312513,50
0.0918008127494,-0.108580194424,0.0830669796449,0.016137857335,-0.668632281638,0.165702742679,0.724715835746,51
0.0918186113605,-0.10855867467,0.0831218890145,0.0168055241884,-0.668539640793,0.165699312,0.724786907337,52
0.0917772821187,-0.108636339613,0.0828350990658,0.0107304668107,-0.671852041165,0.173515213172,0.719994557384,53
0.0918077818552,-0.108501063579,0.0831450257699,0.0178961014761,-0.667576448898,0.163448009585,0.72615849688,54
0.0919282143661,-0.108653042925,0.0831896483964,0.0159513026386,-0.668462575627,0.163669648013,0.725338257125,55
0.0917956219099,-0.108591979757,0.0828842428546,0.0122316664411,-0.670806327558,0.170038274239,0.721772985458,56
0.0917026261012,-0.108604590571,0.0830154482183,0.0146580681613,-0.66901603571,0.167139529144,0.724062885941,57
0.0917797662783,-0.108575590562,0.0830167554416,0.0147809315931,-0.669095552892,0.168283673279,0.723721818428,58
0.0918614137094,-0.108419740924,0.0831520610015,0.0185970276131,-0.667160620071,0.163035659907,0.726615600706,59
0.0918447919325,-0.108621747213,0.083241693565,0.0186851273346,-0.667615207254,0.16315365162,0.726169186225,60
0.0918146667293,-0.108713317205,0.0827954608947,0.00960822671077,-0.672777939372,0.173935325089,0.719043829652,61
0.0917876211831,-0.108665655527,0.0829775614891,0.0151735092191,-0.669812704393,0.166964827714,0.723355688413,62
0.091732650819,-0.108470761498,0.0832176123457,0.0215723841944,-0.664552325914,0.158175926281,0.729989873017,63
0.0917976352638,-0.108555849226,0.0831746233496,0.0181210270775,-0.667413972943,0.163220308218,0.72635345947,64
0.0917390676146,-0.108546887532,0.0831626006336,0.0166156315282,-0.667454962115,0.165768297521,0.725774528262,65
0.0917799304336,-0.108459320908,0.0833050000636,0.0180960113964,-0.666844648429,0.162948456282,0.726937789517,66
0.0917785923513,-0.108593689787,0.082920436856,0.0120148909182,-0.670619138291,0.17137825852,0.721633637146,67
0.0919446394676,-0.10867663318,0.0834255999691,0.0217514628499,-0.665385502534,0.157818154965,0.729302705908,68
0.0917930385013,-0.108590746654,0.0831733077203,0.0191313155386,-0.666843452019,0.161542169121,0.727226189614,69
0.0917592202822,-0.108635462454,0.0832204926293,0.0186811537546,-0.667289289473,0.163303078757,0.72643521605,70
0.0917862897331,-0.108622707694,0.0826788396803,0.00555360521679,-0.674878553629,0.178929014427,0.715885817095,71
0.0918166077765,-0.108595278783,0.0832241710656,0.0180948943671,-0.667229995938,0.163265528782,0.726512955445,72
0.0917975626983,-0.108591698303,0.082915796905,0.0128420276774,-0.669871877588,0.169181844047,0.722830722636,73
0.0917968426098,-0.108607393809,0.0828595556696,0.012015147139,-0.670517906425,0.170100708184,0.722029862594,74
0.0918643459598,-0.108485640041,0.0831568092256,0.0190999814296,-0.667324299052,0.161952754082,0.726694417241,75
0.0918064592414,-0.108651489397,0.0828176775879,0.0103925295963,-0.671734284933,0.172001123418,0.720472525026,76
0.0917949301618,-0.10862622143,0.0829106726983,0.012153561395,-0.670803761469,0.170118585973,0.72175776494,77
0.0918230365447,-0.108644060524,0.0831629593601,0.0166047053795,-0.668510091691,0.1648277803,0.725017478347,78
0.0918500279354,-0.108601347395,0.083250115826,0.0198264923803,-0.665419174505,0.161168358977,0.728593846025,79
0.0917829250087,-0.108604215494,0.0831997570808,0.0173808176892,-0.667644421602,0.164336208562,0.725908013481,80
0.0917868360593,-0.108535802717,0.082940637757,0.0138467723118,-0.66910883551,0.16840187456,0.723700519403,81
0.0918645711265,-0.108540799053,0.0834325361401,0.023345995928,-0.663142187471,0.15487894584,0.731922069489,82
0.0918943471247,-0.108398894519,0.0835676813052,0.0282051786023,-0.660906731452,0.151020135767,0.734574488268,83
0.091791048429,-0.108571621885,0.0834153077504,0.0256594134952,-0.662435306769,0.153433791343,0.732788598792,84
0.0918598211908,-0.108515612796,0.0831693873258,0.017464277771,-0.667372407927,0.163830654238,0.726270324928,85
0.0918551073846,-0.108489118883,0.0831879488899,0.0163162825119,-0.667691992755,0.165149047538,0.725704467282,86
0.0919209010583,-0.108668945489,0.083097280069,0.0207066231207,-0.668065509037,0.16195609784,0.72596827325,87
0.0918001201119,-0.108508024291,0.0833209089302,0.022076623612,-0.663935354794,0.158173205734,0.73053658658,88
0.0918141414126,-0.108648101701,0.0828872753229,0.0129601169096,-0.670782645822,0.169525263888,0.721902945234,89
0.0917762851368,-0.108595964095,0.083094816747,0.0196800919428,-0.666841841462,0.16139757363,0.727245127644,90
0.0918227697483,-0.108619115517,0.0829634251165,0.0162459043932,-0.668226246532,0.165056917766,0.725235112176,91
0.0918615770252,-0.108559124992,0.0830448815375,0.0152385347517,-0.669018314512,0.166004975251,0.724309761151,92
0.0917972307177,-0.108648042087,0.0831206096321,0.0155575828141,-0.668536034203,0.165625951968,0.724834861623,93
0.0917880898057,-0.108598421188,0.0832950873802,0.0183634051867,-0.666473352084,0.162423368419,0.727388964518,94
0.0917299939912,-0.108569211084,0.0830402686706,0.0147159747831,-0.668238769307,0.167742622317,0.724639772535,95
0.0918225076157,-0.108572077109,0.083280976649,0.0198650561245,-0.665997717922,0.160632971871,0.728182303833,96
0.0917472841448,-0.108495510077,0.0833866880006,0.0238720668102,-0.662656125162,0.156004365511,0.732106291568,97
0.0917812949343,-0.108646311931,0.0832172999564,0.019131386103,-0.667050586399,0.161847259904,0.726968341617,98
0.091798356695,-0.108720557072,0.0831237355607,0.0154196536494,-0.669311405144,0.166132719297,0.724005798875,99
0.0917831793566,-0.108695441442,0.082994133031,0.0136127820986,-0.669478027791,0.16871271344,0.723291008372,100
0.0917653910079,-0.108568288998,0.0829443051158,0.0134593457927,-0.669338873213,0.168900271278,0.723378889089,101
0.0918186698983,-0.108544326394,0.082932090207,0.0131717596634,-0.670689313577,0.169323366178,0.722033203577,102
0.0918292205418,-0.108577098264,0.0829509841005,0.013109683095,-0.670703633754,0.169288218837,0.722029272842,103
0.0918232770465,-0.10867951113,0.0831550036653,0.0175308061894,-0.668097324728,0.163373335256,0.725705028819,104
0.0917638728207,-0.108617080674,0.0831786548942,0.0190544444122,-0.665763242903,0.161278072134,0.728275782926,105
0.091780573989,-0.108578284923,0.0831801441497,0.0171386870879,-0.667568894346,0.164152275781,0.72602483915,106
0.0917605123343,-0.108542137191,0.083298813053,0.0205966798323,-0.664749033141,0.160084262181,0.729422736634,107
0.0918313004189,-0.108701021923,0.0832716572766,0.02055042041,-0.666555694431,0.162521411337,0.72723309695,108
0.091905516808,-0.108516631635,0.0830607062824,0.0147466844633,-0.669172940646,0.165940177318,0.724191941654,109
0.091839595705,-0.108439171364,0.0829276156409,0.0146788913657,-0.669647216728,0.167737193839,0.72334042406,110
0.091988871332,-0.108598974343,0.083216289392,0.0180166644038,-0.667960513847,0.16075920386,0.726402526234,111
0.091806746335,-0.108612365221,0.0828673603016,0.0137806296441,-0.670019219716,0.16845013449,0.722847765196,112
0.0917383568395,-0.108648067508,0.082938320067,0.0131219054585,-0.669649582915,0.169074487762,0.72305675385,113
0.0917617342279,-0.108609705612,0.0833038575293,0.0193144483866,-0.666068239023,0.161539803152,0.727931964572,114
0.0917982956101,-0.108647371075,0.083365497548,0.0212195300995,-0.665372782563,0.159862939149,0.728884512425,115
0.0918069440798,-0.108578979245,0.0829223661474,0.0139243246129,-0.669677135414,0.167415354887,0.723402202399,116
0.0919069315547,-0.108562553175,0.0830768897533,0.0178160020132,-0.668215536356,0.163299309116,0.725605900394,117
0.0919051495132,-0.108564158955,0.0830349537781,0.0165364594097,-0.668629520284,0.164807236129,0.724913570734,118
0.0917483258293,-0.108518679272,0.0831273497392,0.0190897661941,-0.665541059664,0.161508820265,0.728426784038,119
0.0918735224751,-0.108430248675,0.0833446790508,0.0220577470133,-0.664154252281,0.157586945655,0.730464879055,120
0.0918885031492,-0.10847273705,0.0832777930597,0.0187343753507,-0.666600508495,0.162505397742,0.727244650004,121
0.0918527605023,-0.108520907014,0.0830461890988,0.013993407801,-0.669031982941,0.168784468274,0.723679620833,122
0.0918346239511,-0.108475851845,0.0833196943524,0.019266177792,-0.66580845584,0.161123876462,0.728263009468,123
0.0918433359353,-0.108568648163,0.0833246983912,0.0194704822478,-0.666058945216,0.16142950013,0.727960780747,124
0.0919034865511,-0.10857329806,0.0829800272981,0.0143116447937,-0.669136798569,0.168201638943,0.723712187462,125
0.0918105008752,-0.108584031197,0.0831333286483,0.0163434414024,-0.667996270438,0.164133884949,0.725654147935,126
0.0917920458991,-0.108546849758,0.0831866238173,0.0195822855598,-0.665701542658,0.160087130012,0.728580881577,127
0.0918151929378,-0.108507888364,0.0828941462638,0.0124557510549,-0.669922757514,0.169327524945,0.722756212375,128
0.0918614849069,-0.108487003935,0.0832418966954,0.0182472618157,-0.666897818918,0.162811853473,0.726915838957,129
0.0918384784849,-0.108592082703,0.0832279621145,0.0184055746793,-0.666981688709,0.162596952341,0.726882998038,130
0.0917632724443,-0.108623558441,0.0831800983173,0.0194534412596,-0.665788336382,0.161199586983,0.728259670665,131
0.0917509543836,-0.108659942488,0.0831212379862,0.0181510989143,-0.667877060843,0.163232684241,0.725924142045,132
0.0917628083828,-0.108629999054,0.0829330891003,0.0143363140455,-0.66960445195,0.167991155379,0.723327947575,133
0.0917249009261,-0.108572178598,0.0832266390539,0.0203271796012,-0.665068636209,0.160296200551,0.729092341881,134
0.0917906729079,-0.108554662668,0.083279199952,0.0193090024552,-0.665955587292,0.161128098291,0.728126399824,135
0.0917584235641,-0.108533695854,0.0829941298744,0.0140649288879,-0.669025885464,0.168554498552,0.723737468542,136
0.0918236083964,-0.108586283508,0.0832331556418,0.0190737704519,-0.666569126546,0.161595074372,0.727467403225,137
0.0917008232128,-0.108561027417,0.082977399746,0.0143621407202,-0.668750599012,0.167768663464,0.724168516848,138
0.0918815290359,-0.108577241082,0.083109486577,0.0169519570333,-0.668033670054,0.164596858341,0.725500875982,139
0.0918365368116,-0.108675462551,0.0831599265366,0.0190162032858,-0.667651067198,0.162539130588,0.726265424972,140
0.0917520280894,-0.108603554792,0.0830945298684,0.0181736898608,-0.666878687048,0.162664767248,0.726968161101,141
0.091795844753,-0.108601977676,0.0833714818716,0.0228966937975,-0.663985196924,0.156946407097,0.730730610402,142
0.0917645249349,-0.108584737285,0.0832983128638,0.0217850278836,-0.664371595497,0.159393432432,0.729883229945,143
0.0917823789728,-0.108548674692,0.0832770641654,0.0187887415869,-0.66638337225,0.162063723229,0.72754074387,144
0.0918417331977,-0.108607162754,0.083137851047,0.0169762204489,-0.667785342627,0.1636292055,0.725947675263,145
0.0918000857211,-0.108573513949,0.0828918609804,0.0142662919569,-0.669667557623,0.168268699787,0.723206388145,146
0.0917663756744,-0.108606101563,0.0832731378845,0.0231720765732,-0.664243502812,0.15740664332,0.730388097164,147
0.0918292530406,-0.108540012987,0.0831110689546,0.01965434216,-0.665823191252,0.161579528019,0.72813820182,148
0.0918391976037,-0.108600918926,0.0831645132511,0.0180363513356,-0.667270824505,0.163002715678,0.726535925799,149
0.0918337878049,-0.10862101487,0.0832364002623,0.0186111815966,-0.666601223268,0.162374596269,0.727276373564,150
0.0917449288089,-0.108546724231,0.0833883646515,0.0225333305159,-0.663817579804,0.158457553945,0.73056804841,151
0.0918830795789,-0.10862288842,0.0831687075194,0.0166028411694,-0.667718449158,0.164225055988,0.725883289039,152
0.0917947145599,-0.108557971711,0.0832293971758,0.0205469965579,-0.665087675102,0.160377738196,0.729050880564,153
0.0918195591316,-0.108597454386,0.0832166744692,0.0187985615809,-0.667039771693,0.162164051195,0.726916348394,154
0.0919315709465,-0.108554125705,0.0831628309235,0.016111631525,-0.668346021359,0.162745753075,0.725649936897,155
0.0918706965436,-0.10841511576,0.0831377084792,0.0193513089795,-0.666252836608,0.161641303007,0.727739495778,156
0.0918740091709,-0.108582874031,0.0832996693904,0.0218294005539,-0.665027568056,0.158472049579,0.729485037886,157
0.0918041600603,-0.108577528738,0.0829436292607,0.0133991031666,-0.6695417221,0.168854571196,0.72320293154,158
0.091849853986,-0.108677522382,0.0831921465479,0.0172805439438,-0.667834515774,0.164866697669,0.725615197154,159
0.0917533173577,-0.10855587731,0.0831836485226,0.0190719269247,-0.665856808836,0.162646649436,0.727885320059,160
0.09177598408,-0.10856459478,0.0831967497841,0.0206907053864,-0.665301443177,0.160478475895,0.728829570745,161
0.0919874923688,-0.108554157618,0.0832205375552,0.0175457595534,-0.66832347856,0.16148960808,0.725918026233,162
0.091826355795,-0.108572516845,0.0828227200125,0.0118731298035,-0.671206931834,0.170585322154,0.721277291554,163
0.0918823380999,-0.108574329036,0.0831536845561,0.0165761372108,-0.667915169405,0.163887856354,0.725779118392,164
0.0918240394242,-0.108591563577,0.082993844726,0.0139948328684,-0.669016193319,0.168028142385,0.723870168674,165
0.0918776672527,-0.108599058499,0.0833342956291,0.0193418066537,-0.665998432106,0.161955020762,0.727902846675,166
0.0917962122279,-0.108547863834,0.083025454946,0.014833292637,-0.667888740703,0.167681227338,0.724974212969,167
0.0917531279224,-0.108543730546,0.0829865485256,0.0141740720367,-0.668583216972,0.168442054155,0.724170457874,168
0.0918208311297,-0.10861357355,0.0831361767502,0.0172313803895,-0.66797453764,0.164969167793,0.725464175733,169
0.0917809025064,-0.108512036431,0.0831121056705,0.0192530711621,-0.666668498955,0.16188274533,0.727307643653,170
0.0919127138168,-0.108446688451,0.0833838747351,0.0240230592423,-0.663975241272,0.154112185243,0.731306506167,171
0.0918146838714,-0.108497864139,0.083222758402,0.0197090844596,-0.666208130934,0.160240398263,0.728080553944,172
0.0918655185968,-0.108597815227,0.0831863926722,0.0191492931872,-0.667118444862,0.161289960964,0.727029458542,173
0.0918598858266,-0.108612535861,0.0832191983441,0.0194565041094,-0.666989763237,0.161403702579,0.727114121014,174
0.0917751034475,-0.108578179281,0.0830056203839,0.0143008997158,-0.669222271976,0.16856279153,0.723549321242,175
0.0917946063132,-0.108565152621,0.0831311770665,0.0149275138037,-0.667618623005,0.166924467706,0.725395592507,176
0.0918142324204,-0.108609803889,0.0831966607304,0.0177700697568,-0.667006313409,0.163682614459,0.726632509744,177
0.0919308120373,-0.10853412766,0.0834331380854,0.0231493067707,-0.664128391956,0.154104172437,0.731197300755,178
0.0917874862294,-0.108611356545,0.0831498133735,0.0205816567733,-0.666062470719,0.160182536245,0.728202400151,179
0.0918321707988,-0.10862647222,0.0832002509064,0.0182590104268,-0.667907260984,0.162589533919,0.726037976088,180
0.0918137421938,-0.108610168147,0.0830009774907,0.0147533115373,-0.66899109022,0.168065660264,0.723869597956,181
0.0918658454402,-0.108747183186,0.0832048032462,0.0201447604795,-0.666735186074,0.163526050242,0.72685460112,182
0.0917783982873,-0.108720750202,0.0830250293653,0.0176898854967,-0.667996125995,0.167374713931,0.724882024018,183
0.0917600337182,-0.108633152475,0.0832412518975,0.0185364356242,-0.666241453367,0.162644498124,0.727547588546,184
0.091776104805,-0.108626788791,0.083008364463,0.0158418634153,-0.668473906833,0.166709028208,0.72463768268,185
0.0917541991174,-0.108637794662,0.0830035372288,0.0155057016515,-0.668815896156,0.166765289166,0.724316373276,186
0.0918009666305,-0.108595595089,0.0830564262545,0.0158748245987,-0.669312676334,0.165844541016,0.724060853422,187
0.0917645549126,-0.108667167719,0.0829338391812,0.0147388688727,-0.669590774259,0.167830209426,0.723369878814,188
0.0917864522015,-0.108617040843,0.0832137642399,0.0188151235869,-0.666801507054,0.161804448664,0.727214591237,189
0.0917611146711,-0.108646932367,0.0832808561165,0.018977988076,-0.666106457332,0.162088568305,0.727783841188,190
0.0918164979063,-0.10865380082,0.0831899843508,0.0191653819401,-0.667109043396,0.162563200403,0.726754028698,191
0.0917894938948,-0.108570506868,0.0830463545427,0.0155566613822,-0.668908682666,0.165822836026,0.724445961817,192
0.0918235952217,-0.108655078044,0.08326154029,0.0199775385864,-0.666644660562,0.159705925386,0.72779104961,193
0.091788548676,-0.108675857109,0.0829861953439,0.0140792591684,-0.669329782886,0.167097382229,0.723794087469,194
0.0917951291689,-0.10862540419,0.0832004518184,0.0177721614021,-0.667249284365,0.162773877451,0.726613520115,195
0.0917851246654,-0.108638685074,0.0832369124166,0.0171697636201,-0.66736498148,0.163456415898,0.726368488312,196
0.0917004711795,-0.108595803376,0.0833759068419,0.0216773950182,-0.664011114022,0.159186612107,0.730259511082,197
0.0917851151576,-0.108621589376,0.0831983242058,0.017730743791,-0.667667343815,0.164289393118,0.725889064552,198
0.0917608868676,-0.108671056009,0.0829522960487,0.0143074266699,-0.669458343931,0.169177280616,0.723187300086,199
0.0918315248676,-0.108649492108,0.0832182718289,0.0190201172225,-0.667094016363,0.161876020803,0.726925004635,200
0.0918290172818,-0.108600442649,0.0830590799637,0.0159183188237,-0.669118121834,0.165654751358,0.724283128004,201
0.0917997481066,-0.108629208934,0.0831894341597,0.019092683493,-0.667601749125,0.16196512789,0.726436969977,202
0.0917763126909,-0.108629286008,0.0832360572597,0.0197568124566,-0.667047195392,0.161260103343,0.727085198963,203
0.0917296693268,-0.108630715306,0.0831030739558,0.0180337435286,-0.667144898834,0.16337940489,0.72656702245,204
0.0917540483992,-0.10875477323,0.0830900456421,0.0174469869502,-0.667920744382,0.166024056996,0.725267877662,205
0.0917033213962,-0.108630526407,0.0830190867718,0.0139828771108,-0.668626256882,0.168440789388,0.724134730714,206
0.0917729094994,-0.108599384196,0.0830753497414,0.0158083962376,-0.66810088955,0.166527195693,0.725024130002,207
0.0918837297398,-0.108547326454,0.0833444949666,0.0210298278022,-0.666104644576,0.158963265987,0.728418168968,208
0.0917824365727,-0.108595682834,0.0829641383328,0.0156885921038,-0.669024897138,0.16635645629,0.724213424715,209
0.0918231830978,-0.108631087056,0.083196681771,0.0208068524635,-0.66576265903,0.159762172465,0.728562423531,210
0.0917907570778,-0.108619770656,0.0830884331819,0.0182186885975,-0.666631574246,0.163233198258,0.727066260111,211
0.091773764316,-0.108810149578,0.0831341338663,0.0187469028079,-0.667813784607,0.165102504248,0.725544254898,212
0.0917762352147,-0.108675474736,0.0831464764911,0.0165245324353,-0.668170112334,0.165470177127,0.725186363146,213
0.0918266966017,-0.108582009736,0.0833010899451,0.0193585720657,-0.666370155372,0.161544961661,0.727653273942,214
0.0918863967453,-0.108526067817,0.0833789743711,0.0205908534644,-0.665783705195,0.159329759603,0.728644016207,215
0.0918229863205,-0.108529548034,0.0831114704775,0.0171232041145,-0.66801030201,0.164185399987,0.725611594946,216
0.0918218131091,-0.108545973162,0.0831301138622,0.018013015271,-0.667540917856,0.162215913639,0.726464487522,217
0.0918193780118,-0.108571878921,0.083065544536,0.0172938342623,-0.668155961711,0.163532373375,0.725620904457,218
0.0918186625878,-0.108664175821,0.0827937510528,0.0089928471606,-0.672491286532,0.174257248093,0.71924196883,219
0.0918215796131,-0.108582979984,0.0831790466375,0.0163427116928,-0.668070974242,0.165534325041,0.725267175862,220
0.0918298003237,-0.108563776238,0.0831000421145,0.0157532134194,-0.667937573164,0.166016969353,0.725292768825,221
0.0918717904478,-0.108557865212,0.0832949550854,0.0209419086879,-0.666088388563,0.159629293577,0.728289903619,222
0.0917964623344,-0.108520626351,0.082990432297,0.0171836073979,-0.667767638076,0.164018819984,0.725871153763,223
0.0918470448252,-0.10854719378,0.0832323113545,0.0209292525218,-0.665197963019,0.159154743075,0.72920738075,224
0.0917886554872,-0.108595186608,0.0828738203791,0.0131254824152,-0.669857324589,0.169837382419,0.7226853741,225
0.0918188020921,-0.108566412255,0.0833070236027,0.0189388772096,-0.665951004508,0.16140438211,0.7280791193,226
0.0918408402583,-0.108552543182,0.0833415148301,0.019225715057,-0.666016117499,0.161579061846,0.727973289267,227
0.0918017561941,-0.10865366013,0.0829133548056,0.0115255043878,-0.670602829473,0.171546517803,0.72161679587,228
0.0918196593156,-0.108578448435,0.0833109488138,0.0192832330596,-0.66651896099,0.161805318765,0.727461112626,229
0.0917240819163,-0.108590486683,0.0830129729976,0.0153685891599,-0.668555969723,0.165562702418,0.724834955961,230
0.0918283386508,-0.108574554178,0.0831979492046,0.0194923071363,-0.666785950366,0.160303548094,0.72754334498,231
0.0918338465112,-0.108600760899,0.0831462447503,0.0195387328813,-0.666936136058,0.161015751502,0.727247108008,232
0.0918362248119,-0.108530249752,0.0831456292884,0.0212743992848,-0.665096709904,0.160027171696,0.729098807247,233
0.0917952601555,-0.108576488345,0.0830842023274,0.0168494253299,-0.667751801051,0.164511764885,0.725781997761,234
0.0917516004131,-0.108554321678,0.0830036037246,0.013595380085,-0.66914948505,0.168981255675,0.72353263059,235
0.0917296834357,-0.10861946168,0.082959457868,0.013237059724,-0.669199305766,0.169339186934,0.723409503104,236
0.0917099806558,-0.108655308033,0.0829291830397,0.0141498278291,-0.669322466607,0.168544357225,0.723463902151,237
0.0917974155992,-0.108628765979,0.0831911770162,0.0189862700472,-0.66712795781,0.161686849063,0.726936842028,238
0.0917421050773,-0.108642128565,0.0831670491022,0.0203921936196,-0.666068971562,0.16084089135,0.728056653861,239
0.0916818154022,-0.108682913621,0.083275015053,0.0215843302861,-0.664918408141,0.159410448824,0.729387370337,240
0.0917293248546,-0.108658392495,0.0832630584764,0.0207418595711,-0.665131144846,0.160749480885,0.728923823052,241
0.0917218229587,-0.108631194702,0.0833069685385,0.0206555688975,-0.665052891962,0.160924944484,0.728958956739,242
0.0918287811809,-0.108606317058,0.0834236704527,0.0222799118426,-0.665075813931,0.158182630908,0.729490248414,243
0.0916584135171,-0.10875012982,0.0828191893351,0.0132329530304,-0.670450576086,0.170171400098,0.722054436015,244
0.0917906316607,-0.108643685537,0.0831238706636,0.0182756387173,-0.668100484264,0.163126889303,0.725739183138,245
0.0917162079892,-0.108619230627,0.0828297689617,0.0134144199151,-0.670184527302,0.169108714642,0.722547573061,246
0.091741218651,-0.108558978127,0.083108177041,0.0203705881399,-0.665911803949,0.161423418882,0.728072103803,247
0.091744122693,-0.10865432958,0.0832328541449,0.019657011576,-0.666367687047,0.161997488912,0.727546920234,248
0.0917340649385,-0.10865811993,0.0829629779144,0.01136404848,-0.670785441475,0.171193687453,0.721533416609,249
0.091751571342,-0.108578780002,0.0834100979101,0.0208913254376,-0.665277358243,0.159824958955,0.728989418048,250
0.091746802029,-0.108606134212,0.083040815578,0.0153589345237,-0.668655784913,0.16756069862,0.724283754278,251
0.0918465482131,-0.108653843499,0.0832365323769,0.0195753575906,-0.666526801517,0.16128564241,0.727561523026,252
0.0918343589339,-0.108689102235,0.0829206645254,0.0153659180002,-0.66990752074,0.166038727748,0.72347698174,253
0.0918523012086,-0.108388412755,0.0832635961578,0.0243174723111,-0.663476690834,0.155805659207,0.731390414088,254
0.0917468789802,-0.108577268314,0.0832258209499,0.0219048672526,-0.665095121124,0.158470979285,0.729421418229,255
0.0917868702329,-0.108641043674,0.0833168945889,0.0200299435291,-0.666091029333,0.16088762519,0.728036203815,256
0.0917016461247,-0.108502436698,0.0833660174822,0.0209303597846,-0.664192995203,0.159512345543,0.730044790943,257
0.0917915638854,-0.108596987761,0.0832892747274,0.0189299365334,-0.666798497873,0.161939243174,0.72718436607,258
0.0916652782777,-0.108667865715,0.0831197051707,0.0183201535003,-0.666633127458,0.163060598632,0.727101015352,259
0.091731728207,-0.108641585944,0.0831488738497,0.018576484464,-0.666479488064,0.162608901059,0.727336477506,260
0.0917853685268,-0.108502331549,0.0834282063155,0.0245389432888,-0.664787250134,0.156228151486,0.73010171689,261
0.0918145910749,-0.108478864264,0.0835104571634,0.0270087669359,-0.662608468362,0.152534253311,0.732771346144,262
0.0918502422123,-0.108454606037,0.0831607746786,0.0208506940473,-0.665569973412,0.160531459,0.728568122911,263
0.091824620225,-0.108621802317,0.0833232006943,0.0206594881805,-0.665993817659,0.159896178259,0.728325910954,264
0.0916980199926,-0.108655852656,0.0829425023269,0.0139050196994,-0.670134210956,0.169777491405,0.72242812317,265
0.0917792003502,-0.108568850627,0.0832172786183,0.0185849241464,-0.667121371213,0.162707155436,0.726725572851,266
0.0917022876951,-0.108669360545,0.0828815032862,0.013158470977,-0.670171232859,0.169838382623,0.722393450329,267
0.0917507213731,-0.108623313776,0.0830607508774,0.0166449039928,-0.667941214119,0.164617921981,0.725588327784,268
0.0917978191343,-0.108587843619,0.083100911711,0.0185753710841,-0.667544563573,0.162742281282,0.72632923741,269
0.0918439942059,-0.108600455349,0.0833151969985,0.0204747134632,-0.666105412328,0.159629572715,0.728287556732,270
0.0917868239733,-0.10866808009,0.0829896849631,0.0144792091246,-0.669567444338,0.168398994221,0.723264521963,271
0.0918260621212,-0.108633387774,0.0832748851168,0.0195293380009,-0.666375896418,0.161450627549,0.727664390014,272
0.0917978143077,-0.108649999908,0.0831855177162,0.0181985975744,-0.667280893678,0.162959779421,0.72653226375,273
0.09174794844,-0.108608085213,0.0831314279286,0.0189498427588,-0.666164833842,0.162986173237,0.727530635056,274
0.0917447808788,-0.108646250799,0.0831280114679,0.0175357021275,-0.667319073686,0.164210203545,0.726231892785,275
0.0917383754239,-0.108679306087,0.082865917339,0.0118657471116,-0.670897292605,0.1712665534,0.721404043867,276
0.0917753962691,-0.108702935212,0.0831165254596,0.0167243747045,-0.668788767467,0.165964951623,0.724498112235,277
0.0917461140814,-0.108612051193,0.0832672208746,0.0202569144338,-0.665432889518,0.159823343401,0.728865711821,278
0.0917646211822,-0.108634093778,0.0833576242372,0.0221070241201,-0.664566312547,0.158256252376,0.72994373365,279
0.091843360993,-0.108655308731,0.0832790680853,0.0197156027571,-0.666583894415,0.161053717687,0.727556806533,280
0.0917511168379,-0.108612139281,0.0829444574202,0.0138968404633,-0.669395214899,0.168850964162,0.723329991081,281
0.0917817093277,-0.108592550401,0.0830885821543,0.0162745082003,-0.668032418221,0.164822675697,0.725466273623,282
0.0917405280363,-0.10859518195,0.0829574904277,0.0134593321744,-0.669401004746,0.168855991448,0.723331732592,283
0.091927633977,-0.108479586409,0.0836022529966,0.0261525363746,-0.662459340716,0.151227470651,0.733207964264,284
0.0918433920223,-0.108628639477,0.0832217064704,0.0189441178382,-0.667416581176,0.161517564691,0.726710605308,285
0.0918855991244,-0.108576600719,0.0832806400017,0.0187311511235,-0.666501577563,0.16074232132,0.727727076052,286
0.0918277134665,-0.108566411103,0.0831748374719,0.0180793830141,-0.667225653479,0.162815090778,0.726618407051,287
0.0917863565757,-0.108589315298,0.0831595923427,0.0175186611672,-0.667376787998,0.164917293107,0.726019012,288
0.091765057989,-0.108596770115,0.0830823864121,0.0157649452705,-0.667973104882,0.165769351862,0.72531642725,289
0.0917829644982,-0.108545466029,0.0831169298241,0.0174716836085,-0.667281426384,0.163637756542,0.72639722116,290
0.0918566096243,-0.108460479409,0.0833003965844,0.0207906939247,-0.66652082801,0.160144973052,0.727785215899,291
0.0917369206116,-0.108697195631,0.0828103521652,0.0122874785488,-0.670980878741,0.170952932456,0.721393632575,292
0.0919120412836,-0.108669575224,0.0833203436364,0.020418916654,-0.666657483235,0.16032366144,0.727631219418,293
0.0917266689862,-0.108622268626,0.0831027172599,0.0193555063775,-0.666253654324,0.161395979954,0.727793081946,294
0.0917582651478,-0.108655848601,0.0831192333047,0.0177652868801,-0.667718253795,0.163833496193,0.725944428766,295
0.0917317251651,-0.108665753262,0.0831212381379,0.0170436647511,-0.667783748617,0.164734627495,0.725697513485,296
0.0917517470254,-0.108597269579,0.0831610677644,0.0160453715094,-0.6679546427,0.165601910839,0.725365527493,297
0.0917968354268,-0.108573847765,0.08318101132,0.0167857817452,-0.667590224828,0.164349844095,0.72596877205,298
0.0917780836726,-0.108604849493,0.083045819772,0.0158209363777,-0.668385416122,0.166381302127,0.724795071582,299
0.0918505314904,-0.108610310132,0.083071830352,0.0158717976198,-0.669042637993,0.165653553004,0.724354150236,300
0.0918156322171,-0.108643658767,0.0831513945145,0.0185082761976,-0.667553024468,0.162703804529,0.726331794174,301
0.0917776257383,-0.108623846577,0.0830511912847,0.0153307553644,-0.668690550326,0.166773510154,0.724433925321,302
0.0917674583075,-0.108641673715,0.0831218563024,0.0166119644625,-0.667721588693,0.165460781956,0.72559951231,303
0.0917747372219,-0.108550580889,0.0831720192608,0.0192408361437,-0.665741278538,0.162964553182,0.727915444734,304
0.091778993591,-0.108505023297,0.0832011497469,0.0197560803825,-0.665408844803,0.161773149941,0.728471148711,305
0.0918016710153,-0.108592638718,0.0832138364495,0.0188457349631,-0.666899367155,0.161275392836,0.727241582988,306
0.0918645962853,-0.108554595844,0.0831650054626,0.0180548212101,-0.66784811898,0.162807435387,0.726048657039,307
0.0918498733036,-0.108516323401,0.0834855083035,0.0274846801022,-0.661152747619,0.151987416645,0.734180810058,308
0.0917441802859,-0.10857572906,0.0834139584449,0.0267640153325,-0.661377716711,0.153450423913,0.733700327601,309
0.0917206932112,-0.108695208288,0.0830019428152,0.0153749242172,-0.668961976659,0.166586867901,0.724225310889,310
0.091733629301,-0.108694883239,0.0830606277265,0.0168016954643,-0.668283239865,0.165368011685,0.725099051894,311
0.0917969799649,-0.108521652336,0.0832824453591,0.0214958478295,-0.664560043272,0.160205527833,0.729542367697,312
0.0917880610314,-0.108501347009,0.0833014299729,0.0216050088933,-0.664551431149,0.160141215532,0.729561107815,313
0.0919376812346,-0.108569500264,0.0833275307846,0.0198501643702,-0.666242698366,0.160308454114,0.728030107474,314
0.0918353495218,-0.108625481227,0.0832684030812,0.0194493674422,-0.666649472759,0.161382626655,0.727430993559,315
0.0918215291639,-0.108624740912,0.0827895396142,0.0105292659591,-0.671786487633,0.171509490161,0.720539065129,316
0.0917544304772,-0.108650240446,0.0830657260566,0.0160871962849,-0.668319515754,0.164932173387,0.725181084392,317
0.0918605874301,-0.108639870334,0.0831791300318,0.0183666099419,-0.667431013633,0.16297878848,0.726385864528,318
0.0917555000099,-0.108537891449,0.0829414936345,0.0123314120438,-0.670325845605,0.170584161085,0.72208880408,319
0.0919004715406,-0.108636094727,0.0833158744599,0.01898977055,-0.667290287021,0.162630610931,0.726577143771,320
0.0918053477928,-0.10860481478,0.0831283827313,0.0164561892528,-0.66853779917,0.166460201169,0.724622250792,321
0.0917803546707,-0.108537465739,0.0833208878834,0.0213093298378,-0.664773207193,0.159162007798,0.729582038385,322
0.0917714384234,-0.108598232564,0.0831213589831,0.0175962916766,-0.667392341596,0.163383117125,0.726349633397,323
0.091762589897,-0.108621942759,0.0829039957688,0.0142028218647,-0.669557170208,0.168654108211,0.723220068484,324
0.0918181279991,-0.108582679384,0.0831270610581,0.0175985597525,-0.667500458075,0.1632264992,0.726285439152,325
0.0917956172923,-0.108660343637,0.0828658877728,0.0111962786448,-0.67109513565,0.171339146389,0.721213462968,326
0.0918559861903,-0.108644931838,0.0832745554494,0.0184834940501,-0.667210975583,0.162369243145,0.726721475801,327
0.0918663626966,-0.108608045241,0.0833784969874,0.0206482064876,-0.66560817112,0.159785628552,0.728702934683,328
0.0919529164605,-0.108651880337,0.0833278850867,0.0177021018132,-0.667495243108,0.161577906647,0.726656257183,329
0.0918229647069,-0.108429713787,0.0831650609949,0.019397091128,-0.666095581624,0.162477779517,0.727695953101,330
0.0917902461556,-0.108616382002,0.0830653702691,0.0177659122117,-0.66808626395,0.165198504096,0.725296195033,331
0.091767415458,-0.108607459633,0.083286813674,0.0198791881497,-0.665301131347,0.16027088914,0.72889811675,332
0.0917632063233,-0.108618611416,0.0833032524943,0.0199285506584,-0.665952407083,0.159924256116,0.728377976517,333
0.0917874210933,-0.108621627459,0.0830101037687,0.014114283054,-0.669052737927,0.167913435717,0.723860690321,334
0.0918183464825,-0.108554729017,0.0831904984909,0.0178218188391,-0.667130110847,0.162624085643,0.726755257803,335
0.0918003145437,-0.108562590752,0.0831105485694,0.0172546265137,-0.667663824741,0.164910378352,0.725762951733,336
0.0917211925929,-0.108665281835,0.0829152597387,0.013544672199,-0.670408810959,0.16926275776,0.722300966965,337
0.0917850934433,-0.10851800681,0.0831137886731,0.0196940392382,-0.66596024354,0.162158753976,0.727882983282,338
0.0917681907949,-0.108587219036,0.0831217701691,0.0184913986312,-0.666592597293,0.162693892709,0.727215975268,339
0.0918329800066,-0.108665378616,0.0833218037119,0.0193080039737,-0.666438193099,0.161458601827,0.727611473012,340
0.091730824172,-0.108668852746,0.0829561289965,0.0131735261185,-0.669851643621,0.169310941208,0.722813280824,341
0.0918018394182,-0.108668009938,0.083326153942,0.0202405280624,-0.666555810058,0.160805584448,0.727623004798,342
0.091827989899,-0.108656253017,0.0832932589682,0.0197297844361,-0.666397865284,0.161086331792,0.727719598789,343
0.0917768188801,-0.108669866948,0.0829408981678,0.0138383576561,-0.669551067988,0.168954037426,0.723162775902,344
0.0917415566255,-0.108567051536,0.0832220096862,0.0211471550339,-0.664616486516,0.159414185418,0.729674476169,345
0.091794490746,-0.108617312381,0.0830606326725,0.0166307013356,-0.66845430773,0.165344151125,0.724950736216,346
0.0917804691229,-0.10856383445,0.0830015534347,0.0153874500926,-0.668874968294,0.166249080294,0.724383010894,347
0.0917779244629,-0.108567364021,0.0830706673099,0.0177715367191,-0.667603019567,0.164895903739,0.725809700733,348
0.0918049434669,-0.108584232031,0.0830678713115,0.0167750246465,-0.668023855861,0.164640412703,0.725504142686,349
0.091802646451,-0.10860186918,0.0829464739039,0.0141055455642,-0.669250363751,0.168260128291,0.723597618453,350
0.0918875843089,-0.108551419034,0.0833448180915,0.0202118028861,-0.665764898706,0.160192580512,0.728482614634,351
0.0918443073464,-0.108664686594,0.0832367660484,0.0192464890104,-0.666957628637,0.162070627513,0.727000829409,352
0.0918031345454,-0.108667740229,0.0830985299645,0.0158909253547,-0.66862039447,0.165953341487,0.7246749168,353
0.0917519978753,-0.108501123865,0.0828929781787,0.0136689474355,-0.66984621703,0.169498288713,0.722765200829,354
0.091814479689,-0.108624523218,0.0831701919446,0.0172774661467,-0.667803407818,0.164055443587,0.725827740652,355
0.0918313273831,-0.108598495937,0.0832169664726,0.0182263610145,-0.667043996425,0.162301876575,0.726896283838,356
0.0917598901114,-0.108635589765,0.0829960354336,0.0146980950177,-0.669099437004,0.167755621064,0.723842497375,357
0.0918233036358,-0.108582656656,0.0833097823999,0.0202196377709,-0.665845164781,0.159959947671,0.728460155346,358
0.0918350991388,-0.108592499758,0.0832133011828,0.0192219465031,-0.66678191305,0.161696595321,0.727245906323,359
0.0918107010437,-0.108582810912,0.0830953554246,0.0171803434413,-0.66764007941,0.163891037428,0.72601741578,360
0.0918188224896,-0.108576865554,0.0831538090046,0.0182959476113,-0.667080294609,0.162551455366,0.726805450725,361
0.0917870318041,-0.108616202161,0.0828524589029,0.0116493150866,-0.670930749095,0.171216685343,0.721388293527,362
0.0918229176806,-0.108647855437,0.0832214808918,0.0180963543,-0.66727652767,0.162707413327,0.726595386188,363
0.0917916389658,-0.108633321135,0.0830096978487,0.014452139843,-0.669227983924,0.168006905896,0.723670312199,364
0.0917707643961,-0.108651557718,0.0830020031254,0.0140759035488,-0.669369880012,0.168265603382,0.723486364343,365
0.0918213610239,-0.108621932642,0.0831476208686,0.0177640341935,-0.667624335481,0.163182126114,0.726177512376,366
0.0917620514401,-0.108602955678,0.082852653177,0.0116521145994,-0.67080622771,0.170729560774,0.721619463547,367
0.0918151039004,-0.108593562336,0.083137084142,0.0180724741974,-0.667163405449,0.162912510802,0.726653899687,368
0.0919624292119,-0.108568793107,0.0831829400671,0.0181285465446,-0.667663755516,0.161277178732,0.726557731355,369
0.0918083458513,-0.10852259517,0.0829209581525,0.0137437504475,-0.669628987314,0.168815432415,0.723124801436,370
0.0919139153177,-0.108565685944,0.0833353021016,0.0200311537378,-0.666238939493,0.160939940787,0.727889252458,371
0.0917630710491,-0.108646289093,0.0829958521559,0.0148307530201,-0.66919939727,0.167615280945,0.723779892683,372
0.0918244855464,-0.108609739604,0.0832612605182,0.018772989489,-0.667108553935,0.161919398026,0.726908426609,373
0.0918277694916,-0.108607617475,0.0832504854087,0.0194921397376,-0.666597473423,0.161536356283,0.727443379593,374
0.0917812087173,-0.108506086355,0.0832598839468,0.021402853322,-0.664511085826,0.159035991159,0.729845523518,375
0.0918095257087,-0.108605531416,0.0831665198494,0.0172280673893,-0.667363557775,0.16399078898,0.726247958054,376
0.091758657657,-0.10865224919,0.0831308631172,0.016867558564,-0.66763471637,0.164644559051,0.725859173766,377
0.0918093510555,-0.108634689432,0.0828750105203,0.0119401354914,-0.670309000521,0.170636963154,0.722098541607,378
0.0918498488501,-0.108555028626,0.082907770869,0.0125832605085,-0.670151653958,0.16925108177,0.722559681668,379
0.0918423995325,-0.108554110797,0.0832197441505,0.0191600839681,-0.66658985127,0.161946954771,0.72736788849,380
0.0917840995254,-0.108651037882,0.0829490884013,0.0132114221077,-0.670162419309,0.169716983067,0.722429190807,381
0.0918480419972,-0.108569713873,0.083238828174,0.0195965536555,-0.666591596588,0.161121535327,0.727537950417,382
0.0918186476572,-0.108561477382,0.0830604251061,0.0169534647838,-0.668183250265,0.1639314078,0.725513761161,383
0.0917607809363,-0.108557828214,0.0831400542887,0.0185401275678,-0.666364839342,0.162662323144,0.727430500589,384
0.0917900550425,-0.10862262104,0.0831544480567,0.0162876753606,-0.668349859039,0.165929500213,0.724921084335,385
0.0917675458658,-0.108581956531,0.0831986767788,0.0167950252973,-0.668004101104,0.164873923159,0.725468839783,386
0.091792993836,-0.108650873643,0.0829856647181,0.0137355066194,-0.669705338759,0.169216653996,0.722960454732,387
0.0918770320901,-0.108569308785,0.0833459202032,0.0209028209514,-0.665242793678,0.159151738366,0.729167896791,388
0.0917217841364,-0.108639727661,0.082898651373,0.0134464405163,-0.669543386449,0.168561189965,0.723268948689,389
0.091774541874,-0.1086108498,0.0829343397995,0.0137961526577,-0.669641764992,0.168564484292,0.723170510589,390
0.0918247247875,-0.108567953599,0.0831428880612,0.0182936628402,-0.667992774854,0.162666147603,0.725941264199,391
0.0917656402465,-0.108606893848,0.08281940393,0.0124991464364,-0.671184799295,0.170345777534,0.721343921171,392
0.091818928662,-0.108520621701,0.0832661422255,0.0214414028765,-0.665242071173,0.158583388994,0.729276738776,393
0.0918400896394,-0.108543734556,0.0833238033152,0.0220138015256,-0.664543198023,0.157875605867,0.730050014435,394
0.0917466001691,-0.108603906106,0.0829633214634,0.013863574674,-0.669380477432,0.169204006668,0.723261765793,395
0.0918064313818,-0.108655358779,0.0832882862901,0.0178556288333,-0.666973961887,0.163296897235,0.726746884436,396
0.0917733243976,-0.108595984515,0.0830522343997,0.0143118978719,-0.668739800583,0.168387456875,0.724035850675,397
0.0917776134349,-0.108569318334,0.0831634945945,0.018889295995,-0.666342513726,0.161359195021,0.727732134154,398
0.0918293156061,-0.108549282641,0.0830765601386,0.0169679248059,-0.66820155315,0.16322379047,0.725656094938,399
0.0918375487258,-0.108569392286,0.0831127872836,0.0172059222084,-0.667698987825,0.164045638897,0.725927714209,400
0.0917580834714,-0.108745645762,0.0829525006054,0.016030346899,-0.669497343104,0.169021036421,0.723151591855,401
0.0917672872832,-0.108616464135,0.0830527589803,0.0138299708007,-0.669074513538,0.169151201473,0.723557805764,402
0.0918150056244,-0.108611059323,0.0832847593807,0.0180602221867,-0.666866118644,0.163312501381,0.726837282389,403
0.0917646324607,-0.108611564658,0.0833206094996,0.0215344399775,-0.664367494666,0.158803325461,0.730023015904,404
0.0918204977153,-0.108644403915,0.0832981066042,0.0204680728371,-0.666007422366,0.160709473402,0.728139846806,405
0.09173484587,-0.10854120936,0.0832315030875,0.0222680932974,-0.664596237836,0.157762976933,0.730018366744,406
0.0917867421522,-0.108616617304,0.0831423507925,0.0179839113437,-0.667671178747,0.162950343881,0.726181080332,407
0.0917930723109,-0.108528036383,0.0831744646674,0.0200518938954,-0.665570236372,0.16114285613,0.728455325964,408
0.0918331759538,-0.108535200302,0.0832596995109,0.0184280392419,-0.666397517911,0.161855417273,0.727583383119,409
0.0918502442025,-0.108611556469,0.0833204523314,0.0192023016398,-0.666560394779,0.161852246682,0.727414848603,410
0.0918721730574,-0.108720845346,0.0833603796831,0.0197253303753,-0.666715599229,0.162311342239,0.727156275684,411
0.0918815195175,-0.108683615181,0.083306154724,0.0199971104513,-0.666505670363,0.162931858786,0.727202527732,412
0.0918165096707,-0.108673709079,0.0832959691265,0.0195123108274,-0.666490343162,0.161510224187,0.727546795526,413
0.0917802603343,-0.108653617563,0.0830708649116,0.0167497341006,-0.668316990788,0.163947741341,0.725391607576,414
0.0917598292874,-0.108508589177,0.0832488520451,0.0222257198445,-0.664154171854,0.158714576294,0.730215678179,415
0.0918375749865,-0.108635340914,0.0832387694326,0.0181353478926,-0.667259387048,0.163282891782,0.726481050547,416
0.0918865279406,-0.108595977843,0.0834194654906,0.0190363180239,-0.666163928851,0.159903537355,0.728212947725,417
0.0917601600022,-0.108587660704,0.0829650164544,0.0131386218268,-0.670059988627,0.170344912275,0.722377739911,418
0.0917868701807,-0.108676524283,0.0829367362592,0.012336095427,-0.670314686103,0.170815610047,0.722044368241,419
0.0918467308937,-0.108605790444,0.0832568340474,0.0186893774766,-0.666802500459,0.161434803649,0.727299069656,420
0.091805010683,-0.108632688586,0.0828475855622,0.0129253077048,-0.670516330707,0.16930896892,0.72220167524,421
0.0918110298151,-0.108552043107,0.0831394279016,0.0184777345189,-0.667240016892,0.161977183087,0.726782447053,422
0.0917606647108,-0.108569348332,0.0831370527034,0.0188145897324,-0.666400001118,0.161870731183,0.727567808599,423
0.0917850803484,-0.108583271975,0.0831457284648,0.0183813165896,-0.666675881504,0.162882026559,0.727100296827,424
0.0917810862277,-0.108522283937,0.0833356326552,0.0201089663837,-0.66581064707,0.160641697763,0.728344737511,425
0.0917307951029,-0.108590329753,0.0833254343523,0.0202255821453,-0.665069066066,0.161332549802,0.728866154766,426
0.0918209743037,-0.108554102212,0.0833076773982,0.019785710957,-0.666280826789,0.161209197429,0.727798035281,427
0.0917533606106,-0.108651985256,0.0828622190225,0.0133417223894,-0.670300035814,0.169408436622,0.72237154016,428
0.0918310975177,-0.108558849602,0.0830529121518,0.0176851850399,-0.667982520446,0.163173439304,0.725851923821,429
0.0918131800702,-0.108533061795,0.083087547415,0.0172652922701,-0.667861569974,0.162946316481,0.726024332223,430
0.0918853125779,-0.108733200643,0.0832655366017,0.0200255696283,-0.666648544697,0.16220572792,0.727233109975,431
0.0917501990458,-0.108628592795,0.0830103477605,0.0134395715446,-0.669433479764,0.169702108167,0.723103995682,432
0.0917708741892,-0.108612621762,0.0832007044324,0.0178922749263,-0.66700980355,0.163355801768,0.726699848972,433
0.0917827583597,-0.108628426758,0.0831495999193,0.0162171213757,-0.667703412278,0.164855408429,0.725762945126,434
0.0917984646222,-0.108524234241,0.0832189215237,0.0225022903131,-0.664404231394,0.158617403436,0.73000081066,435
0.0917456748836,-0.10857705159,0.083357201849,0.0248863601397,-0.662955920982,0.155036325694,0.73200673059,436
0.0917292932377,-0.108618622203,0.0830549354221,0.0192900573392,-0.666626297196,0.162337112854,0.727244068635,437
0.0918722297513,-0.108616956424,0.0833282462293,0.0220814714679,-0.665164413768,0.157692023796,0.729521717912,438
0.0917449320267,-0.108653934513,0.0829583007591,0.0134562342574,-0.669507989064,0.168840803177,0.723236313747,439
0.0918068700377,-0.108621365135,0.0832646137289,0.0191165354219,-0.666910931126,0.162413365309,0.726970609301,440
0.0917849187916,-0.10856550414,0.0832551222223,0.0185008348819,-0.666764807152,0.162713007452,0.727053566292,441
0.0917329099626,-0.108592767256,0.0831543581545,0.0185816095676,-0.666042142983,0.16297084452,0.727655888036,442
0.0917313158825,-0.108538289652,0.0831439219722,0.018755973452,-0.665992688457,0.161116543034,0.728109477993,443
0.0918261152882,-0.108585502783,0.0831653841268,0.0185323913062,-0.667282251345,0.16201769577,0.726733248015,444
0.0917682230056,-0.108733115829,0.0829103010279,0.0133131534543,-0.670135183391,0.170355437457,0.722302305725,445
0.0917835338337,-0.108639361763,0.0828247200059,0.0121762030274,-0.670853226271,0.171546102655,0.721373428639,446
0.0918020954655,-0.108576261288,0.0831651742912,0.016551813313,-0.667750199549,0.164072237619,0.725889805219,447
0.0917536445965,-0.108567628103,0.0829948276728,0.0157124034604,-0.668600611708,0.167434985864,0.724356174758,448
0.0917597109123,-0.108608156931,0.0831901932056,0.0193575649228,-0.666568051863,0.161500936334,0.727481796665,449
0.091730831368,-0.108590987393,0.083205899539,0.0214488727456,-0.664971111283,0.159423257865,0.729340518461,450
0.0917845945071,-0.108650643121,0.0831621789259,0.0184246846392,-0.667844867893,0.162735154881,0.726058560166,451
0.09171517097,-0.108621135724,0.0831403620647,0.0181473223929,-0.667460098054,0.162219761508,0.726534542312,452
0.0917759061828,-0.10865573517,0.0829099011698,0.0137639064153,-0.669857752348,0.169150785845,0.722834115235,453
0.0918414288267,-0.108599121846,0.0832273033829,0.0187733308222,-0.666749870495,0.162132536551,0.727189942749,454
0.091748796681,-0.108570378113,0.0829055164822,0.0133239293479,-0.669500668712,0.169236983576,0.723152937414,455
0.0918116155181,-0.10851191664,0.083142969749,0.018602074345,-0.666690581268,0.162290911281,0.727213374323,456
0.0917504653413,-0.108556785564,0.0828412019147,0.012538489359,-0.66980804317,0.170132359548,0.722672091494,457
0.0918140721877,-0.1086068004,0.0831718271514,0.0182144424866,-0.667587265206,0.163298517215,0.726174270885,458
0.0917485174737,-0.108588621366,0.0831893147914,0.0193233336428,-0.666042393158,0.161061889313,0.728061266037,459
0.0917872001064,-0.108621285663,0.083287474449,0.020198456387,-0.666041819905,0.160567106121,0.728147320897,460
0.0917362459513,-0.108567789103,0.083250144937,0.0209239369168,-0.664760137807,0.159720945393,0.729482945414,461
0.0918026197755,-0.108713616721,0.0832576886188,0.0205906825919,-0.666262881116,0.161966361796,0.727624006396,462
0.0918043085651,-0.108568869341,0.0830924113041,0.0165758634286,-0.668085678864,0.165031247352,0.725362980752,463
0.0917947054676,-0.10859617421,0.0829095137377,0.0137955463736,-0.669793036265,0.168657940503,0.723008624137,464
0.0918334877207,-0.108594958483,0.0832127257057,0.0180890583967,-0.667112946505,0.162321433972,0.726832067706,465
0.0918055833877,-0.108588274902,0.0829167632609,0.0132498475897,-0.669842722162,0.16872103628,0.722958076946,466
0.0918158901606,-0.108642057386,0.0832682894887,0.0201327767889,-0.666317536799,0.160986455711,0.727804213048,467
0.0917293746827,-0.108592636742,0.0832076327167,0.0188378240578,-0.665770010488,0.161464009498,0.728234030484,468
0.0917009020386,-0.108648613298,0.0832017287518,0.0190131124452,-0.665851784212,0.161772221914,0.72808629381,469
0.0917742964954,-0.108601290782,0.0832542611002,0.0198532279639,-0.665956478908,0.161664803893,0.727991970232,470
0.0918210018628,-0.10861798065,0.0829100482566,0.0131183775159,-0.669954534398,0.169818630764,0.722599794254,471
0.0918331621166,-0.10856647974,0.0831983619107,0.0193987205696,-0.666317861332,0.16137606205,0.727737565271,472
0.091792270695,-0.108583608499,0.0828584027009,0.013136082206,-0.669904430283,0.169732709755,0.722666108843,473
0.0918251545441,-0.108564849586,0.0831385240296,0.0172715437909,-0.667876731217,0.16377116137,0.725824615439,474
0.0917665274378,-0.108644813084,0.082853106401,0.0129147760851,-0.670371853788,0.169976802053,0.72217911419,475
0.0917596219173,-0.108580332385,0.083226754122,0.0203043413804,-0.665107629893,0.160082603308,0.729104337182,476
0.0917953004397,-0.108627505089,0.0832307101848,0.0189559199232,-0.66632286419,0.162003864027,0.727605155148,477
0.0918176865448,-0.108601240537,0.0832281484633,0.0186152785676,-0.666993150794,0.162780438584,0.726826070674,478
0.091805888737,-0.108578564065,0.0831849666161,0.0175121913647,-0.667396582288,0.163610506193,0.726296583612,479
0.0917399403212,-0.108577704045,0.0828951390945,0.0135157866177,-0.669895138773,0.169335585677,0.722760877457,480
0.0918356434804,-0.108593628724,0.0831597723794,0.019141221598,-0.667178512273,0.162134914141,0.726786568405,481
0.0918281299283,-0.108572276795,0.0831635788201,0.018760529817,-0.667159348234,0.162042659288,0.726834660123,482
0.0917833413118,-0.108600339979,0.0828636613881,0.0129141251497,-0.670135898704,0.169277500032,0.722562267644,483
0.0918287910485,-0.108590701728,0.0832127658551,0.019220366313,-0.666666742865,0.161780774435,0.727332807248,484
0.0917603932371,-0.108491089985,0.0832373649396,0.0188532451428,-0.66566758871,0.161336456819,0.728355520463,485
0.0918070515052,-0.108633613289,0.0831466596647,0.0166848550233,-0.668125304059,0.165181884665,0.725289692928,486
0.0917635582613,-0.108544147132,0.0832577049686,0.0201789471991,-0.664856066665,0.159847890427,0.729388697907,487
0.0918142486556,-0.108609678639,0.0832563633687,0.0186547938765,-0.66669183885,0.162255214456,0.72721883643,488
0.0917576645038,-0.108541074472,0.083253300457,0.0210394068472,-0.664883232814,0.159413516626,0.729434685767,489
0.0918142335369,-0.108552823634,0.0831995442518,0.0194932464551,-0.666711782954,0.1611525658,0.727423715828,490
0.0918458772961,-0.108577256886,0.0831965113252,0.0174080316509,-0.66720153672,0.162808658441,0.72665838643,491
0.0918318666639,-0.108579492018,0.0832177547062,0.0179368123197,-0.667248839772,0.163187253353,0.72651715529,492
0.0917679555342,-0.108567985269,0.0832731459867,0.0214638138444,-0.664675381226,0.159269054254,0.729643276297,493
0.0918030672586,-0.108571023057,0.0833030800382,0.0200199331353,-0.666036621226,0.160303902376,0.728214995964,494
0.0917426289518,-0.108588454648,0.0832751791032,0.0222027673286,-0.664573592981,0.158717183717,0.729834112815,495
0.0917932865549,-0.108609876788,0.083250619867,0.019288056269,-0.666650371033,0.161381788952,0.727434651279,496
0.0918075220869,-0.108617771302,0.0832334474208,0.0179508209128,-0.667155860832,0.162660686791,0.726720253164,497
0.0918114935519,-0.108649044442,0.0829592554774,0.0131629905321,-0.669823074176,0.169128709556,0.722882607749,498
0.091853200026,-0.108624332131,0.0831624437366,0.0167279895641,-0.667897279391,0.164199279038,0.725721706518,499
0.0918055456206,-0.108595697069,0.0829524973665,0.0127596731923,-0.669772483567,0.168944282894,0.722979833933,500
0.0918348876291,-0.10861057881,0.0831505888375,0.0165946193971,-0.668021154071,0.164819459498,0.725470124879,501
0.0917566297707,-0.108594910429,0.0829618643516,0.0139052221346,-0.669479826176,0.168201541165,0.723402826017,502
0.0917896342174,-0.10859439226,0.0832629185484,0.0197446833176,-0.666262080767,0.161021185291,0.7278579292,503
0.0917569556382,-0.108585819788,0.0831802236706,0.020358282701,-0.66559346166,0.160589322608,0.728547838913,504
0.0918073189358,-0.108614403985,0.0831782023628,0.0183582060746,-0.666982550236,0.162983409393,0.726796850718,505
0.0918046662748,-0.108601908763,0.0831550228904,0.0152752341104,-0.668583906256,0.165870884644,0.724740696488,506
0.0918043859879,-0.108612502257,0.0829025582916,0.011964887663,-0.670494389006,0.170782530713,0.721891572868,507
0.0918367410815,-0.108539805411,0.0833015626611,0.0202362673568,-0.665868996817,0.159871216189,0.728457388456,508
0.0918033967805,-0.108597843208,0.0829053884156,0.0139276262615,-0.669856832527,0.168507010278,0.722982180023,509
0.0918260687735,-0.108592642838,0.0831791500648,0.0192503095999,-0.667016621265,0.162223331475,0.726912541687,510
0.0917613812474,-0.108555133408,0.0831376396341,0.0191435757767,-0.666197584054,0.161759433794,0.727769323402,511
0.0917504901098,-0.108580151538,0.0831589858352,0.0189169547712,-0.666108600472,0.161829280596,0.727841167523,512
0.0918100820995,-0.108618388012,0.083127782196,0.0165982756057,-0.667990372612,0.165061555394,0.725443341878,513
0.0917607184685,-0.108524010524,0.083172360601,0.0188188000102,-0.665914695924,0.161796487583,0.728028410933,514
0.0918086437558,-0.108542440967,0.0833040188268,0.0191907949965,-0.66618873665,0.16142789586,0.727849788752,515
0.0918005966531,-0.108583082144,0.08326594495,0.0188777342612,-0.666249233722,0.161590383701,0.727766540595,516
0.0917529414939,-0.108587387024,0.0831845809542,0.0184344036918,-0.666132415077,0.161765740188,0.727845879047,517
0.0918213686164,-0.108592462095,0.0831811209688,0.0184570975914,-0.667535895411,0.162426584147,0.726410881423,518
0.091760570742,-0.108611028301,0.0828281787244,0.0126708507153,-0.670781156827,0.170247707598,0.721739431682,519
0.0918279241672,-0.108608921477,0.0831859134831,0.018918610061,-0.666998351524,0.162060454541,0.726974342279,520
0.0918313113097,-0.108590863929,0.0832357343578,0.0184152631369,-0.666647158565,0.162489020674,0.727213697768,521
0.0918066767925,-0.108569749159,0.0833176365296,0.0199775618888,-0.665983149115,0.161294929164,0.728046212779,522
0.0917816765163,-0.10858096231,0.0832119387757,0.0188863272386,-0.66593934942,0.160835611954,0.728216997512,523
0.0918579463359,-0.108588059896,0.0831478556375,0.0183024792205,-0.667625092779,0.162152142727,0.726394133619,524
0.091862739402,-0.108576292795,0.0831447980496,0.018429902466,-0.6676197899,0.162103021055,0.726406749276,525
0.0917998147917,-0.108584623124,0.0828628881685,0.0131888215926,-0.670240788832,0.168891437703,0.722550359658,526
0.091840491339,-0.108547749301,0.083150712564,0.0179887508283,-0.667074054591,0.162626919243,0.72680196455,527
0.0917852027838,-0.108553031338,0.0832609113798,0.0188205952115,-0.665790002059,0.162192377499,0.72805431874,528
0.0917956946716,-0.108590313503,0.0832799131313,0.0177757157536,-0.666395467765,0.16311205066,0.727320811885,529
0.0917705409624,-0.108594138222,0.0829459214118,0.011663716651,-0.670110163097,0.171010933726,0.722199132909,530
0.0917941058391,-0.108601968249,0.0829755382179,0.0117658490024,-0.669962612559,0.17051052977,0.722452643298,531
0.0918274533944,-0.108644122422,0.0832075702896,0.0183686827138,-0.667181603567,0.162074354229,0.726817173062,532
0.0918189044206,-0.108614919574,0.0829604515669,0.0150115115396,-0.669061750664,0.166482227449,0.724164826723,533
0.0917905390951,-0.108638381594,0.0829141884165,0.0136336343682,-0.670086029889,0.167959726017,0.722902736887,534
0.0918341504888,-0.108591561044,0.0831285048962,0.0175837857048,-0.667837611109,0.162849044786,0.726060551388,535
0.0918502672195,-0.108581213719,0.0831507591009,0.0170289096026,-0.667782622816,0.163828850281,0.725903914247,536
0.091788598239,-0.108591552214,0.0833049026496,0.0189473165108,-0.666301818859,0.163200427085,0.727357206593,537
0.0917676419956,-0.108612493788,0.0829494477998,0.0125904072334,-0.669576371657,0.169471930287,0.723040959427,538
0.0917966676402,-0.108609097296,0.0832442630042,0.0195062415078,-0.66639450685,0.161236859111,0.727695364179,539
0.0917995280614,-0.108614094008,0.0832305720847,0.0198219896112,-0.666620476005,0.160971988549,0.727538485993,540
0.091831102469,-0.108560485138,0.0832319916864,0.0213163936935,-0.665387782234,0.158338352352,0.729200710907,541
0.0918275769124,-0.10855483349,0.0831268810722,0.0176114126849,-0.667592731893,0.162951399834,0.726262090267,542
0.0918019904748,-0.108517632029,0.0833091735788,0.0229248684811,-0.663802428285,0.157957429332,0.73067792982,543
0.0918531342876,-0.108567338688,0.0833268168853,0.0202367424861,-0.666136473155,0.161141826762,0.72793267893,544
0.0918045952345,-0.108626915013,0.0830791372757,0.0148114173355,-0.668917764584,0.167638724329,0.724035154012,545
0.09183489482,-0.108651429786,0.0832816727827,0.0194945858016,-0.666574700845,0.161857077036,0.727392889662,546
0.0918597737483,-0.108594094671,0.0832097210003,0.0179941991178,-0.667720763468,0.163759801154,0.725953110303,547
0.0917505599864,-0.108615339652,0.0829630904434,0.0151573301615,-0.668945642347,0.167460135991,0.724043566218,548
0.091808479447,-0.108611159274,0.0831122994829,0.0169806994792,-0.667832544992,0.16373909598,0.725879367486,549
0.0917651396463,-0.108567146258,0.0828992747809,0.0131117484286,-0.669922491185,0.16849466752,0.72293947525,550
0.0917541894459,-0.1086220869,0.0829313139014,0.0125985057808,-0.669945297278,0.169492645338,0.722694139649,551
0.0918230301403,-0.108651056977,0.0832984168641,0.0194909352708,-0.666426150246,0.161197254282,0.727675569827,552
0.091839422827,-0.10858841011,0.0832565274558,0.0196893284846,-0.666255910605,0.161242908003,0.727815990857,553
0.0917859987748,-0.108568884815,0.0829396877345,0.0145200906906,-0.669192700998,0.167983151228,0.723707093236,554
0.0918081558426,-0.108625680793,0.0828944625556,0.0141948355968,-0.669830231079,0.168657183853,0.722966612306,555
0.0917372355965,-0.108689740832,0.0830549204671,0.0167042979815,-0.668605396221,0.166037698467,0.724651139005,556
0.0918175564907,-0.108573328134,0.0831673778727,0.0190136511386,-0.666856325884,0.162200208176,0.727070982894,557
0.0917971081285,-0.108531937335,0.0832373311114,0.0212786846323,-0.664791884296,0.159305790903,0.729534531835,558
0.0917700135099,-0.108580991833,0.0831353022166,0.0184441632176,-0.66667642843,0.162693368766,0.727140440616,559
0.0917441845839,-0.108612482652,0.0830672267146,0.0161563838915,-0.668787824334,0.165387818411,0.724643834448,560
0.0918224445442,-0.108581750196,0.0832726198687,0.0206628118153,-0.665759960555,0.160336242415,0.728442868383,561
0.0917650685084,-0.108590031053,0.082942735788,0.0138067277356,-0.669065385084,0.168883560547,0.723629205967,562
0.0918428358837,-0.10855060928,0.0830620669378,0.0168408088702,-0.668077893502,0.164754143777,0.725427038012,563
0.0917652891748,-0.108568680064,0.0831002207053,0.0185387545917,-0.666230279786,0.162971866578,0.727484501264,564
0.09178729633,-0.108591241236,0.0833044271528,0.0224640304393,-0.664289010079,0.157636146519,0.730319329975,565
