1,1445362817,65000000,2.88266891443,-1.34340637979,-0.601438318977,-0.0581301957634,0.107033488874,-0.931107569054,0.343807224255,0
1,1445362817,978000000,3.09580511483,-1.19776952115,-0.731276591821,-0.0546763563978,0.108770939553,-0.931709831685,0.342193173955,85
1,1445362819,78000000,3.73815843232,-1.60135434829,-0.71196453791,-0.0548385720011,0.120593477198,-0.931178933195,0.339640602184,182
1,1445362819,723000000,3.8829683212,-1.77526389312,-0.735391153648,-0.0547550425896,0.120364677682,-0.93180154094,0.338023842324,242
1,1445362820,181000000,3.8912503921,-1.7364922588,-0.651902507682,-0.0548215789826,0.120025402526,-0.931775247945,0.3382061273,284
1,1445362820,695000000,4.03575532149,-1.76650265698,-0.622082491592,-0.054658474451,0.119948443587,-0.931817571015,0.338143218769,330
1,1445362821,467000000,3.95622749717,-1.6864606219,-0.765460404781,-0.0545305213327,0.120024404512,-0.931787742894,0.338219110574,401
1,1445362822,473000000,4.20205351853,-2.37394948186,-0.578973825589,-0.0544694072815,0.119351995467,-0.931807716988,0.338411825163,484
1,1445362823,683000000,4.31214921125,-2.29857063486,-0.548039930824,-0.0556953062629,0.11940461714,-0.931343427932,0.339470159975,594
1,1445362825,92000000,4.10208433837,-2.12994957771,-0.529676382546,-0.0551918224806,0.119071329913,-0.931853214743,0.338268336232,716
1,1445362826,401000000,4.08498626802,-2.05981944777,-0.34209697859,-0.0552943098945,0.11824611131,-0.932133969934,0.337767166178,828
1,1445362827,779000000,4.02921354719,-1.54425171606,-0.35286542626,-0.0550140991495,0.117493880659,-0.933147856593,0.335266632158,940
1,1445362828,776000000,3.8101052406,-1.92253768441,-0.616079925921,-0.0491773916866,0.111596521849,-0.93391171432,0.336060575365,1030
1,1445362830,492000000,3.51021970783,-1.71514193999,-0.306103769014,-0.0475284273449,0.109341494875,-0.934115802038,0.336471625067,1182
1,1445362831,696000000,4.57500320479,-0.894644864481,-0.459471641012,-0.0480003750277,0.111705834831,-0.934466722341,0.334648644549,1279
1,1445362832,683000000,4.58118342876,-0.895538408404,-0.454269252083,-0.0466560178499,0.111187636508,-0.934641585459,0.33452299206,1368
1,1445362834,177000000,4.46181283862,-0.87938647516,-0.474123214342,-0.0494341418338,0.111192835411,-0.934622803669,0.334174555937,1503
