0.015585623953,-0.00219072100158,0.108369695789,0.160507157608,-0.115803158557,-0.697464732561,0.688745255997,0
0.0153914380448,-0.00220929721991,0.108347532078,0.158173484596,-0.11100474794,-0.699314654697,0.688199177878,1
0.0154825659965,-0.0023265142859,0.108412464957,0.161782598795,-0.116226045047,-0.698464642715,0.687360924157,2
0.0154726262677,-0.00228779762095,0.108428038896,0.16143130959,-0.11646035661,-0.69797574697,0.687900264765,3
0.0154621256527,-0.00266516803518,0.108350856088,0.170340069031,-0.110096445312,-0.702925443422,0.681732245535,4
0.0154565404037,-0.0026698793767,0.10842147566,0.170465382949,-0.109498433854,-0.703038104563,0.681681061591,5
0.0154412709797,-0.00266016734617,0.108471526465,0.170604013096,-0.10937089342,-0.703150492307,0.681550925138,6
0.0154322911452,-0.00260999698501,0.108591891779,0.166115890604,-0.112523452204,-0.700398307004,0.684971674699,7
0.0154643396387,-0.00257614776198,0.108645431432,0.1657861634,-0.113592736005,-0.699518155418,0.685774006939,8
0.0155062914289,-0.00262021633535,0.10863378794,0.166434717991,-0.112930580559,-0.700106658628,0.685125415648,9
0.0154358897376,-0.00245642304779,0.108512936508,0.165440387745,-0.114689047712,-0.699176246695,0.686023670507,10
0.0156172880388,-0.00252236106977,0.108382260185,0.164959251803,-0.115103671824,-0.697559720813,0.687713621994,11
0.0153801264466,-0.00217700493395,0.108258313699,0.162168010334,-0.117140453691,-0.697271940067,0.688325135477,12
0.0154881530841,-0.00216987319704,0.108322511981,0.160998764229,-0.115834171925,-0.697557402186,0.68853141772,13
0.0156438308643,-0.00221049104429,0.108408748275,0.161175820747,-0.115346962698,-0.698112531761,0.688008957791,14
0.0156197060361,-0.00221081575544,0.108405477061,0.16061627758,-0.115778051392,-0.697455800277,0.688733083896,15
0.0156309833803,-0.00218999033593,0.108480701408,0.160781739017,-0.117067471022,-0.697155363653,0.688780689739,16
0.0156144505332,-0.00219927215674,0.108502933214,0.160851784103,-0.117046146749,-0.697245340705,0.688676874845,17
0.0153105195196,-0.00230296313289,0.108360871047,0.158813298728,-0.110557740582,-0.699311298517,0.688127190213,18
0.0154943549187,-0.00255505813345,0.108437891719,0.17008044937,-0.110127043286,-0.702509227884,0.682220975796,19
0.0154699139011,-0.00261763442353,0.108490812352,0.170383398154,-0.110389363111,-0.70224576562,0.682374216112,20
0.0154730618954,-0.002692796723,0.108542079002,0.171053101451,-0.109081925285,-0.703161507331,0.681473304443,21
0.0154679723801,-0.00259142288271,0.108638312466,0.165586569838,-0.113285948883,-0.69981462326,0.685570473946,22
0.0155312467481,-0.00273712593668,0.108478377433,0.16682484317,-0.11215486495,-0.700922909701,0.684322900848,23
0.0154949954121,-0.00242967569645,0.10836860322,0.165387759035,-0.112279422715,-0.697644841425,0.687991203162,24
0.0153254807131,-0.00218835325173,0.108399297585,0.164570802608,-0.113716244846,-0.696386458193,0.689224903376,25
0.0153393695488,-0.00213875078466,0.108372922809,0.163780218642,-0.114638218543,-0.695901062899,0.689750555989,26
0.0154332994509,-0.00222115910625,0.108300150263,0.161004315743,-0.115883021683,-0.697499714355,0.688580339592,27
0.0154670667395,-0.00232891172595,0.108291655024,0.162701584864,-0.117004962088,-0.697331454214,0.688161954843,28
0.0154741576427,-0.00222252791651,0.108281838784,0.161050736892,-0.115618977514,-0.697715048834,0.688395687679,29
0.0154554446874,-0.00221257787783,0.108282738258,0.16076108298,-0.116421721721,-0.697151380219,0.688898983864,30
0.0154479891172,-0.00218261896124,0.108321804456,0.160809198295,-0.116367995493,-0.69694447773,0.689106150263,31
0.0155743497798,-0.00217631431806,0.108412417256,0.160400348801,-0.116348342877,-0.697020454825,0.689127910311,32
0.0155242944318,-0.00228654560916,0.108440055918,0.16088425981,-0.115787903819,-0.697506612909,0.688617412808,33
0.0156527680291,-0.00221436841003,0.108567206493,0.160485248968,-0.117195415683,-0.697042389998,0.688942396687,34
0.0154691111223,-0.00263766587394,0.108523292802,0.170590005547,-0.110078737961,-0.702507654756,0.682103156762,35
0.0153841717096,-0.00246104721266,0.108533555866,0.165241214385,-0.114169670678,-0.698944831752,0.686394019156,36
0.0154552960767,-0.00225700428257,0.108536769,0.164251016561,-0.114025257562,-0.696451189638,0.689184724619,37
0.0154375355848,-0.00230274351747,0.108508196276,0.164354199409,-0.113596420786,-0.696998497537,0.68867746061,38
0.0154853461534,-0.00235329681556,0.108498585407,0.16433124321,-0.113104479807,-0.697448297595,0.688308427476,39
0.0153455595266,-0.0022389037021,0.108401085875,0.164218906483,-0.114115829538,-0.696766717563,0.688858381309,40
0.0153387842837,-0.00227784407868,0.108385841928,0.164776909955,-0.113747245118,-0.6968587163,0.688693011211,41
0.0154295811585,-0.0023923646065,0.108473946394,0.165125976209,-0.113029252826,-0.697265773434,0.688315509911,42
0.0155397091973,-0.0023530780737,0.108434427897,0.160961435066,-0.11533944235,-0.697619241624,0.688560544307,43
0.0155628789378,-0.00231365022539,0.108424301993,0.160896553156,-0.115524810185,-0.697538423817,0.688626505962,44
0.0155555594368,-0.0022861571674,0.108416945711,0.160780304438,-0.115616988723,-0.697457490162,0.688720157277,45
0.015473725698,-0.00226892343057,0.108337189215,0.160732667357,-0.115735295032,-0.697360114823,0.688810003834,46
0.0156318875145,-0.00231623820466,0.108553369254,0.161646059799,-0.116531748182,-0.69783944918,0.687976021519,47
0.0155498801983,-0.00223439154175,0.108474073469,0.160635311206,-0.116058778015,-0.697112418426,0.689028978285,48
0.0155882298931,-0.00215036806215,0.108419853452,0.160056020548,-0.117474238784,-0.69649182919,0.689551307286,49
0.015506384202,-0.0025140262121,0.108460221764,0.170472967082,-0.109054407167,-0.702749455975,0.682047876545,50
0.0155125559309,-0.00259288497176,0.108475686833,0.17103541957,-0.10826166808,-0.703601876006,0.681153944831,51
0.0154199672329,-0.00260473115642,0.108379072397,0.171239438723,-0.109267894724,-0.703371331807,0.681180116709,52
0.0155043467377,-0.00254654050839,0.108553460505,0.166030587857,-0.113153920324,-0.699733063239,0.685568139882,53
0.0155035725414,-0.00253440187046,0.108576759668,0.165894184076,-0.113763324018,-0.699591140512,0.685645142851,54
0.0155574960683,-0.00273026459111,0.108426948815,0.166739047574,-0.112117900553,-0.701013122755,0.684257457478,55
0.0155673465166,-0.00262428782184,0.108288785194,0.165379347349,-0.112081662944,-0.699960817118,0.68566918175,56
0.0155627918431,-0.00241913461279,0.108441123882,0.161216131768,-0.115325646874,-0.698598603165,0.68750952407,57
0.0155048263694,-0.00221005559538,0.10838656928,0.160442283848,-0.116562363009,-0.697202536234,0.688897751885,58
0.0156243550998,-0.00237674265925,0.108464262138,0.160988827706,-0.115395120691,-0.698341378888,0.68781238867,59
0.0156146858848,-0.00238091990571,0.108433626277,0.161063858569,-0.115425413471,-0.698654087785,0.687472088895,60
0.0156566017379,-0.0023096673557,0.10843301043,0.160759881646,-0.115710184213,-0.69838009771,0.687773693046,61
0.0155724403955,-0.00220545217038,0.108473238627,0.160309189276,-0.115897896785,-0.697216507434,0.6890266926,62
0.0155427225558,-0.00220596056868,0.108416067301,0.160531874825,-0.11599754086,-0.697419000659,0.688753094511,63
0.0155566131055,-0.00230838464416,0.108320826519,0.160855971719,-0.115639570386,-0.69883716456,0.687298671287,64
0.015657884333,-0.00235469986668,0.108427823499,0.160825311514,-0.115529060263,-0.699575312092,0.686573112001,65
0.0156083247624,-0.0026208364751,0.10834923453,0.16994452044,-0.108412392281,-0.70398784438,0.681004205668,66
0.0155323444417,-0.00216314796796,0.108445835666,0.168857363349,-0.110187430016,-0.699200846584,0.685903854229,67
0.0154227105808,-0.00228098380856,0.10836757642,0.169450515913,-0.110541485797,-0.699365398917,0.685532742742,68
0.0154265398528,-0.00232661910571,0.108387680283,0.171483617581,-0.108591300745,-0.700597035733,0.684079740839,69
0.0153790145881,-0.00217655564411,0.108531381607,0.164550590183,-0.113848666507,-0.695727186978,0.689873369325,70
0.0154833320623,-0.00235841128013,0.108360194411,0.165346481147,-0.112571419712,-0.697076715355,0.688529062238,71
0.0154518398926,-0.00219603147707,0.108504698623,0.164207325399,-0.113833288945,-0.696260845281,0.689419155479,72
0.0155545412663,-0.00229230246956,0.108446698176,0.160892072661,-0.115537092482,-0.697780335692,0.688380363126,73
0.0155530015749,-0.00231310350613,0.108419820824,0.160817524534,-0.115508605794,-0.697736930521,0.688446556806,74
0.0155721100497,-0.00230731757828,0.108405439072,0.16066553695,-0.115399631454,-0.697837600958,0.688398280783,75
0.0155540712874,-0.00225372085181,0.108445453806,0.160468646565,-0.115874141273,-0.697424348647,0.688783184151,76
0.0154919158113,-0.00219122995409,0.108401022997,0.159719924002,-0.116107660373,-0.696944007545,0.689403805782,77
0.0155734256104,-0.00223846966813,0.108446564869,0.160920309731,-0.115478998298,-0.697607836713,0.688558320714,78
0.0156036614378,-0.00221429349085,0.108458124518,0.160014871963,-0.1161186968,-0.697063392598,0.68921282323,79
0.0155554836601,-0.00218038889245,0.108515120815,0.160500397691,-0.115890362975,-0.697111666837,0.689089522537,80
0.0156129569014,-0.00221074604446,0.108575227174,0.161225154747,-0.116881436298,-0.697366009673,0.688495336134,81
0.0154572694113,-0.00254706164486,0.108400128481,0.170312806767,-0.109940012962,-0.70257606686,0.682124337402,82
0.015514729134,-0.00261581165893,0.108396799514,0.171480461564,-0.109338520581,-0.70303564008,0.681454641188,83
0.0154670776916,-0.00272118385137,0.108443381747,0.174479273279,-0.105864514755,-0.705606404698,0.678578874827,84
0.0154635978759,-0.00267140454871,0.10844616493,0.172881826897,-0.107533152285,-0.704289726882,0.680091520088,85
0.0154861036354,-0.00271553997913,0.108424885595,0.173156070946,-0.107501489866,-0.704646130826,0.679657439511,86
0.0155330845967,-0.00245517846603,0.108543985339,0.165524799502,-0.113680302705,-0.699414838947,0.685927993733,87
0.0154392250609,-0.00224979498012,0.108412789072,0.162901690809,-0.116233006716,-0.697231240171,0.688346951043,88
0.015453281386,-0.00224606197524,0.108296563016,0.161221869486,-0.115835538694,-0.697597149568,0.688438707287,89
0.0156630877473,-0.00242331639763,0.1083594396,0.161122629404,-0.115429054031,-0.698958229519,0.687148473889,90
0.0156507449095,-0.00242900215198,0.108406464584,0.161076345402,-0.115353104175,-0.698950498729,0.687179941963,91
0.0156133295277,-0.00240544484944,0.108399763742,0.161078470248,-0.115422901147,-0.698588843131,0.687535387138,92
0.0155749797782,-0.00232816043834,0.10841739556,0.160670969675,-0.116053576427,-0.69780086383,0.688324314071,93
0.0155370858536,-0.00235100337167,0.108446261747,0.161413923138,-0.115368739145,-0.698298905947,0.687760305192,94
0.0154612711106,-0.00222822595983,0.10837188355,0.160037205508,-0.115976067048,-0.696779374622,0.689518779894,95
0.015508333107,-0.00219490438915,0.108513610634,0.160166578874,-0.115998376863,-0.696996550015,0.6892654444,96
0.0153949217614,-0.00228948756927,0.108467758318,0.169861187873,-0.109962193729,-0.699640283305,0.685243728014,97
0.0154243552929,-0.00228944603301,0.108427841661,0.170031463435,-0.110205711116,-0.699587744053,0.685216017801,98
0.0154148187213,-0.00273442179711,0.108450718834,0.17326960245,-0.105549391001,-0.706343059489,0.678171404025,99
0.0154580312053,-0.00267330680993,0.108489418923,0.173572819005,-0.106437072847,-0.705310504551,0.679029246937,100
0.01541560865,-0.00240748312759,0.108506872698,0.165206542312,-0.114169534035,-0.698987331735,0.686359108594,101
0.0155426482455,-0.00259163597199,0.108430853335,0.171699450107,-0.108870171964,-0.703899600449,0.68058205749,102
0.0155184220357,-0.00242766625672,0.108537342879,0.165478264622,-0.114251523564,-0.699049088711,0.686217097479,103
0.0154971849929,-0.00253474117118,0.108523982331,0.166161293406,-0.11366554326,-0.699740034948,0.685444711367,104
0.0157160851194,-0.00245867429435,0.108365700709,0.161595336477,-0.114529607042,-0.6998216176,0.686308691392,105
0.0156748373776,-0.00245232241965,0.108378244689,0.161438351828,-0.11485000487,-0.699480955438,0.68663929972,106
0.0156031480386,-0.00244411910148,0.108427096192,0.161379798238,-0.114921611019,-0.699419126688,0.686704062362,107
0.0154691640418,-0.0022791301555,0.108350850722,0.160781761941,-0.115990348602,-0.698317805678,0.687784636592,108
0.0155220465099,-0.00217305547073,0.108469733195,0.160803759365,-0.115894269253,-0.697238159483,0.688890135138,109
0.0155612787386,-0.00235586279868,0.108458350165,0.160754157839,-0.115677130997,-0.69839377758,0.687766699935,110
0.0154795747941,-0.00266844826249,0.108420323057,0.171149547187,-0.106799574224,-0.704449169074,0.680480015602,111
0.0154904394917,-0.00263084801234,0.108373330927,0.171333186194,-0.107556749236,-0.704050200798,0.680727404883,112
0.0154072734331,-0.00234644125463,0.108397914102,0.170288763914,-0.109751906324,-0.700329837638,0.684466488922,113
0.0154384137269,-0.00235432772482,0.108363468301,0.170304974784,-0.10953053738,-0.70056373272,0.684258528148,114
0.0154571223323,-0.00276794734158,0.108458826094,0.174652283104,-0.103797711912,-0.707274750133,0.677115236007,115
0.0154128111617,-0.00221946206042,0.108502952792,0.164593841261,-0.114378239555,-0.69563385319,0.689869573203,116
0.0154867984636,-0.00273836436797,0.108450874262,0.173644843808,-0.106375292953,-0.705473318352,0.67885135513,117
0.0155220832301,-0.00261776111198,0.108467648103,0.172899440999,-0.107502201283,-0.70454129772,0.679831317187,118
0.0154885266823,-0.0024547723832,0.108549386168,0.165479612097,-0.114234860723,-0.698804338662,0.686468783589,119
0.0155861245624,-0.00225833027941,0.108407319782,0.160587935634,-0.115807280542,-0.697489865991,0.688700279905,120
0.0156782642962,-0.00250729245852,0.108388690613,0.161431867191,-0.114854301166,-0.699941319412,0.686170817755,121
0.0156716762438,-0.00248503118798,0.108422441506,0.16120402556,-0.115005571232,-0.69974960815,0.686394541516,122
0.0156252812874,-0.0024359537934,0.10846397294,0.161067385425,-0.115266321131,-0.699367889694,0.686771816129,123
0.0156040922576,-0.00233900772701,0.108479749222,0.160432939783,-0.115974414589,-0.698572162259,0.687610457389,124
0.0155486621116,-0.0022374636799,0.108491298363,0.160137291756,-0.116271574206,-0.697059662356,0.689162387204,125
0.0153327919271,-0.00233503376947,0.108392778549,0.158779189667,-0.110645408993,-0.699253391432,0.688179814415,126
0.0153329222439,-0.00230689429263,0.108350118679,0.15868858911,-0.111134130763,-0.69900411069,0.688375181063,127
0.0153432477063,-0.00231534753391,0.1083635985,0.158829563728,-0.11079267067,-0.699164245778,0.688235069753,128
0.0154764995998,-0.00273033266565,0.108432382953,0.174003735797,-0.105886672816,-0.705613999785,0.678689616655,129
0.0154580872491,-0.00271202411942,0.108445522503,0.17388833175,-0.105922082761,-0.705548335598,0.678781928604,130
0.0155509341583,-0.00265740428104,0.108444631071,0.173998351706,-0.104999746569,-0.706447339716,0.677961490819,131
0.0154968652231,-0.00265841339175,0.108396627707,0.173440732445,-0.106540232422,-0.705198053072,0.679163601166,132
0.0155374957917,-0.00270329186448,0.108360779358,0.172500833833,-0.107091163798,-0.70514154512,0.679374967384,133
0.0155874946064,-0.00224153192272,0.108376506341,0.160661887945,-0.115458675359,-0.697644088692,0.688585345153,134
0.0155565561198,-0.00222513993559,0.10839629462,0.160882242211,-0.11582887709,-0.697641213655,0.688474627262,135
0.0155864741276,-0.0022505867148,0.108433397186,0.160734484565,-0.11553468038,-0.697670874457,0.688528513597,136
0.0155968120288,-0.0022725679194,0.108398456896,0.161051920802,-0.115255211142,-0.697889901187,0.688279159158,137
0.0155760291621,-0.00231376658574,0.108410173214,0.161458010911,-0.115169717235,-0.698017986722,0.68806841023,138
0.0155496104875,-0.00229268768188,0.108428085897,0.161060996104,-0.115514805254,-0.697962297947,0.688160094706,139
0.0153868227671,-0.00221239654729,0.108434657955,0.161155978448,-0.11624556358,-0.697182009295,0.688805462721,140
0.015260298232,-0.00237126578255,0.108420174648,0.15893771806,-0.110789867809,-0.69944855443,0.687921599221,141
0.0153190509649,-0.00233407151931,0.10839548798,0.158667812466,-0.110837285555,-0.699052815653,0.688378371498,142
0.0154568590342,-0.00253979428345,0.10858465352,0.166073274086,-0.113526921605,-0.699668224532,0.685562310286,143
0.0154686624903,-0.00271294132122,0.108499225894,0.173548223913,-0.105858061161,-0.705908170378,0.678504782487,144
0.0154411725238,-0.00272066887082,0.108444652368,0.173189155209,-0.10653662851,-0.705556768218,0.678855735871,145
0.0155062162976,-0.00260407026518,0.108399716115,0.17196151722,-0.107700267238,-0.704510794928,0.680069429442,146
0.0154932906708,-0.00242799687579,0.108317630955,0.169984058519,-0.109000438755,-0.702520270489,0.682414532196,147
0.015505034721,-0.00195444711144,0.108370844354,0.15875088188,-0.11848190756,-0.691803740936,0.694383020465,148
0.0155317965223,-0.0024727369451,0.108470372667,0.163473463517,-0.11517701057,-0.698172501537,0.687434244899,149
0.0154761636453,-0.00217926275988,0.108339118286,0.160185549297,-0.116432305886,-0.696805312269,0.689381218729,150
0.0154456070869,-0.00223144321647,0.108339631996,0.161030211874,-0.116013404511,-0.697469623796,0.688582808905,151
0.0156314672156,-0.00260930447535,0.108425910831,0.162819148425,-0.115232465442,-0.699682301113,0.686043789655,152
0.0155916990781,-0.00255358761391,0.108496909635,0.162866023307,-0.115708865568,-0.69928390987,0.68635860181,153
0.0154294354937,-0.00253529364778,0.108443676524,0.160701171088,-0.110803895038,-0.70065553795,0.686279423846,154
0.0152574124872,-0.00233966328531,0.108433633424,0.158712083948,-0.110849702233,-0.699432398567,0.687980477745,155
0.0152786333772,-0.00234355184466,0.108400126548,0.158767702453,-0.110965824495,-0.699391297257,0.687990709075,156
0.0153100468426,-0.00231800721977,0.108375462056,0.158517894961,-0.110830606928,-0.699391840535,0.688069550945,157
0.015470494662,-0.00228579195429,0.10845080335,0.161441187961,-0.115956806554,-0.697729834245,0.688232402788,158
0.0154101398823,-0.0024159775545,0.108482068472,0.16536426192,-0.113176882608,-0.69958959867,0.685871742788,159
0.0153963349495,-0.00242224800447,0.108466949932,0.164875605985,-0.113510788467,-0.699445201556,0.686081442303,160
0.0154843346163,-0.00260102219323,0.108371032525,0.17199498236,-0.108214072494,-0.704305635339,0.680191893944,161
0.0154943193798,-0.00257909807056,0.108376721153,0.171864729412,-0.108319181176,-0.704216498067,0.680300370148,162
0.0154767665597,-0.0023486803359,0.108494818849,0.162850222665,-0.116154998822,-0.697334170342,0.688268026353,163
0.0154070780282,-0.00250107667645,0.108451756711,0.165302993242,-0.113034710785,-0.700351405429,0.685132092006,164
0.0155720753066,-0.0022348090377,0.108448713991,0.160257541308,-0.115777141089,-0.697588890326,0.68868201236,165
0.0155784713029,-0.00222764446271,0.108511467376,0.160281240135,-0.116127006526,-0.697369191313,0.688840078265,166
0.0155225966915,-0.00232825562156,0.108552677256,0.160986756178,-0.115386813598,-0.697770825909,0.688393072374,167
0.0153252201537,-0.00236578922922,0.108457827351,0.159086627985,-0.110329349272,-0.699736954842,0.687667851156,168
0.0153206037485,-0.00236884793948,0.108467029256,0.15878659609,-0.110322799205,-0.69975670476,0.687718147951,169
0.0155567804412,-0.00272279953818,0.108489657717,0.166370301469,-0.112354122688,-0.701026904302,0.684294347009,170
0.0154968842586,-0.00254823976404,0.10857078872,0.165908811766,-0.113379247981,-0.700069352012,0.685216983647,171
0.0155501108379,-0.00252643557233,0.108547550636,0.165451828549,-0.112986183814,-0.700252601528,0.685205158146,172
0.015480732722,-0.00215887189839,0.108345223776,0.160725869641,-0.116121846083,-0.697013087658,0.689097719721,173
0.0155979117966,-0.00219374264904,0.108415136308,0.160728790962,-0.115798985378,-0.697207622957,0.688954556724,174
0.0155738208282,-0.00260059481136,0.10836839391,0.171537310655,-0.108013369368,-0.704391318016,0.680250640716,175
0.0155338524788,-0.00235998554195,0.108510970868,0.16437046608,-0.113792753504,-0.698934256381,0.686676389858,176
0.0154027468032,-0.00241771308896,0.108452481901,0.165313976377,-0.11299599837,-0.699665722675,0.685836037316,177
0.0154112343802,-0.00253647619207,0.108501043655,0.165673853029,-0.11322599752,-0.699991270749,0.685378923504,178
0.0154468323714,-0.00251558479872,0.108536106132,0.165550926487,-0.113183931978,-0.69983696113,0.685573129664,179
0.0154364703135,-0.00255472617841,0.108568000987,0.166055175546,-0.113457442217,-0.69982827144,0.685414821822,180
0.015314975567,-0.00231686187104,0.108414450238,0.158691045786,-0.110812172697,-0.699527201402,0.687894983896,181
0.0152836485481,-0.00229189941541,0.108444176706,0.158710046123,-0.110991031858,-0.699211354835,0.688182819733,182
0.0154814303797,-0.00228085377376,0.108514651664,0.161271504865,-0.115335297011,-0.697814939516,0.688290332033,183
0.0154336292095,-0.00216568869437,0.10839554902,0.16078950159,-0.115961779357,-0.6973489168,0.688769983482,184
0.0154478602992,-0.00214580224075,0.108358873826,0.160357437387,-0.116709033562,-0.696861837422,0.689237312763,185
0.0155685242363,-0.00223696645579,0.108456095727,0.161123454008,-0.115254948299,-0.697837684191,0.688315404436,186
0.0155810098655,-0.00224552305042,0.108435976458,0.160624531242,-0.115325699092,-0.697683625861,0.68857628575,187
0.0155976245888,-0.00204071834942,0.108450016946,0.159832284899,-0.115624360451,-0.696468461044,0.689939367442,188
0.0155789127604,-0.00204685429818,0.108415334989,0.160180584536,-0.115151442997,-0.697079710935,0.689320101343,189
0.0155671479523,-0.00196640103736,0.108440691557,0.15933086643,-0.116308182026,-0.695838737785,0.690575508395,190
0.0154473574723,-0.00253880961598,0.108397755474,0.172406325077,-0.107401291212,-0.704771591492,0.679733790204,191
0.0154261331599,-0.00243547730037,0.108507997435,0.165371354552,-0.113322103569,-0.69973981625,0.685692792357,192
0.0155266170795,-0.00263249074767,0.10847002303,0.17114437089,-0.109078332573,-0.703823892084,0.680766810741,193
0.0155488776975,-0.00247944793693,0.108601806163,0.165111944747,-0.113457865594,-0.699609130039,0.68586618491,194
0.0154232215759,-0.00257774118905,0.10861141554,0.166026621177,-0.113444436018,-0.69999929639,0.68524922915,195
0.0154812259342,-0.00249774647818,0.108636587489,0.165897164967,-0.113677562731,-0.700018804739,0.685222019057,196
0.0155403277832,-0.00222125969085,0.108524412176,0.160899790338,-0.11552336438,-0.697630637044,0.688532572947,197
0.0155551079832,-0.00219757858168,0.108475407437,0.160041187458,-0.116144993304,-0.697031419274,0.689234618539,198
0.0155938228567,-0.00219622975706,0.10845304629,0.160427728315,-0.116047232087,-0.69730238881,0.688887046237,199
0.0155576015027,-0.00217402529918,0.108439149991,0.160355620056,-0.116184038247,-0.697020804896,0.689165685388,200
0.0155924477501,-0.0023260748913,0.108543670204,0.161477456845,-0.116627465574,-0.698424250671,0.687405725375,201
0.0155817548009,-0.00228639420471,0.108528708316,0.161527634304,-0.116840384587,-0.698181898543,0.687603944457,202
0.0154927397283,-0.00223397807017,0.108440033194,0.16096379074,-0.117182356929,-0.697696727527,0.688170204014,203
0.0153534396804,-0.00245527335246,0.108438503648,0.165454692423,-0.113814233163,-0.699644401247,0.685688542189,204
0.0154891746884,-0.00248992140418,0.108540271736,0.16541793496,-0.113333502402,-0.699681945569,0.685738725078,205
0.01551455807,-0.00251318010271,0.108539761747,0.16561858253,-0.113179154776,-0.699904083387,0.685489050316,206
0.0154004481676,-0.00242832397673,0.10848551732,0.165305617176,-0.114114940073,-0.699241459691,0.68608542794,207
0.0155469020632,-0.00274674970023,0.108324686726,0.171013261709,-0.107196423909,-0.705117284573,0.679759520726,208
0.0155181778722,-0.0026990690567,0.108368600807,0.17063635461,-0.107409004702,-0.704486984054,0.680473827191,209
0.0155350235926,-0.00244320578285,0.108480845252,0.161621234673,-0.115571526333,-0.699124807882,0.686837900678,210
0.0153807796145,-0.00252048389465,0.108401054966,0.159506725983,-0.110134691065,-0.701492625716,0.685810506084,211
0.0156383151828,-0.00246756462135,0.108488831591,0.161403051402,-0.114946184108,-0.699788379761,0.686318186637,212
0.015493497858,-0.00230018344411,0.108507467041,0.160994356946,-0.115794684186,-0.697649132192,0.688446146403,213
0.0155763067664,-0.00220958344978,0.108480984055,0.160376343704,-0.116056597143,-0.697459328522,0.688738542335,214
0.0155762164921,-0.00224364182977,0.108450997569,0.160677534865,-0.115605111479,-0.697591095594,0.688610812678,215
0.0155617940481,-0.00222208397908,0.108432040369,0.160667342335,-0.115765379703,-0.697607100987,0.688570050628,216
0.0155641115748,-0.00215325802932,0.10842497915,0.160261102353,-0.116147380522,-0.697128404803,0.689085010929,217
0.0154842665558,-0.00215044809381,0.108472430997,0.163537871492,-0.113750534088,-0.696346535169,0.689505390509,218
0.0154912059992,-0.00215431351558,0.108495189477,0.163568076151,-0.113789258397,-0.696377170001,0.689460895366,219
0.0154547470256,-0.00220894845074,0.108475342934,0.1643045688,-0.113615400411,-0.696686300449,0.689001994356,220
0.0153445978708,-0.00213282947184,0.10841992159,0.163919804212,-0.114180361812,-0.696139041074,0.6895531729,221
0.0154512195087,-0.00261383637771,0.108424209841,0.171562278269,-0.109199929598,-0.703262594023,0.681222051829,222
0.0154461247152,-0.00258330202114,0.108471679777,0.1711355177,-0.109512031966,-0.702991046074,0.681559490122,223
0.0154819992126,-0.00223706003724,0.108446324929,0.160904203582,-0.11629705697,-0.69725450131,0.68878225312,224
0.0152819197703,-0.00229795653679,0.108390176353,0.158454726233,-0.111226659962,-0.699034253378,0.68838349955,225
0.015405565065,-0.00217135326338,0.108359856194,0.160836032075,-0.116607181177,-0.697022088904,0.688980945792,226
0.0154413237671,-0.00216635599145,0.108328316669,0.160732602265,-0.11651945134,-0.697111713447,0.688929246733,227
0.0154501819193,-0.00219478387134,0.108289258913,0.160891276906,-0.116261021828,-0.697444075057,0.688599400223,228
0.0154414477903,-0.00218065049895,0.108309607826,0.160829512171,-0.116285081629,-0.697473401157,0.688580062508,229
0.0154560674906,-0.00218322086369,0.108328023541,0.160446589915,-0.116067762576,-0.697441043492,0.688738816336,230
0.0154650619259,-0.00223273405027,0.108331016732,0.161061000302,-0.115642297901,-0.697927839858,0.688173628868,231
0.0155589135343,-0.0023141788206,0.108420948419,0.161277989733,-0.115235866675,-0.698104917294,0.688011358561,232
0.0155615185685,-0.0022386857654,0.108454947997,0.160667942612,-0.115802601829,-0.697521549862,0.688650315548,233
0.0154607314556,-0.00221077255105,0.108398813232,0.160654968125,-0.116197163381,-0.697307478563,0.688803659092,234
0.0153892722642,-0.00222563692476,0.108410051014,0.157645669918,-0.111141037805,-0.698994126911,0.688623789173,235
0.0153080065032,-0.00232281499192,0.108419318758,0.158595111342,-0.110320084054,-0.699688211088,0.687832448331,236
0.015453940804,-0.00262041345556,0.108495176367,0.171770453648,-0.109153107672,-0.703394919018,0.681040452718,237
0.0153631381929,-0.00276948806103,0.108466879174,0.171668529086,-0.107840166943,-0.705088574381,0.679522271005,238
0.0154196882677,-0.00264397255324,0.108531971955,0.171658507257,-0.108655462407,-0.703663195478,0.68087109992,239
0.0154736622827,-0.00228906078336,0.108469866333,0.161053138176,-0.11565156778,-0.697857055173,0.688245691667,240
0.0155512332898,-0.00224661979751,0.108428693061,0.161025256078,-0.115602678696,-0.697866527187,0.688250824784,241
0.0155686718295,-0.00223100604299,0.108406923061,0.160491024255,-0.116170364871,-0.697406284803,0.688746362151,242
0.0155523265791,-0.00228804603319,0.108381914069,0.161452883517,-0.115246398116,-0.697995092718,0.688079998741,243
0.0155804458474,-0.00244568161036,0.108221481482,0.161721421619,-0.114816542691,-0.700249783337,0.685794126725,244
0.0155713954318,-0.00245741539744,0.108244135561,0.161849944082,-0.114787954966,-0.700027623316,0.685995369948,245
0.0156674873335,-0.00246643434091,0.108357487077,0.161440936698,-0.114820006618,-0.69975183881,0.686367652297,246
0.0156230680478,-0.00240763625038,0.108397236995,0.161323335626,-0.115456606337,-0.699209027761,0.686841531165,247
0.0155628129223,-0.00272779150166,0.10822881435,0.165907039732,-0.111379001894,-0.701305330901,0.684280940078,248
0.0155557745585,-0.00274286975856,0.108240751306,0.166178920218,-0.111452521493,-0.701217142258,0.684293373731,249
0.0155769295712,-0.00280983952828,0.108176900728,0.171593262468,-0.107473954027,-0.704853596352,0.67984300334,250
0.0153210332069,-0.00239057431325,0.108374974277,0.15893500504,-0.111165102027,-0.700103509799,0.687195066798,251
0.01536501346,-0.0023769926777,0.108348207221,0.158769371134,-0.111058643817,-0.699904877656,0.687452854134,252
0.0152619743672,-0.00231160689902,0.108342100308,0.158610881629,-0.111208775473,-0.699274105894,0.688106765926,253
0.015265178507,-0.00233122225893,0.108344372859,0.15854745142,-0.110896664285,-0.699384225927,0.688059837531,254
0.0155120453546,-0.00218814383147,0.108435236928,0.160340183577,-0.116205180298,-0.697272016915,0.688911544416,255
0.0154326386572,-0.00224751731498,0.108355911347,0.160945584158,-0.115812415459,-0.697737947339,0.68836455473,256
0.0155713781662,-0.00223087292988,0.108443944091,0.160775179744,-0.115693420656,-0.697672899337,0.688490304599,257
0.0156954133667,-0.00249804378383,0.108351277154,0.161462658843,-0.114457779015,-0.700622984248,0.685533850781,258
0.0156984190351,-0.00251378047911,0.108360786485,0.161708591055,-0.114417323604,-0.700730321079,0.685372909269,259
0.0155809900769,-0.0024429035525,0.108287127175,0.161536569989,-0.114761744892,-0.700146720615,0.685952074185,260
0.0154428153984,-0.00222190244769,0.108346208162,0.160932993989,-0.116023626469,-0.697565710043,0.688506477616,261
0.0154477784458,-0.00221633954591,0.108377598348,0.16073421567,-0.116366535597,-0.697297131572,0.688767051773,262
0.0153622698844,-0.00211861136216,0.108475905898,0.16427160278,-0.114517651894,-0.695751197378,0.689804913923,263
0.015402734299,-0.00218497692251,0.108575960487,0.164852066925,-0.113957217885,-0.69576865829,0.689741634719,264
0.0154370472202,-0.0025497339574,0.108562502624,0.166104886936,-0.113267523161,-0.699855459286,0.685406427487,265
0.0154681245624,-0.00265590775263,0.108425531528,0.171376245007,-0.108457024705,-0.703992647515,0.680633240948,266
0.0154486673158,-0.00264432009126,0.108437103525,0.171591469931,-0.108478996821,-0.703687136963,0.680891392197,267
0.0154377751868,-0.00268167716482,0.108421791519,0.17119033161,-0.108184833732,-0.704258059987,0.680448746826,268
0.015345938991,-0.00255221183239,0.108371768794,0.165408495722,-0.111274970036,-0.702019834982,0.683685645512,269
0.0155011518223,-0.00240147036847,0.108459457523,0.161879770996,-0.115894951298,-0.698619797172,0.687236261416,270
0.0155889890341,-0.00232644601046,0.108445794039,0.161397011777,-0.116029623661,-0.698745489064,0.687199296082,271
0.015445904433,-0.00219494202805,0.108299876411,0.160639137174,-0.116057855552,-0.697429255268,0.688707540012,272
0.0152768811789,-0.00224806255511,0.108255538781,0.158493272831,-0.111622338476,-0.698984052352,0.688361555128,273
0.0156794628561,-0.00244692890836,0.108324866613,0.161662049636,-0.114854452155,-0.699799905313,0.686260831646,274
0.0155676996982,-0.00237915770582,0.108265933018,0.161499694652,-0.11543274138,-0.699233012464,0.68677967728,275
0.0156018332068,-0.00241285240936,0.108276028555,0.161569289589,-0.115269519009,-0.699600462281,0.686416415761,276
0.0153092046492,-0.00221975851732,0.108272352131,0.158154265832,-0.111655350503,-0.69896226503,0.688456289801,277
0.0155021750433,-0.00232923906362,0.108465894849,0.16169769632,-0.115872268102,-0.69782305686,0.68809189343,278
0.0153011139879,-0.00232817716245,0.108375209711,0.158918616536,-0.111146376312,-0.699374294103,0.687944004334,279
0.0154037452503,-0.00213658480581,0.108563556571,0.164265355494,-0.114184978888,-0.69545635968,0.690158775472,280
0.0154579023098,-0.00262162637996,0.108458906343,0.171147486919,-0.109573896387,-0.703057180045,0.681478319933,281
0.0154549356079,-0.00260582730795,0.108451016446,0.171047097481,-0.109131233237,-0.703144828028,0.681484126883,282
0.0154663658109,-0.00237492267444,0.108416281566,0.169797955486,-0.109088389469,-0.700793805263,0.684219570095,283
0.015515956684,-0.0025186409415,0.108446307182,0.170169442847,-0.109066508479,-0.703139340396,0.681719829135,284
0.0155257124484,-0.00259206778364,0.108439261544,0.171341926613,-0.107586577032,-0.704545543388,0.680207799072,285
0.01554681531,-0.00214193885461,0.108423448911,0.159817160878,-0.116163979492,-0.696965198474,0.689350358725,286
0.0155734005663,-0.00222071039735,0.108428709886,0.160181149755,-0.115870280408,-0.697438833612,0.688836084095,287
0.015462925211,-0.0021766247802,0.108344654861,0.160212041738,-0.116283706131,-0.697249291262,0.688951106542,288
0.0155966489797,-0.00232397219735,0.108427049686,0.161052559799,-0.115182878023,-0.698111153391,0.688066708324,289
0.0154796405609,-0.00214307337422,0.108346600843,0.160195771578,-0.116446921074,-0.696907886102,0.689272680171,290
0.0152665160049,-0.00222420007855,0.108266554216,0.15837694688,-0.111566141082,-0.699046629308,0.68833389348,291
0.0154456410916,-0.00214298970307,0.108347201895,0.160402283431,-0.116910636016,-0.696667266812,0.689389389249,292
0.0155342491424,-0.00226494720186,0.108457178866,0.161145261642,-0.11600297542,-0.69724407672,0.688786042123,293
0.0153466864304,-0.00231537356449,0.108378959842,0.158720845383,-0.110701123528,-0.699358021603,0.688077984032,294
0.0153461193223,-0.00231430811565,0.108376176762,0.159047528967,-0.110489923345,-0.699375494848,0.688018733448,295
0.0152870111851,-0.00219149108086,0.108326522417,0.158334946493,-0.111076517534,-0.698894645339,0.688577030323,296
0.01538225345,-0.00230120892087,0.108492716483,0.159462667758,-0.111541019464,-0.699512483976,0.687613658481,297
0.0155464212263,-0.00250189984483,0.108414173033,0.170585857103,-0.10929657223,-0.703106954567,0.681612305562,298
0.0155336766939,-0.00246437371249,0.108406903045,0.170639863482,-0.109519307876,-0.702740652631,0.68194071101,299
0.015531729737,-0.00225217780565,0.108486563155,0.16265375961,-0.116619517553,-0.696412434248,0.689168603489,300
0.0155619601776,-0.00253684066084,0.108433729307,0.170637021039,-0.108592852658,-0.703802379836,0.68099398642,301
0.0156075892346,-0.00223875670283,0.108446263088,0.160717667323,-0.115413488627,-0.697787195567,0.688434882727,302
0.0155681864887,-0.00226632809582,0.108452597981,0.160830389445,-0.115627795713,-0.697661729364,0.688499753137,303
0.0154549175788,-0.00222120509752,0.108373233053,0.160795274061,-0.116158200163,-0.697294352673,0.688790779631,304
0.0152825570164,-0.00241251113671,0.108458231697,0.159944080826,-0.111750956333,-0.700713315246,0.686243735566,305
0.0152955564893,-0.00242981163771,0.108478171205,0.160035060448,-0.111832520052,-0.700911536742,0.68600676713,306
0.0152781647267,-0.00224573172127,0.108355637038,0.158591634449,-0.11114177552,-0.699388226255,0.688006037904,307
0.0155868971636,-0.00280114976787,0.108454143273,0.167469064845,-0.112130462663,-0.701323118235,0.683759281833,308
0.0154842580145,-0.00260709169297,0.108596096846,0.166408594716,-0.112894222593,-0.7004315338,0.684805622471,309
0.015431488256,-0.0025286011609,0.108550877984,0.166091063097,-0.113442032669,-0.699637060912,0.685603855723,310
0.0154733264122,-0.00263546668922,0.108357047765,0.171341673639,-0.109103905134,-0.703473572466,0.681075107166,311
0.0155437483205,-0.0025136204486,0.10835830004,0.170162484102,-0.109911844286,-0.702715963492,0.6820222798,312
0.0155550937263,-0.00248550197617,0.108349949383,0.170153331476,-0.109638797532,-0.702691264595,0.682093955789,313
0.0153466852797,-0.00228764222246,0.108409879425,0.160068307103,-0.111233711712,-0.698422669858,0.688629779103,314
0.0155369909105,-0.00246957745544,0.108414380233,0.170110712904,-0.110073790675,-0.702126488238,0.68261592457,315
0.015594468668,-0.00219446546064,0.108494892057,0.161281352991,-0.116854118325,-0.697537500785,0.688313064823,316
0.0155562198481,-0.00221467184664,0.108422475125,0.160886133364,-0.115914522354,-0.697564088391,0.688537448644,317
0.015547497896,-0.00224311538037,0.108445897195,0.160856976341,-0.116035514937,-0.697533655255,0.688554712584,318
0.0153076340305,-0.00235603026841,0.10845113025,0.160063527549,-0.112396715556,-0.700113555636,0.686722400024,319
0.0153127502422,-0.0023601215246,0.108464498316,0.160170177439,-0.112547796513,-0.700331695076,0.686450307474,320
0.0153232594542,-0.00236325268861,0.108481701647,0.160424373642,-0.112661882774,-0.70016013602,0.686547233946,321
0.0152892473207,-0.00224220783061,0.108269842995,0.15875135515,-0.111255138514,-0.699239467411,0.688102077171,322
0.0153295959719,-0.00238000947601,0.108386272105,0.159362289821,-0.110425732899,-0.699825390256,0.687498539089,323
0.0154544616713,-0.00258765465472,0.108570464122,0.166131360768,-0.11325829601,-0.700285829234,0.684961814066,324
0.0154668061238,-0.00244513154772,0.108555668569,0.165146346365,-0.113886379216,-0.69931898913,0.686082741624,325
0.0154782067534,-0.0026670798588,0.108395530109,0.170661689598,-0.10888861634,-0.70364389344,0.681104344547,326
0.0155543808578,-0.00249506350105,0.108363600318,0.169244114131,-0.109892105402,-0.702699854005,0.68227052566,327
0.0155709633099,-0.00249070960795,0.108352901158,0.169268030692,-0.109585204543,-0.702725729701,0.682287304255,328
0.0155526818686,-0.00246507011912,0.10834923052,0.169281043941,-0.110508376754,-0.701956984788,0.682926217344,329
0.015632665155,-0.00222803802825,0.108471439968,0.161803885689,-0.116079374651,-0.698169216337,0.687680759303,330
0.0156275218401,-0.00225757583881,0.108490274387,0.162120067255,-0.115948535527,-0.698560764804,0.687230586324,331
0.0156124390602,-0.00225177556839,0.108543821986,0.161697003071,-0.116892118064,-0.698154483585,0.687583179682,332
0.0155814293518,-0.00232636681265,0.10846791496,0.161907315366,-0.114810814716,-0.698711632375,0.687318378074,333
0.0154635604481,-0.00220948305212,0.10838792317,0.161736326356,-0.115885936567,-0.698048665548,0.687851634417,334
0.0154910432902,-0.00233337472792,0.108555630219,0.162754081971,-0.117257340719,-0.698953487708,0.68645891856,335
0.0154028189809,-0.0026079701567,0.108393639055,0.160970196169,-0.110668869081,-0.701448768016,0.685427328905,336
0.0153939556019,-0.0025965673138,0.108381395128,0.160929260278,-0.110661256165,-0.701655380422,0.685226668115,337
0.0155928875074,-0.00239580974708,0.108275980568,0.16144974913,-0.115071747022,-0.698258000847,0.687843176746,338
0.0153865405044,-0.00213212577517,0.108420397039,0.163797125476,-0.114095393033,-0.696261519097,0.689472726073,339
0.0155569830392,-0.00270305192944,0.108344068876,0.166788851458,-0.112150451893,-0.700857015351,0.684399882526,340
0.0155631307575,-0.00256782782217,0.108342795434,0.163879213824,-0.114792135408,-0.698346945753,0.687224790212,341
0.0155767548182,-0.00271055816826,0.108238385913,0.17115560548,-0.108786882266,-0.703434452265,0.681212994831,342
0.0154772787769,-0.00245774368932,0.108334119057,0.170283251367,-0.109617870845,-0.702639537387,0.682118184185,343
0.0154413096617,-0.002444621777,0.108359628303,0.170605033469,-0.109845700861,-0.702546809852,0.682096638699,344
0.0155127714263,-0.00208422405463,0.108384258813,0.159965241756,-0.116696591309,-0.69638985469,0.689807362451,345
0.015522001278,-0.00210611476061,0.108376699702,0.160355822947,-0.116562669879,-0.696647922582,0.689478662469,346
0.0156378592741,-0.00219456489632,0.10844838423,0.161043772581,-0.115388719925,-0.697691585511,0.688459728767,347
0.0154895948653,-0.00211356978325,0.108348461787,0.160142544656,-0.116979505835,-0.696756321756,0.689348089646,348
0.0154369819503,-0.00229245292804,0.108385594507,0.158535268336,-0.110614689549,-0.699342436913,0.68815050322,349
0.0155916384133,-0.00260063388706,0.108389883622,0.16417731853,-0.116030159999,-0.699314019658,0.685961159222,350
0.0156569056907,-0.0025733148406,0.108434770921,0.16305502758,-0.115417278045,-0.69975667664,0.685880823035,351
0.0156700553463,-0.00241844596335,0.108298773065,0.161657940767,-0.114603997665,-0.698258832418,0.687871526418,352
0.0156662055051,-0.0024346605522,0.108279081852,0.161775759588,-0.114431658901,-0.698379290591,0.687750220301,353
0.0156643314313,-0.00244860373935,0.108277584058,0.162091195603,-0.113769607111,-0.698819361973,0.687338650257,354
0.015659523922,-0.00287919068528,0.108104679346,0.172639776034,-0.105187481649,-0.706165070617,0.678573499685,355
0.0156647606721,-0.00269658510145,0.108375126067,0.16569198826,-0.111446933999,-0.702434264233,0.683163121341,356
0.0156493399035,-0.0026681241198,0.10837845288,0.165518380664,-0.111564952629,-0.70228108075,0.683343406076,357
0.0156218929702,-0.00259428872867,0.108330323571,0.164908622285,-0.111136584577,-0.701524143741,0.684337403342,358
0.0156125985397,-0.00260814734009,0.108337358864,0.16503263861,-0.111095974508,-0.701587960739,0.684248672623,359
0.0155283061528,-0.00282617240515,0.108277688817,0.17194931959,-0.107929564881,-0.704600172263,0.679943554836,360
0.0152738285735,-0.00232598706887,0.108410786766,0.159634833643,-0.111570517978,-0.700104472417,0.686966132431,361
0.0154165283415,-0.00257573052167,0.108358458635,0.160781152913,-0.110200322586,-0.701363134054,0.685634789053,362
0.0154304561489,-0.00263092207318,0.108360630078,0.161057969112,-0.110037541722,-0.701770935735,0.685178534219,363
0.0154493277161,-0.00263712510166,0.108375690572,0.161221740974,-0.110156941671,-0.701812629184,0.685078121062,364
0.0154936815789,-0.00234053984042,0.108522558461,0.162079276999,-0.117210078016,-0.698781176917,0.686801989197,365
0.0155092781253,-0.00231821128357,0.10852637893,0.162122450524,-0.117192292352,-0.698662256097,0.686915809655,366
0.015461611919,-0.00217513846022,0.108390299659,0.160968690792,-0.116283746842,-0.697358416694,0.688664221135,367
0.0154729918882,-0.00217697482963,0.108360987783,0.160837763225,-0.116300968827,-0.697303566099,0.688747439397,368
0.0155792919506,-0.00225853800738,0.108422914349,0.161091632056,-0.115504739257,-0.697789813116,0.688329512663,369
0.0155805136242,-0.00223612324573,0.10841564407,0.161122355212,-0.115383482629,-0.697941095386,0.688189266088,370
0.0155478993121,-0.00217490340666,0.108401663884,0.160566795201,-0.116082872249,-0.697355497618,0.688794875846,371
0.0154332204584,-0.00220717175077,0.108364922492,0.161059001892,-0.116076599002,-0.697506253426,0.688528320046,372
0.0154532643287,-0.00261665941215,0.108339173139,0.170492663514,-0.109686189582,-0.702885618769,0.681801289549,373
0.0154426534232,-0.00260536578008,0.108355906251,0.170372356552,-0.110164406422,-0.702470575678,0.682181906816,374
0.0153805821457,-0.00266269423847,0.10832974428,0.169971966823,-0.10970460018,-0.703364929916,0.681433934111,375
0.0153646913472,-0.00252406230521,0.10837127704,0.165458899659,-0.11119669053,-0.702005894821,0.683700498885,376
0.0155353582899,-0.0024190218934,0.108608362442,0.162300119311,-0.116518957482,-0.698558891678,0.68709350068,377
0.0153742584626,-0.00251438958327,0.108543393724,0.160900070172,-0.110999223972,-0.701124251416,0.685722337227,378
0.0154961974859,-0.00233375569377,0.108527049835,0.162312080032,-0.117063150321,-0.698518388397,0.687039350099,379
0.0156436073373,-0.00265022994255,0.108428755539,0.163590815382,-0.114958075285,-0.700399624656,0.685173738427,380
0.0156765999033,-0.00269477100628,0.108383876432,0.163752362784,-0.114576058614,-0.700685567269,0.684906728172,381
0.0156535291711,-0.0025561114983,0.108209782768,0.162824874514,-0.113367235969,-0.699280480617,0.686762505876,382
0.0154657177775,-0.00217465984117,0.108329549698,0.160143604392,-0.116403068361,-0.697200019777,0.688996722831,383
0.0154638165535,-0.00222526230151,0.108328323246,0.16140769398,-0.115491416288,-0.6980748098,0.687968639554,384
0.0155126874364,-0.00223002595634,0.108447634374,0.16184615563,-0.116385570236,-0.697673511902,0.688122003527,385
0.015281083882,-0.00221640821067,0.108291355358,0.158682968977,-0.110906437412,-0.699570046806,0.687838082044,386
0.0154100923783,-0.00235688571617,0.108411351559,0.159682460292,-0.111189604276,-0.699990430295,0.687133015705,387
0.0153905843982,-0.00234813679951,0.108417725148,0.159806457976,-0.1113074295,-0.700001800294,0.687073527152,388
0.0153475231845,-0.00231204081657,0.108339191491,0.159181335942,-0.110498092707,-0.699557909617,0.687800992212,389
0.015364871691,-0.00231374043723,0.108495047958,0.159689242995,-0.111895162029,-0.699436436843,0.687580896479,390
0.015391310277,-0.00234507114926,0.108513186529,0.159671023547,-0.111713039344,-0.69963749881,0.687410162377,391
0.0154696366415,-0.00254424154876,0.108358192201,0.16027986395,-0.11068226672,-0.701067282084,0.685977016406,392
0.0156568397291,-0.00236327527192,0.108447335545,0.161063639422,-0.115610873426,-0.698664593091,0.687430299277,393
0.0155015276223,-0.00226418313673,0.108310581627,0.160769526229,-0.116136502611,-0.698207156323,0.687875162407,394
0.0153374140626,-0.00229269180002,0.108255400619,0.158346314635,-0.111086423701,-0.700092729475,0.687354654634,395
0.0154426336545,-0.00220116199157,0.108311204482,0.160842539219,-0.11588596909,-0.697614079714,0.688501790506,396
0.0152782308454,-0.00223613671646,0.108266822454,0.158329702096,-0.110997982637,-0.699327951363,0.688150833559,397
0.0152721939341,-0.00226572886889,0.108273187065,0.15875929584,-0.110876169325,-0.69951494423,0.687881387929,398
0.0153285635229,-0.00223260120899,0.108381469134,0.158365778793,-0.111033515572,-0.699250381822,0.68821562177,399
0.0154850555904,-0.00223414720395,0.10844375184,0.160850048146,-0.115874117807,-0.697411747016,0.688706981203,400
0.0153095557114,-0.00229601626733,0.108361851171,0.15861863724,-0.110693986138,-0.699548960181,0.687908585251,401
0.0154743156329,-0.00255714435077,0.108440173562,0.171027597073,-0.10969929153,-0.702580614356,0.68197955014,402
0.0155047791112,-0.00253160559641,0.1084541672,0.170838694449,-0.109747838339,-0.70246509124,0.682138071104,403
0.0154864558646,-0.002589832437,0.108412840926,0.171477435801,-0.109600340038,-0.703022947465,0.681426437565,404
0.0153798250125,-0.00231783721301,0.108472987754,0.159270012509,-0.11153325673,-0.699459302878,0.687713660891,405
0.0156203778393,-0.00226270830355,0.10853776603,0.161643134257,-0.116150739827,-0.698262725949,0.687611567919,406
0.0154757189707,-0.00216328444219,0.10834570638,0.160698697188,-0.11604637041,-0.697329344661,0.688796743395,407
0.0156374051732,-0.0023392999946,0.10854938166,0.161650901331,-0.11616882271,-0.698709321269,0.687152876077,408
0.0156794664055,-0.00262031267508,0.10835084818,0.162818533565,-0.114452324587,-0.700451721444,0.685389069398,409
0.0156657644437,-0.00263786291689,0.108361286864,0.163026610586,-0.11464901018,-0.700696479311,0.685056474013,410
0.0152934258836,-0.00219697403726,0.108299445656,0.158282350645,-0.11112539945,-0.699063033738,0.68841028314,411
0.0154454616386,-0.00213893909908,0.108338268749,0.160190359173,-0.116664969452,-0.69674363787,0.689403101834,412
0.0155870305821,-0.00232877867527,0.108479433463,0.160965201569,-0.115790408908,-0.697926115234,0.688172887263,413
0.0153212994304,-0.00231766448216,0.108329573451,0.158977259623,-0.111131045844,-0.70034339464,0.686946323344,414
0.0153790969376,-0.00245544039805,0.108400941302,0.159543090543,-0.110552396558,-0.700845103928,0.686396612882,415
0.0153574277418,-0.00253845854639,0.108388665113,0.165535249557,-0.111270536841,-0.702003193024,0.683672776823,416
0.0153783878751,-0.0024920585195,0.108374569136,0.165068679189,-0.111354508298,-0.701920500598,0.683856794565,417
0.0153615598706,-0.00246070640629,0.108360397927,0.16499500925,-0.111841953919,-0.70125004222,0.684482580167,418
0.0154740684943,-0.00257549977361,0.108373441565,0.170402720765,-0.109620267631,-0.702746501964,0.681977758917,419
0.0155172243546,-0.00251529707597,0.108369243652,0.170732636143,-0.109570300637,-0.703107140869,0.681531411332,420
0.0155443725207,-0.00217909925717,0.108411243645,0.160749287013,-0.115982737408,-0.697461904633,0.688661428376,421
0.0155562316285,-0.00218479537275,0.108419176363,0.160467848021,-0.116428027381,-0.697216988485,0.688899887617,422
0.0156890140295,-0.00248287567857,0.1083524666,0.161896998079,-0.114369505428,-0.700422276226,0.685651232922,423
0.0155506266134,-0.00235432205656,0.108274893003,0.160976073621,-0.115840468703,-0.699116928439,0.686952116164,424
0.0155413911532,-0.00234086057206,0.108291881097,0.160939440344,-0.115645210147,-0.699293685398,0.686813674495,425
0.0154582315347,-0.00217425021628,0.108343638554,0.160437190257,-0.116367592209,-0.697147437636,0.688987620835,426
0.0154642547625,-0.00218475604707,0.108349153237,0.160578497978,-0.116431412611,-0.697203437399,0.68888724696,427
0.0154760734396,-0.00221123934279,0.108383142702,0.160721905043,-0.116111766014,-0.697459503603,0.688648508214,428
0.0153340921241,-0.0023457542034,0.108405894874,0.159117346211,-0.11065398496,-0.699628875289,0.687718548979,429
0.0153070050544,-0.00233158949103,0.108362828608,0.158855612882,-0.110566912748,-0.699635145858,0.687786678224,430
0.0154605820356,-0.00266523773288,0.10843329914,0.171731533303,-0.108121610768,-0.70414924583,0.680435035365,431
0.0154859547956,-0.00266549630287,0.108387194634,0.171349126944,-0.108138139044,-0.704292543117,0.680380506253,432
0.0154779904886,-0.00272003133595,0.108344121121,0.171750643098,-0.108258564387,-0.704532635179,0.680011445345,433
0.0155243651913,-0.00255068941894,0.10837453719,0.170570204544,-0.109785716352,-0.703146278901,0.681497037612,434
0.0155663448538,-0.00250310203351,0.108388215424,0.170050993454,-0.110060934433,-0.702752100529,0.681988808954,435
0.0155144818986,-0.00240962711489,0.108514586259,0.165165991562,-0.113466906046,-0.699432431213,0.686031872897,436
0.0155688509157,-0.00223674548193,0.108391273642,0.161156188674,-0.115628222858,-0.697916481156,0.688165228897,437
0.0155612882372,-0.0022910955887,0.108425626266,0.161415936283,-0.115427145767,-0.698003857738,0.688049477957,438
0.0154562839625,-0.00221114752823,0.108323483625,0.161104804045,-0.115956928121,-0.697681377398,0.688360318849,439
0.0156818627781,-0.00262465328976,0.108391856311,0.163689429289,-0.115219299478,-0.699849169627,0.685668595999,440
0.015481368104,-0.00262104715227,0.108362879459,0.161293562822,-0.110694789571,-0.701129707051,0.685673525846,441
0.0154458325327,-0.00250428831024,0.108223938167,0.159864728433,-0.109408312556,-0.700577333922,0.686778340472,442
0.0154351032175,-0.00220560475063,0.108385949514,0.160943840999,-0.116327904897,-0.697339193643,0.688682036644,443
0.0152507280223,-0.00221900048362,0.108312305583,0.158449438534,-0.111267157536,-0.699134316744,0.688276544881,444
0.0152738912003,-0.00223717594642,0.108298332808,0.158684007778,-0.112354984374,-0.699022974144,0.688158865946,445
0.0155020405891,-0.00214390956895,0.108253624034,0.159550373506,-0.116092628984,-0.696883244658,0.689507014557,446
0.0153251523039,-0.0023103123507,0.108407579581,0.159214863392,-0.111772827082,-0.700082297139,0.687053301887,447
0.0155970519495,-0.0022028858388,0.108397768057,0.160211645117,-0.11569611326,-0.697552937426,0.688742722382,448
0.0154032400214,-0.00218942165214,0.108373530225,0.157901827499,-0.111334887237,-0.698832608762,0.688697713577,449
0.0155098820152,-0.00222216266302,0.10830250156,0.166830375685,-0.113472824621,-0.698685174659,0.686389518082,450
0.015380574866,-0.00239690281882,0.108386429612,0.163006736803,-0.116045967718,-0.6973723419,0.688210690041,451
0.0155754910153,-0.00273456171091,0.108341494046,0.166316536516,-0.111728287932,-0.701295551304,0.684134598656,452
0.0155142681457,-0.00257931019164,0.108547650415,0.165800855409,-0.112996269358,-0.700588163264,0.684775981582,453
0.0153810673644,-0.00215109204959,0.10840013797,0.164066167634,-0.114015601382,-0.696396762502,0.689285343276,454
0.0154826581162,-0.00232741123739,0.108487182989,0.161947932898,-0.11727440204,-0.698471559468,0.687136858472,455
0.0154244009884,-0.0021615706171,0.108336603652,0.160784143933,-0.116600436379,-0.697190610261,0.688823671384,456
0.0154521790589,-0.00235503800789,0.108494890336,0.162041160388,-0.117359052096,-0.698970854934,0.686592498637,457
0.0154506784744,-0.0021769697113,0.108353438775,0.160618187358,-0.116417754329,-0.697401925049,0.688679358849,458
0.015572103099,-0.00223905239771,0.108462204011,0.160844734375,-0.11586081608,-0.697646308531,0.688472854159,459
0.0155610053792,-0.0022311576348,0.108461924261,0.160985632794,-0.115955051194,-0.697630665371,0.688439907959,460
0.0156210539257,-0.00222123591252,0.108534458916,0.160988105667,-0.116983962888,-0.697648588717,0.688247069679,461
0.0155700824165,-0.00216099651649,0.108412091649,0.160126405883,-0.11625669644,-0.697216883127,0.689008369002,462
0.0153266436746,-0.00232963635391,0.108427568715,0.159448690308,-0.111351374659,-0.699788078184,0.687367174189,463
0.0155637065104,-0.00212423689588,0.108405472902,0.159958457671,-0.116433704164,-0.697052330312,0.68918396177,464
0.01559749591,-0.00217748674797,0.108416192506,0.160361436541,-0.11582215534,-0.697128829185,0.689115979731,465
0.0155983140849,-0.00220178961921,0.108411678108,0.160298973322,-0.11569604767,-0.697141576932,0.689138799821,466
0.015488510414,-0.0021741229887,0.108383628705,0.160304976017,-0.115929557469,-0.697013984712,0.689227217603,467
0.0156063673823,-0.00231882018977,0.108550554123,0.161468486222,-0.116643713694,-0.698396534468,0.687433235054,468
0.0156516259431,-0.00255625968589,0.10840590807,0.162221699231,-0.115452235183,-0.699718890727,0.68611105198,469
0.0156013450835,-0.00212452303854,0.108391773483,0.161063795031,-0.11647033873,-0.694971027894,0.691019814849,470
0.0153453644696,-0.00236976652288,0.108407513655,0.159243771891,-0.110278420908,-0.699645322263,0.687732879853,471
0.0152726042766,-0.00223534721704,0.108296069613,0.158757788102,-0.111123038681,-0.699370628173,0.68798863322,472
0.0153095278012,-0.00221709879375,0.108338237869,0.158416778774,-0.111335720097,-0.699157958333,0.688248959994,473
0.0155824952821,-0.00227810965344,0.108489071685,0.161196425062,-0.115731038936,-0.697763566708,0.688293574101,474
0.0152315444028,-0.0022171212763,0.108316197827,0.158414540996,-0.111291305519,-0.699102516775,0.688312973549,475
0.0155681219315,-0.00221163261754,0.10841407532,0.160845698031,-0.115854017073,-0.69757823683,0.688542744972,476
0.0154823546017,-0.00223640105671,0.108431544695,0.161879979088,-0.116816614633,-0.697836295905,0.687875900896,477
0.0156222051323,-0.00222620788473,0.108482767851,0.161431608791,-0.116325859502,-0.697803606626,0.68809756334,478
0.0155881535128,-0.00217818550523,0.108392539141,0.160626447487,-0.11579422399,-0.697736424265,0.688443697271,479
0.0155889181954,-0.00216400201522,0.108414558877,0.160119932411,-0.115855036808,-0.697467438055,0.688823918389,480
0.0155227712211,-0.00224801925052,0.108425765825,0.16093314493,-0.115663673773,-0.697598829846,0.688533448737,481
0.0152985844046,-0.00227322497945,0.108417302138,0.159032910371,-0.111837102135,-0.699892369821,0.687278449153,482
0.0153997156942,-0.00221695907527,0.108386325447,0.15839838938,-0.111007157941,-0.699164704172,0.688299409827,483
0.0153491382253,-0.00232472447143,0.108397025994,0.158875597018,-0.110454478937,-0.699357060333,0.688082883756,484
0.0153799860029,-0.00236411067979,0.10841971272,0.159167780968,-0.110012487126,-0.699644773724,0.687793617867,485
0.0155613710978,-0.00230310179808,0.108485108917,0.160312349904,-0.115820950627,-0.697055706855,0.689201566601,486
0.0153259524869,-0.00221568082959,0.108300737787,0.158253195676,-0.111068694726,-0.698852458559,0.688639900293,487
0.0155008990461,-0.00235667029936,0.108414873833,0.162209431141,-0.115880184918,-0.697855309069,0.687937388718,488
0.0154966695635,-0.00233716564993,0.108376914764,0.161875912901,-0.116463320382,-0.697392152813,0.688387005269,489
0.0155964055622,-0.00227742104964,0.108398534036,0.160518905722,-0.115729840583,-0.69746582649,0.688753733771,490
0.0154544361849,-0.00220730686692,0.108371212696,0.160972135824,-0.11584626297,-0.697416128406,0.688678704973,491
0.0155413029994,-0.00262937856312,0.108371217095,0.172540780913,-0.107833100869,-0.704295974546,0.68012416625,492
0.0155548140085,-0.00254445845481,0.108371417471,0.170681908716,-0.109994941871,-0.702596958774,0.682001695248,493
0.0155650381003,-0.00250351936688,0.108356770804,0.170127304078,-0.109885681806,-0.702518281289,0.682238889097,494
0.0155604533533,-0.00218060316289,0.108401782789,0.160800248594,-0.116088412898,-0.697318951746,0.688776480419,495
0.015497108599,-0.00230038808267,0.108398373073,0.161359572383,-0.115386715311,-0.697806222748,0.68826991059,496
0.0153054313365,-0.00230937178913,0.108392371432,0.159696350218,-0.111684925927,-0.699693115202,0.687352236911,497
0.0155428857046,-0.0023006624453,0.108445937357,0.161067259322,-0.115471737803,-0.697735300596,0.688396009609,498
0.0155100006318,-0.00230330006059,0.108479193707,0.161042078693,-0.115588980364,-0.697528925561,0.688591340719,499
0.015563186466,-0.00222534929656,0.108488096318,0.160516899528,-0.116180128318,-0.697278144243,0.688868414366,500
0.0155712368714,-0.00229891031237,0.10848904064,0.161187243776,-0.115441485708,-0.697768251277,0.68833959884,501
0.0155837351474,-0.00229237812851,0.108478925528,0.160947643072,-0.115387524638,-0.697817298353,0.688354990878,502
0.0155729829094,-0.00232077090738,0.108455616212,0.161382726401,-0.115191762824,-0.697942806812,0.688158638554,503
0.0155691691531,-0.00230119758415,0.108443017587,0.161175741033,-0.11517728073,-0.697912611878,0.688240191131,504
0.015611231551,-0.00222889269122,0.108458890725,0.160584018919,-0.115319167173,-0.697660106625,0.688610657901,505
0.015611119632,-0.0022072154282,0.108447828915,0.160976386426,-0.115592852752,-0.697441713168,0.688694382248,506
0.0155272218054,-0.00227141381923,0.108435030766,0.161184519735,-0.116802154531,-0.697868135222,0.688009355414,507
0.0155839391186,-0.00216563980022,0.108402711334,0.160615202842,-0.116182795778,-0.697201806368,0.688922314763,508
0.0155379588746,-0.00250003445978,0.108352348714,0.170093702733,-0.110304975911,-0.702465566527,0.68223388396,509
0.0154677741579,-0.00258475536867,0.108376815037,0.170806044272,-0.109850883021,-0.70265633169,0.681932664034,510
0.015500398288,-0.00261998838509,0.108403227139,0.171205855612,-0.109522463858,-0.703087316264,0.681440834279,511
0.0154830051919,-0.00261287783556,0.108425798036,0.1711401653,-0.109788747108,-0.702857179673,0.681651861152,512
0.0152870549229,-0.00218625413013,0.108304763441,0.157991619487,-0.111348229948,-0.698816721432,0.688691084382,513
0.0155978211333,-0.00223557366236,0.108475313437,0.160543464609,-0.115800175776,-0.69763723401,0.688562564321,514
0.0155512625528,-0.00229300493991,0.10847241452,0.161078511183,-0.115510696435,-0.697512583723,0.688612509175,515
0.0156088440013,-0.00224348985463,0.108491754667,0.160665203016,-0.115699489788,-0.697542267642,0.688647301204,516
0.0155182011003,-0.00255744868488,0.108594625055,0.165633388336,-0.113875612011,-0.699942656054,0.685330725922,517
0.0154960046402,-0.00250692449296,0.108607590368,0.165444800988,-0.114114540417,-0.699549038531,0.685738311736,518
0.0154980946954,-0.0024987913692,0.108557485246,0.165347772068,-0.113863525693,-0.699621157534,0.685729864976,519
0.015451553026,-0.00219995395055,0.108315851364,0.16037898224,-0.116349551787,-0.697003858701,0.689149464783,520
0.0155470787498,-0.00222870815104,0.108397906954,0.160393504285,-0.116191319877,-0.697167915799,0.689006820103,521
0.0155566150113,-0.00222558553931,0.108375381366,0.160779040594,-0.115538220974,-0.697574645425,0.688615011208,522
0.015488681054,-0.00217221723624,0.108306369536,0.160618968456,-0.116114092252,-0.697303813334,0.688829773212,523
0.0156064154189,-0.0022156568525,0.108531272037,0.160617525769,-0.117307191527,-0.697279478408,0.688652570041,524
0.0153781070213,-0.0024090261878,0.108473973983,0.159800995653,-0.111125729994,-0.700145542192,0.686957737907,525
0.015406144785,-0.00240108245592,0.108485731854,0.165728828874,-0.11406346207,-0.699259526502,0.685973466321,526
0.0154750277619,-0.00252992417333,0.108557025364,0.166296340148,-0.113667951867,-0.699146907516,0.686016563709,527
0.0154602591134,-0.00254587188993,0.10856885286,0.166084273896,-0.113760475769,-0.699229014047,0.685968916229,528
0.0155343984792,-0.00217058572625,0.108398889567,0.160188408221,-0.116572671245,-0.696669927271,0.689493653797,529
0.0156277280775,-0.00224640068695,0.108476723945,0.160439943913,-0.115909965466,-0.697282648778,0.688927290805,530
0.0155894793905,-0.00224997238333,0.108422563436,0.160388537342,-0.115932554675,-0.697323311522,0.688894301809,531
0.0155670341396,-0.00224804577023,0.108424257116,0.160684045963,-0.115700206627,-0.697671494242,0.688511863138,532
0.0155766218104,-0.00221202699094,0.10840227999,0.160049052505,-0.116273322052,-0.697282199684,0.688957436548,533
0.0155429672888,-0.00226943502716,0.108414833057,0.161060742201,-0.115476344984,-0.697687316143,0.688445393596,534
0.015543001527,-0.00224606023458,0.108410427662,0.16092455739,-0.115661480246,-0.69774862015,0.688384029372,535
0.0155762577763,-0.00225861474831,0.108406269298,0.160878552397,-0.115379335711,-0.697767737941,0.688422751046,536
0.0155609643867,-0.00219933979416,0.108433101812,0.160370934183,-0.11608303134,-0.697413973428,0.688781273679,537
0.0155589752823,-0.00216497955119,0.108454308613,0.160269077553,-0.116230167944,-0.697287362151,0.688908343268,538
0.015366251258,-0.00221184673048,0.108393093473,0.158513125557,-0.111230683058,-0.698956825153,0.688448023271,539
0.0153369277291,-0.00232687701509,0.108375941278,0.159182923169,-0.110658330845,-0.699698559102,0.687631774408,540
0.0153487652505,-0.00232502478412,0.108399204865,0.15892196956,-0.110828548435,-0.699464529096,0.68790276419,541
0.0153146512155,-0.00234689074689,0.108392798161,0.159267579093,-0.110527260702,-0.699849396741,0.687479734081,542
0.0153112431111,-0.00235388022664,0.10839436815,0.159000949948,-0.110686530699,-0.699672054898,0.687696303198,543
0.0154999314462,-0.00231835872514,0.108454075111,0.161352152846,-0.115329614644,-0.6980565225,0.688027364392,544
0.0153704723656,-0.00226272297162,0.108358047187,0.158281782353,-0.111015961434,-0.699297578375,0.688189821605,545
0.0154515610006,-0.0021916359904,0.108336653199,0.160868031094,-0.116385149955,-0.697322126705,0.688707358063,546
0.0154957041678,-0.00230499922213,0.108448715191,0.161946246017,-0.116870837116,-0.698234487439,0.687446886227,547
0.0154380771785,-0.00238557914359,0.108448255927,0.159738606537,-0.111588058824,-0.700380983796,0.686657236361,548
0.0156473281049,-0.00232751868498,0.108522200973,0.161423363983,-0.116258166035,-0.698390730566,0.687515035363,549
0.0155528068956,-0.00223648240038,0.108432546906,0.160761862354,-0.115886114933,-0.697544452832,0.688591147417,550
0.0155650952988,-0.00221203978304,0.108435841479,0.16057524631,-0.116063439278,-0.697398382871,0.688752759634,551
0.0155547584727,-0.00219917483791,0.10845101867,0.160567127332,-0.116045568452,-0.697378824443,0.68877746688,552
0.0153900161149,-0.0022751497728,0.108395731034,0.158636202251,-0.110867511393,-0.699385378523,0.6880429075,553
0.0155708119425,-0.00222886097153,0.108445869726,0.160796467749,-0.11602464596,-0.697468079623,0.688637099927,554
0.015386523462,-0.00227635002621,0.108387794351,0.158572205757,-0.110788291571,-0.699410958153,0.688044418354,555
0.0153959045066,-0.00234639524936,0.108502406997,0.159506010342,-0.111733829293,-0.700218482177,0.686853304043,556
0.0153431941519,-0.00236156180677,0.108483921951,0.159329723879,-0.111542565841,-0.700373527427,0.68676722197,557
0.0153253535669,-0.00241869283176,0.108481981496,0.15996115171,-0.111414261424,-0.700304115008,0.686712049404,558
0.0154166596147,-0.00252406793044,0.108542456172,0.166052460697,-0.113510064559,-0.699594269304,0.68564561101,559
0.0154148748927,-0.00254591914701,0.108527415762,0.166171400415,-0.113524971263,-0.699826415442,0.685377366736,560
0.0154411556014,-0.00245092210375,0.108473614035,0.165027971567,-0.114140421569,-0.699283925911,0.686104746906,561
0.0156072765634,-0.00224999576524,0.108436796824,0.160969129628,-0.115831900565,-0.697820954259,0.688271622192,562
0.0156032778284,-0.00221520074532,0.108419634637,0.160883137228,-0.115863750729,-0.697540823588,0.688570262828,563
0.0155881059734,-0.00221186447915,0.108415271532,0.160890639412,-0.115919250589,-0.697539139005,0.688560875339,564
0.0155719236361,-0.00221170447268,0.108422827528,0.160991535547,-0.115897315066,-0.697577711927,0.688501905347,565
0.0155561152751,-0.00220426633192,0.108399116419,0.160655019702,-0.115942579484,-0.697437085318,0.688715322125,566
0.0155494013966,-0.00222623353705,0.10840887465,0.160762111571,-0.115904885217,-0.697486441266,0.688646691212,567
0.015557365412,-0.00223079566621,0.108391200909,0.16073334983,-0.115801278112,-0.697547307209,0.688609184114,568
0.0153563965298,-0.00226801889572,0.108330023272,0.158317430845,-0.11091662951,-0.699392485024,0.68810118753,569
0.0152877717941,-0.00232113625135,0.108332913371,0.158779458524,-0.110860902522,-0.699354764723,0.688042045882,570
0.0152888184737,-0.00233577008904,0.108340794221,0.158868474485,-0.110750507655,-0.699427451783,0.687965386165,571
0.0153683143191,-0.00245159315797,0.108353139908,0.159551410929,-0.110468701328,-0.700617464041,0.68664050447,572
0.0153215300271,-0.00232524088896,0.108292866177,0.158963598945,-0.111376831662,-0.700327159027,0.686926230325,573
0.0156464576897,-0.00236578714373,0.108451140882,0.161509583671,-0.115201917333,-0.699278694073,0.68676959793,574
0.0153685315117,-0.00199580264804,0.108474808614,0.158311630974,-0.112849727296,-0.696536251298,0.6906805464,575
0.0155548411386,-0.00220974369522,0.108431830481,0.161075770445,-0.115780339061,-0.697810116379,0.688266337069,576
0.015472203018,-0.00209053554771,0.108454908047,0.16401273702,-0.114122719263,-0.696132928189,0.689546788358,577
0.0154694172191,-0.00207011876377,0.10844541535,0.164010614534,-0.114564694058,-0.696011083425,0.689596998938,578
0.0154864079037,-0.00236848945443,0.108528998959,0.16539392588,-0.114181863421,-0.699271445033,0.686022446797,579
0.015590469412,-0.00215728023895,0.108402159537,0.160485978734,-0.116285077265,-0.697136447871,0.689001309495,580
0.0155933619543,-0.00218076664435,0.108423340762,0.160453495373,-0.116120289198,-0.697597347252,0.688570036646,581
0.0155785644086,-0.002221054789,0.108444428638,0.161234925106,-0.115205928747,-0.698125850738,0.688005224863,582
0.0153049646349,-0.00233324623459,0.108375828885,0.158783174934,-0.110362408386,-0.699739111593,0.687730483461,583
0.0152481401489,-0.00218441350962,0.1083106564,0.158148236666,-0.111369140229,-0.699070349986,0.688394287901,584
0.0152993015041,-0.00231995158281,0.108363852157,0.159092795798,-0.110569340222,-0.69974636791,0.687618298131,585
0.0153488479485,-0.00234748049084,0.10838529484,0.159129279227,-0.110673850663,-0.699645487492,0.687695690771,586
0.015454127995,-0.00252647366399,0.10857169904,0.165775701335,-0.113653007405,-0.699133486457,0.686158712595,587
0.0154522768703,-0.00259303683992,0.10837881873,0.170831852957,-0.109751906466,-0.703243468005,0.681336643482,588
0.0155009942067,-0.00251132059847,0.108552648113,0.165367049127,-0.113758009542,-0.699706353198,0.685655798212,589
0.0156182517146,-0.00235443972582,0.108421456082,0.161091621882,-0.115499605482,-0.698959796266,0.687142295087,590
0.0155401411322,-0.00256050565593,0.108413402921,0.165082019859,-0.112261752247,-0.700482223015,0.685178721898,591
0.0155274025227,-0.00258497126709,0.108409332623,0.165227957191,-0.111950787724,-0.700663036217,0.685009527649,592
0.015476047225,-0.00225332875194,0.108492866786,0.16453570828,-0.113343583776,-0.696893532572,0.688781995247,593
0.0154366814503,-0.00218644026955,0.108374748906,0.160304749108,-0.116580945961,-0.696914611446,0.689217886307,594
0.0155880336308,-0.00222205508896,0.108439576503,0.160123144987,-0.116061629242,-0.69720044962,0.689058640252,595
0.0155576473295,-0.00219373228652,0.108460989205,0.160290683417,-0.116569404479,-0.696923808689,0.689213809809,596
0.0153186242924,-0.00234549015413,0.108374656837,0.15910297125,-0.110486320424,-0.699598177822,0.687780057233,597
0.0153291718243,-0.00233672126076,0.108397448308,0.158995436927,-0.110560409144,-0.699490934615,0.687902085589,598
0.0153442145212,-0.00234117915489,0.108400401626,0.159138916442,-0.11061277888,-0.699489391504,0.687862057098,599
0.0153251948906,-0.00235283682717,0.108384612508,0.158755262781,-0.110553209971,-0.699446144952,0.688004247528,600
0.0154658684981,-0.00259856976927,0.108436194641,0.171478493474,-0.110409137229,-0.702203546374,0.682140108887,601
0.0154576687279,-0.00261336438121,0.108418913761,0.171185121291,-0.109833307538,-0.702595946601,0.681902657733,602
0.015431010107,-0.00260490667321,0.108374992445,0.170947633619,-0.10988213558,-0.702950864712,0.681588515631,603
0.0155411577474,-0.00259375517474,0.108381871762,0.170290427736,-0.109380450106,-0.703529996941,0.681236105003,604
0.0155227490924,-0.00245828378782,0.108462367616,0.163459123305,-0.115264724433,-0.698151758218,0.687444020126,605
0.0154282616119,-0.00251340009501,0.108430426035,0.165733253584,-0.11348964697,-0.700005469817,0.685306450366,606
0.0155761333918,-0.00229193102237,0.108421785469,0.160691834089,-0.115788743497,-0.697438573527,0.688731106814,607
0.0155479386931,-0.00228549653119,0.108456121879,0.16066863675,-0.115935179827,-0.697327319817,0.688824529383,608
0.0155028821091,-0.00234255840123,0.108452799068,0.161168697182,-0.115756866707,-0.697186115311,0.688880627886,609
0.0152825048569,-0.00224486481294,0.108304671151,0.158309771833,-0.111358851204,-0.698801331861,0.688631919816,610
0.0153471577639,-0.00239951882367,0.108379417521,0.159542237278,-0.109859153702,-0.699708031819,0.687667005956,611
0.0153235916484,-0.00238751628075,0.108384683097,0.159273861134,-0.110092330125,-0.699651012314,0.687749937823,612
0.0153328420204,-0.0023718058611,0.108373296252,0.158848713334,-0.110413903246,-0.699320590212,0.688132667694,613
0.0153406408611,-0.00238562711234,0.108498060041,0.159591295384,-0.111602463836,-0.699542106199,0.687543707816,614
0.015289713075,-0.00233847917933,0.108355580838,0.158911268249,-0.110487849004,-0.699549108087,0.687874036013,615
0.0155268577295,-0.00233069921359,0.108540982619,0.161770129316,-0.11676096495,-0.697619680317,0.688130862525,616
0.0155040230479,-0.00247802482333,0.108385492472,0.170066982217,-0.111001863895,-0.701665741511,0.682950214116,617
0.0155074265276,-0.00248081612763,0.10840588012,0.170152646907,-0.110865062195,-0.701754235219,0.682860167302,618
0.0154937835771,-0.00243342040598,0.108522342784,0.165434118835,-0.113882723704,-0.698469697174,0.68687870814,619
0.01550861729,-0.00246300149607,0.108554705165,0.165366272196,-0.114269763706,-0.698550195271,0.686748892834,620
0.0155050660362,-0.00250483055022,0.108581310083,0.165542864121,-0.113364549967,-0.69935878918,0.686033033422,621
0.0154832928952,-0.00254715916669,0.108597449413,0.165616797943,-0.113874472007,-0.6993794087,0.6859097051,622
0.0155253904801,-0.00252570388368,0.108281626138,0.163002007561,-0.10932791282,-0.702069045323,0.684526704087,623
0.015571656214,-0.00257114145181,0.108196432636,0.163549901106,-0.10823671139,-0.702448073009,0.684180494374,624
0.0154986419007,-0.00246318453977,0.108374099677,0.162980381024,-0.109603074788,-0.701669209255,0.684897716584,625
0.0156106705834,-0.00254361009506,0.108171676928,0.163427604156,-0.109693597277,-0.702003598278,0.684433839696,626
0.0155791944394,-0.00247957253026,0.108273916399,0.163611427522,-0.1145809468,-0.697478243906,0.688205352124,627
0.0153903644188,-0.00225249079518,0.10848465283,0.164859210994,-0.114458056455,-0.695335482971,0.690093732753,628
0.0154302191724,-0.00211742066784,0.108327296317,0.168256153555,-0.112176705396,-0.696748379829,0.688220857547,629
0.0153234846735,-0.00239773558906,0.108332433199,0.159738221463,-0.110435560146,-0.699678361812,0.687559363016,630
0.0155811320115,-0.00220721733831,0.108413403132,0.160416498282,-0.115971060705,-0.697086097576,0.68912134833,631
0.0155182394299,-0.00235535635955,0.108404435663,0.1615738393,-0.115253675943,-0.697814588492,0.688233452197,632
0.0155879226307,-0.00223069576654,0.108385068655,0.160261383587,-0.116354454311,-0.696855192604,0.689326316365,633
0.0155890436474,-0.00192614079402,0.108352763873,0.158101046514,-0.117439741013,-0.694123843391,0.692390104174,634
0.0154733221848,-0.00193143661601,0.108323627802,0.158754091334,-0.117856035014,-0.694033471141,0.69226052497,635
0.0153318269845,-0.00237556344525,0.108252358206,0.163431212416,-0.112724344366,-0.699883145643,0.686110081139,636
0.0154468907154,-0.00250528154569,0.108407226133,0.165289831218,-0.112714284858,-0.698558550532,0.687015802702,637
0.0155486081069,-0.00271371491292,0.10840060366,0.165925309661,-0.111874604318,-0.700706862828,0.684808554933,638
0.0155879007165,-0.00246870607616,0.108310981377,0.161969856363,-0.109460591675,-0.701727518427,0.685100455686,639
0.015559814691,-0.00242125794645,0.108331656525,0.161929745918,-0.109948796074,-0.701429747364,0.685336653873,640
0.0153922250023,-0.00209688705437,0.10839234485,0.16213803309,-0.111568651629,-0.697375169832,0.689152789083,641
0.015413982621,-0.00209601034206,0.108339884758,0.162242342959,-0.111880881568,-0.697299093848,0.689154601095,642
0.0154534190875,-0.00207870806011,0.108343123818,0.162237808252,-0.11232473605,-0.69722121799,0.689162259871,643
0.0154355765172,-0.00246510584418,0.108444348775,0.165301926458,-0.112611978047,-0.698547871625,0.687040527595,644
0.015447364458,-0.00243285511936,0.108430853666,0.164817430848,-0.113238736066,-0.698112346232,0.687496440123,645
0.015477625109,-0.00268246333254,0.108386192578,0.173500924969,-0.10661001144,-0.704809243769,0.679540774637,646
0.0156057926612,-0.00231158404561,0.108244269937,0.163612141939,-0.112362071624,-0.700281004081,0.68572031266,647
0.0156102236582,-0.0023338708711,0.108259932712,0.163575741205,-0.111585287932,-0.700751031184,0.685375585137,648
0.0156032157467,-0.00231413511164,0.108259228042,0.163085049073,-0.111947344617,-0.700401708388,0.685790424029,649
0.015638739531,-0.00237651563874,0.108307051074,0.163261887795,-0.111360917183,-0.701061600918,0.685169273856,650
0.0155149019482,-0.00233691159379,0.108305564086,0.163007818183,-0.111567015615,-0.700589117394,0.685679327985,651
0.015501878447,-0.00233631554896,0.108458241986,0.16310929123,-0.11072698515,-0.701122379225,0.685246162502,652
0.0154114743281,-0.00234427487079,0.108404596425,0.15941029472,-0.110098054382,-0.699733876439,0.687633098769,653
0.0154169289044,-0.00242162828383,0.108503323841,0.163926370111,-0.110121200631,-0.701594127753,0.684665718623,654
0.0153859629887,-0.00243886024422,0.108512838955,0.164086158836,-0.110281289755,-0.701810100942,0.684380268435,655
0.0154370621791,-0.00259117144817,0.108278383219,0.165578432377,-0.110804008712,-0.702128496127,0.683609412831,656
0.0154942266967,-0.00245914609627,0.108436611068,0.164217440004,-0.110630149135,-0.701349772567,0.684764265292,657
0.0155790854757,-0.00236133321429,0.108388526409,0.163776392688,-0.111392464276,-0.70095807119,0.685147279447,658
0.0155579356436,-0.00227839224031,0.108355536363,0.163643496282,-0.111951354947,-0.700286498658,0.685774394424,659
0.0154677516591,-0.00228691009369,0.108403198957,0.169673148854,-0.110513851871,-0.700306041442,0.684521116856,660
0.0154657495145,-0.00231219373583,0.108403933838,0.170312232927,-0.109287973481,-0.701125652912,0.683719753259,661
0.015435423341,-0.00217679524338,0.108330516636,0.16849078901,-0.11012152442,-0.699198716812,0.686006747989,662
0.015409451605,-0.00255562243421,0.108433687684,0.165206113498,-0.111171345871,-0.701365668489,0.684422436063,663
0.0154151309588,-0.00256227366636,0.108423690065,0.165132146862,-0.111122396052,-0.701395724368,0.684417434762,664
0.0156171790037,-0.00210032266808,0.108434086967,0.159553092002,-0.116412371272,-0.695391971865,0.69095656601,665
0.0154669001987,-0.00252215931898,0.108453139783,0.165171549275,-0.112038166675,-0.699088167732,0.686616007864,666
0.0155154032928,-0.00244946184726,0.108454595723,0.16333478044,-0.111345769131,-0.701220557339,0.684991678168,667
0.0155612460465,-0.00252499046157,0.108317604594,0.162672819043,-0.10946592293,-0.702369220545,0.684274976667,668
0.0154357037829,-0.0023630537307,0.108302030047,0.159451356514,-0.110198176409,-0.700901031109,0.686417781976,669
0.015666959176,-0.00254696046051,0.108429756681,0.161849916209,-0.114574715795,-0.699852286073,0.686209892672,670
0.0156819112144,-0.00247258360348,0.108431116252,0.161677982122,-0.114947777583,-0.699564540971,0.686481384702,671
0.015595591577,-0.00226530081216,0.108435617117,0.16097404803,-0.115661401987,-0.697432059542,0.688693196042,672
0.0155942526619,-0.00223317404873,0.108422692332,0.160772946186,-0.115671470805,-0.697231658718,0.688941350695,673
0.0155897651704,-0.00217623966304,0.108393165384,0.15978871415,-0.116438510548,-0.696712257118,0.689566291863,674
0.0156114965712,-0.00225314372466,0.108259207285,0.162976616785,-0.112989849635,-0.699771751383,0.686288140818,675
0.0156083192703,-0.00223780163341,0.108249600191,0.163036874253,-0.11297877451,-0.699663506621,0.686386007759,676
0.0153979665155,-0.0023213975113,0.108289158694,0.170095528117,-0.108310432099,-0.701160450723,0.683893547239,677
0.015494432803,-0.00267833964867,0.108409375394,0.173575953424,-0.106031511284,-0.705421506046,0.678976587089,678
0.0154530978728,-0.00267418681398,0.108390391215,0.171511396823,-0.109934915123,-0.702621295423,0.68177816804,679
0.0153745961774,-0.00221516986361,0.108527466186,0.164969717647,-0.114310952575,-0.695354395423,0.690072650629,680
0.015413831122,-0.00257219568268,0.108575462701,0.166417537003,-0.113632521143,-0.699323005066,0.685813522834,681
0.01550152906,-0.00239569210441,0.108411429706,0.165384215963,-0.112995622061,-0.696637318327,0.688895127882,682
0.0152688005212,-0.00226536739578,0.10834625539,0.158767496629,-0.111166052022,-0.698948836337,0.688407956865,683
0.0154760070664,-0.00219875416161,0.108403527149,0.160413128637,-0.116297778136,-0.696757960984,0.689398867686,684
0.015327196496,-0.00219714393537,0.108360094653,0.161488463542,-0.117276775048,-0.696549010792,0.689193085965,685
0.0153688162153,-0.0021931117497,0.108330681264,0.161071129072,-0.117222598239,-0.697057450641,0.688785789885,686
0.0154280756717,-0.0024569615431,0.1083002346,0.165512647651,-0.112945359318,-0.700893664196,0.684541438312,687
0.0155450545944,-0.00231407823208,0.108252318349,0.163065374544,-0.112291744631,-0.70030988605,0.685832567915,688
0.015655681135,-0.00227906733505,0.10831555398,0.162636354741,-0.112442001755,-0.700116673088,0.686107029859,689
0.0155574609573,-0.00235312880157,0.108281069021,0.163902647178,-0.112506481288,-0.69996692863,0.685947893604,690
