0.0743867143594,0.0184169258692,1.05984815002,0.475946562628,0.542830999269,-0.515620347156,-0.461459676846,0
0.0743633058568,0.0183917997109,1.05977054878,0.475921298164,0.542901560092,-0.515797765597,-0.461204378784,1
0.0742764525989,0.0183633941567,1.0597726461,0.476406692163,0.542893514487,-0.514882475597,-0.461735131772,2
0.0741243998233,0.0182629373892,1.05979167914,0.476823123044,0.542064657926,-0.515605069925,-0.461472672891,3
0.0741578061023,0.0179399627708,1.05945969534,0.477411967218,0.54118861557,-0.516191287032,-0.461236654146,4
0.0741189659265,0.0179432608155,1.05945512834,0.477802026673,0.540859173931,-0.516130955957,-0.461286693483,5
0.0741850078655,0.0176149455625,1.05908804914,0.478209254411,0.540984751574,-0.516143085565,-0.460703508542,6
0.0739015973433,0.0180665404424,1.05951087223,0.477053037795,0.543078593062,-0.515118986271,-0.460584922539,7
0.0740321529386,0.0177385078127,1.05913123093,0.477114602372,0.5438569642,-0.515494783372,-0.4591801248,8
0.0739718938943,0.017728439003,1.0591431604,0.476985823618,0.544096731801,-0.515512300862,-0.459010172186,9
0.0738778343902,0.0176145889191,1.059062142,0.477757411318,0.541025372907,-0.515759012061,-0.461553944061,10
0.0737574021433,0.0178076520878,1.05923530231,0.476855965691,0.543630542225,-0.515392567307,-0.459831189797,11
0.0736667544601,0.01777232928,1.05922910222,0.476784705911,0.543534594614,-0.515749209773,-0.459618582399,12
0.0736255989903,0.0178372409014,1.05914445084,0.47660075969,0.543650130598,-0.515863509551,-0.459544438414,13
0.0734072808512,0.0177767755491,1.05907051378,0.476516297295,0.54368853365,-0.516475344028,-0.458898916757,14
0.0733134778786,0.0178151168183,1.05907684055,0.476536044295,0.543335446503,-0.516850239302,-0.458874515739,15
0.0731883587926,0.017765431518,1.05916832342,0.476664183164,0.543695189313,-0.516346683901,-0.458882228498,16
0.0732066514215,0.0178291045983,1.05912355445,0.47635932809,0.543734921819,-0.516050308172,-0.459484716582,17
0.0729940735984,0.01771131035,1.05901534368,0.475844056456,0.544660615907,-0.515957865951,-0.459025846744,18
0.0727680756185,0.0176950408741,1.05903298964,0.476440000803,0.543182026301,-0.51576324259,-0.460376465006,19
0.0726706216296,0.0176195721852,1.05905669102,0.476682073457,0.5430199805,-0.515521169096,-0.460588130367,20
0.0726082037907,0.0175506882774,1.05906652914,0.477528221543,0.542617834012,-0.514890523876,-0.460890911459,21
0.0725351378008,0.0174668568519,1.05904518992,0.477565793419,0.542709020804,-0.51455931642,-0.461114456051,22
0.0723929784393,0.0173827304878,1.05905939815,0.477693227199,0.542537458421,-0.51458524201,-0.461155413721,23
0.0722180810765,0.0173760273464,1.05913017269,0.477051637909,0.542848734373,-0.514635036957,-0.461397621466,24
0.0720733369152,0.0174079815036,1.05920315056,0.476910863774,0.542361951264,-0.516628368707,-0.459885497143,25
0.0719894137692,0.0173553261581,1.05911827981,0.476552001518,0.542161101772,-0.516383578588,-0.460768411829,26
0.0718567374315,0.0173131382252,1.05900578518,0.476324044005,0.542974538484,-0.516220775768,-0.460228384963,27
0.07172132763,0.0172700706975,1.05897172319,0.476365562893,0.54258352176,-0.516642164855,-0.460173712741,28
0.0715659704584,0.0172587842538,1.0589219777,0.476321964052,0.542334500096,-0.517317345913,-0.459753673378,29
0.071479838362,0.0172936177141,1.05893314246,0.47655124806,0.54237798219,-0.517012310571,-0.459807898069,30
0.0714372947473,0.017217038319,1.05884367256,0.476617488741,0.54240606725,-0.516935009808,-0.459793022208,31
0.0712873018415,0.0171530489545,1.0587657753,0.476492770009,0.54239023578,-0.517362351932,-0.459460193121,32
0.0712349462902,0.0171643713663,1.05881328151,0.476496563522,0.542453152125,-0.516907593023,-0.459893621371,33
0.0711293088429,0.0171338691417,1.05881849211,0.476420347561,0.542426531725,-0.517112915411,-0.459773142784,34
0.0710338706865,0.0171032284107,1.05884829532,0.476316402747,0.542631059548,-0.516888591377,-0.459891728337,35
0.0708959972982,0.0170837808657,1.05891071902,0.476062619362,0.542468567684,-0.516985920222,-0.46023667152,36
0.0707201606783,0.0169864869234,1.0589139105,0.475916866553,0.542773038603,-0.516728889143,-0.460317086171,37
0.0707076755489,0.0169281818826,1.05894709983,0.475902175744,0.542745616438,-0.516438825982,-0.46068997599,38
0.0705546561864,0.0169126986148,1.05893639718,0.475658667542,0.543047768722,-0.516557708438,-0.460452046071,39
0.0706320179115,0.0168659983292,1.05903009237,0.475625740493,0.542662361047,-0.516919913833,-0.460533950503,40
0.0705168202897,0.0168671466627,1.05910718907,0.475643206928,0.542581077875,-0.517145119728,-0.460358815248,41
0.0703690344517,0.016805835342,1.05910199654,0.475737124788,0.542298951702,-0.517340414037,-0.460374772426,42
0.0702719846536,0.016777366512,1.05907833641,0.47566517019,0.542175975067,-0.517572945493,-0.460332601519,43
0.0701219964459,0.0167158688126,1.05888244201,0.475664744552,0.542357708935,-0.517580967728,-0.460109887087,44
0.0701518480722,0.0165999138244,1.05877887748,0.476783137634,0.541724743756,-0.517760017512,-0.459496143548,45
0.0700804336393,0.0165695567911,1.0587871961,0.476919177716,0.54145626751,-0.517997762702,-0.459403445935,46
0.069828948478,0.0165798616422,1.05888437766,0.475823148134,0.541810298166,-0.518111510778,-0.45999390746,47
0.0697402526971,0.0165658559581,1.058903558,0.475495818898,0.541682056587,-0.518858607626,-0.459641187313,48
0.0696867339976,0.0166037291684,1.05892627318,0.475130366184,0.54209841767,-0.51878565428,-0.459610580385,49
0.0695293554045,0.0164794015672,1.0588994983,0.474751021415,0.542757776247,-0.518536733054,-0.459505299711,50
0.0694761573484,0.0164183162779,1.05899942835,0.47488583232,0.542844466558,-0.518000167453,-0.459868631141,51
0.0692908756479,0.0163600824062,1.0589718294,0.47501098992,0.542471227272,-0.518147864278,-0.460013388697,52
0.0692882109264,0.0163848874122,1.05903440905,0.474727655578,0.542545272538,-0.518501525344,-0.4598200175,53
0.0692685191048,0.016396320733,1.05900005358,0.474733440386,0.541924206971,-0.519361994913,-0.459575274268,54
0.0691722065042,0.0163376182982,1.05893832744,0.474854950695,0.541978372968,-0.519253969711,-0.459507925911,55
0.069039519544,0.0162917133659,1.05891827152,0.474723226129,0.542731530996,-0.518246671297,-0.459892086828,56
0.068997341142,0.0162765142706,1.05892098163,0.474775373284,0.542144639969,-0.518783201292,-0.459925563905,57
0.0686849789249,0.0165363606785,1.05915204157,0.474677856351,0.542713066648,-0.517896436956,-0.460355015795,58
0.0686325016947,0.016482258885,1.0591046314,0.474736639407,0.542630412603,-0.518238857565,-0.460006353252,59
0.068618197128,0.01638894765,1.05905781422,0.475302352517,0.541666180746,-0.518938357955,-0.459769945702,60
0.0683757152988,0.0166929207122,1.05925178435,0.473782981276,0.542713864994,-0.518803176537,-0.460254941757,61
0.0683507935977,0.0166958151786,1.05932540549,0.473735955219,0.542755319221,-0.518822578382,-0.46023259375,62
0.0682224963126,0.0166791658021,1.05924503077,0.474069078856,0.542716290392,-0.518712313696,-0.460059857232,63
0.0682771013063,0.0166596826752,1.05933080859,0.474077310369,0.542945974722,-0.518694400698,-0.459800490443,64
0.0683144921192,0.0166228890307,1.05937394224,0.473553981032,0.543452812101,-0.518592121058,-0.459856368929,65
0.0682767177678,0.0165793487985,1.05938541962,0.473539069927,0.543587766122,-0.518498597267,-0.45981767518,66
0.0681528224445,0.0165874778765,1.05940089521,0.473762961078,0.543062391414,-0.518739457071,-0.459936160156,67
0.0681302258001,0.0165757783108,1.05945293026,0.473705281008,0.543059859104,-0.518637016354,-0.460114052646,68
0.0681324742465,0.0165707368982,1.05937191474,0.473031841008,0.544119346509,-0.518350136216,-0.459878408313,69
0.0680695498667,0.0163049150562,1.0590752273,0.473906964933,0.542556975524,-0.519049340841,-0.460034671162,70
0.0680450960923,0.0163901270506,1.05905564858,0.473789466063,0.542539723807,-0.519091521992,-0.460128440477,71
0.068002257173,0.0163219979257,1.0590221707,0.473846789424,0.542523063013,-0.519164818419,-0.460006345138,72
0.0679958974809,0.0163245036614,1.05898645935,0.473834059245,0.542533102693,-0.51920256636,-0.459965011568,73
0.0679685289747,0.0163544649956,1.05896713208,0.473626914183,0.542894365647,-0.519401135448,-0.459527707983,74
0.0680708526016,0.0163254713186,1.05895215926,0.47387800565,0.542877974178,-0.519287687859,-0.459416410406,75
0.0681777105699,0.016220478673,1.05889841564,0.475214797244,0.541762233245,-0.51963335675,-0.458961603691,76
0.0679144788568,0.0165147099235,1.05926598165,0.473520655662,0.542981463474,-0.519415668434,-0.45951788036,77
0.0679407577825,0.0165166834133,1.05931248669,0.473494408019,0.543003055295,-0.519391508931,-0.459546720111,78
0.0679619243994,0.0165301505233,1.05934037411,0.473497207177,0.542967882459,-0.519468664307,-0.45949818304,79
0.0680480344559,0.0165283445494,1.05942927425,0.473481872764,0.543433610173,-0.519209121835,-0.459256698701,80
0.0680418845138,0.0165230233294,1.0594358836,0.473493345817,0.543490444006,-0.519112331432,-0.459287030186,81
0.0680447105455,0.0165141796299,1.05945236903,0.473410190137,0.543598116434,-0.518992833385,-0.459380363729,82
0.0680315499072,0.0164857052972,1.05941245052,0.473076690818,0.544073011092,-0.518707697103,-0.459483762686,83
0.067987364764,0.0165489644762,1.05948404493,0.473377284311,0.543115811258,-0.518921311418,-0.460065033247,84
0.0680096175326,0.0165606940151,1.05946724706,0.473611761454,0.542846309176,-0.518913028462,-0.460151119654,85
0.0681075438316,0.0165924452122,1.05935095224,0.472858043415,0.544369083104,-0.518315514237,-0.459800608786,86
0.0680742589586,0.0166323964287,1.05940498438,0.47406035196,0.542273961615,-0.518839674924,-0.460446658125,87
0.0681388239083,0.0166413107992,1.05938146715,0.473887719658,0.542611218832,-0.518763491481,-0.460312865627,88
0.0683254595192,0.0163077473407,1.05888258099,0.475068535875,0.541555709083,-0.519293344793,-0.459740929475,89
0.0683826932974,0.016297251012,1.05882020067,0.475430247725,0.541183229877,-0.519443773201,-0.459635679349,90
0.0682954140303,0.0164023532349,1.05887860797,0.474267073671,0.541770840057,-0.519463068238,-0.460123049229,91
0.0683077984468,0.0167201226345,1.0592595673,0.473905628041,0.542917078508,-0.518771328874,-0.459924787236,92
0.0684491914394,0.0167211972372,1.05929091581,0.474031309006,0.543050006004,-0.518620111075,-0.459808861865,93
0.0684951216726,0.0167338279886,1.05928809276,0.474162704209,0.542923740679,-0.518615910185,-0.459827227824,94
0.068629712383,0.016745292547,1.0593293762,0.473642160522,0.543458321984,-0.518658942445,-0.459683649333,95
0.0686427657512,0.0167416760266,1.05931502583,0.4744581939,0.542689661254,-0.518714124167,-0.459687949809,96
0.0686074970211,0.016795506194,1.05929925826,0.474034530322,0.542934786265,-0.518412862914,-0.460175168269,97
0.0686967650297,0.0168109857285,1.05927847456,0.474090372875,0.542660386987,-0.518514706184,-0.46032653868,98
0.068733190685,0.0167926085391,1.0592259339,0.474103126263,0.542548209413,-0.518564344365,-0.460389711965,99
0.0688123649671,0.0168329266149,1.0592001804,0.474022946846,0.54276968558,-0.518549548971,-0.460227856111,100
0.06894472347,0.0168401977703,1.05906883323,0.47363825326,0.543858507071,-0.518178090098,-0.459756670727,101
0.069064370105,0.0166988034205,1.05876991536,0.474319766861,0.542503294449,-0.518875641344,-0.459868462821,102
0.0691615123089,0.0166977480205,1.05874518502,0.474297242486,0.54243297525,-0.518953867082,-0.459886373981,103
0.0691476836627,0.0169854269642,1.05897168633,0.473912965878,0.543264156512,-0.51871380708,-0.459572130756,104
0.0691457284461,0.0169769436069,1.05891593582,0.474349005027,0.542996593742,-0.518578878047,-0.459590761285,105
0.0693702820427,0.0168402490553,1.05867102043,0.47488764762,0.542141063926,-0.518892232698,-0.459690808901,106
0.0693836036054,0.017068137025,1.05886755459,0.474396458975,0.543177057245,-0.518416591867,-0.4595116119,107
0.0695253877218,0.0171025327774,1.05888595944,0.474627856621,0.542609650934,-0.518679342844,-0.45964649867,108
0.0696142231862,0.0171573052063,1.05889490875,0.474673104286,0.542805763485,-0.51867607384,-0.459371829373,109
0.0697430349597,0.0172015540914,1.05887557506,0.474492912081,0.543271046244,-0.518381197687,-0.459340810926,110
0.0699063943035,0.0172833709523,1.05900408094,0.474751328433,0.543662747177,-0.517890349271,-0.459164000783,111
0.0698534023118,0.017275286418,1.05897922649,0.474620499053,0.543172511863,-0.518112269199,-0.459628851075,112
0.0699196568614,0.0173685134787,1.05898693332,0.474551113963,0.543288153979,-0.517949694301,-0.459747034961,113
0.0700512767209,0.0173602294405,1.05898689455,0.474407422083,0.543511593893,-0.51798928887,-0.459586598795,114
0.0701173957605,0.0174611850978,1.05893240125,0.474299272004,0.543423436749,-0.51803345542,-0.459752659626,115
0.0703950603798,0.0174938473312,1.05895780353,0.474375846707,0.544673053068,-0.517274093856,-0.459049379858,116
0.0705728295079,0.0175462053294,1.05889025807,0.475080068851,0.544290063124,-0.517345007351,-0.458695322338,117
0.0705418977525,0.0176585838475,1.0588779509,0.47584027825,0.54260382505,-0.517893998025,-0.45928523321,118
0.0707201339745,0.0177317594045,1.05897884707,0.474531155673,0.544226244238,-0.517546234489,-0.459112047919,119
0.0707211327271,0.0177955446085,1.05889915189,0.474510772703,0.54389409127,-0.51760082162,-0.459465051477,120
0.070820897349,0.0178226333823,1.05891712908,0.474635347756,0.543838123563,-0.517571552156,-0.459435599861,121
0.0709268514082,0.0178259278847,1.05887445154,0.47486336666,0.54403749748,-0.517393401358,-0.459164515801,122
0.0710555363097,0.0178912142666,1.05884403689,0.475062099449,0.544135899835,-0.517232410281,-0.45902370084,123
0.071305202519,0.0179226645472,1.0589304828,0.475386214602,0.544192552551,-0.516851636562,-0.45904988672,124
0.0713120857971,0.0178694976516,1.05895116103,0.47559716045,0.54304359885,-0.517556558904,-0.459397648073,125
0.0713789284258,0.0179162257099,1.05892967978,0.475661935568,0.543041087139,-0.517435314151,-0.459470125688,126
0.0715162772053,0.0179090121089,1.05890269308,0.475714443333,0.543411114516,-0.517017978038,-0.459448081301,127
0.0716893966153,0.0176958595985,1.05859690747,0.476445595044,0.541832394265,-0.516383463295,-0.461264967587,128
0.0717976779034,0.0179877875553,1.05895936076,0.475553329854,0.543904458972,-0.516108396692,-0.460053358687,129
0.0719064637349,0.0180316331907,1.05898561632,0.47552663189,0.544189994307,-0.515649455665,-0.460257874818,130
0.0720126177587,0.01804737172,1.0590022209,0.475755269474,0.543999287152,-0.515703128514,-0.460186899408,131
0.0721189744199,0.0181191355134,1.05895821824,0.475631122105,0.544195924479,-0.515576605315,-0.460224505559,132
0.0721715274492,0.0181304551394,1.05881547328,0.475787396921,0.543470422094,-0.515956634235,-0.460494304883,133
0.0722277766268,0.0181846654279,1.05881912733,0.475702156241,0.543367184829,-0.516075258288,-0.460571263521,134
0.0723796354372,0.0182431337039,1.05883634946,0.475796455394,0.543550403859,-0.51584291355,-0.460517947575,135
0.0725568316858,0.0183070376349,1.05887267119,0.476055973431,0.544165235066,-0.515564793832,-0.459834590334,136
0.0726755928541,0.0183343741618,1.05890803353,0.476139882094,0.54378244644,-0.515802801602,-0.45993361856,137
0.0728472443555,0.018278383767,1.05883120686,0.476050103355,0.542886570461,-0.516119722572,-0.460728664922,138
0.0729113601425,0.0181203927808,1.05848296542,0.476401745413,0.541913434656,-0.516260673752,-0.461352493267,139
0.0731664068247,0.0182216058533,1.05855562141,0.476300588018,0.542891099555,-0.516982102644,-0.459495929714,140
0.073214225333,0.0184384324606,1.05868551704,0.475348208137,0.543619507877,-0.516833884666,-0.459787611118,141
0.0733115434833,0.0184407402428,1.0586498109,0.475739564672,0.543118707272,-0.516965849274,-0.459826322758,142
0.0732809132417,0.0185418715273,1.05856816963,0.475995704879,0.544312629058,-0.51548988243,-0.459806515718,143
0.0733154302278,0.0185856731511,1.05857982134,0.476034944579,0.543786837169,-0.515618951584,-0.460243092321,144
0.0733969559942,0.0185782649265,1.05851989694,0.475805396207,0.5440884374,-0.515535508023,-0.460217489015,145
0.0735799679506,0.018583774659,1.05850717291,0.476769076701,0.542294519604,-0.515491223985,-0.461385629928,146
0.0736538659982,0.0185808866819,1.05844400526,0.476698778165,0.542253093974,-0.515438510342,-0.461565812239,147
0.0737324787104,0.018542503147,1.05831613848,0.475802380513,0.543115454467,-0.516494428198,-0.460294691972,148
0.0738382095885,0.0186066716067,1.05832712587,0.475877811139,0.542773280565,-0.516522511186,-0.460588721321,149
0.0738332051117,0.018606837882,1.05812958546,0.475736759745,0.543049364324,-0.516341736321,-0.46061169619,150
0.0738734784819,0.0185796961416,1.05817881209,0.476006639377,0.542530709689,-0.516551988055,-0.460708315478,151
0.0739837815074,0.0185942066073,1.05802611458,0.476116096212,0.543118845119,-0.516149599844,-0.460353096639,152
0.0741452969587,0.0185043613821,1.05807787906,0.476750225369,0.542593772099,-0.516502608006,-0.459919859338,153
0.0742439051581,0.018507656384,1.05802598696,0.476767434728,0.542730347921,-0.516377608282,-0.459881232813,154
0.0742942179043,0.0184917071018,1.05800321039,0.476795854899,0.542958700757,-0.516243188808,-0.459733109567,155
0.0743318751544,0.0186360097466,1.05810057897,0.476144360344,0.543078369968,-0.516106422118,-0.460420018281,156
0.0744248166132,0.0185327698924,1.05802392507,0.47663739948,0.542739733639,-0.516477663439,-0.45989258976,157
0.0744968710685,0.0185349978257,1.05795671335,0.476489898553,0.543136150353,-0.516334611542,-0.459738042455,158
0.0745023507778,0.0186119486311,1.05783755771,0.477096324798,0.543782556043,-0.514294521346,-0.460630843432,159
0.0745421321256,0.0186478850546,1.0577828125,0.476913907905,0.544072183299,-0.514292574456,-0.460479892791,160
0.0745055283785,0.018589667302,1.05775934072,0.476932522121,0.544065878182,-0.514436255239,-0.460307537238,161
0.0745632242533,0.0186402880648,1.05771069731,0.476516814189,0.544501359441,-0.514571069116,-0.460072396684,162
0.0744653205331,0.0186137874796,1.05759151917,0.476531652816,0.543848473584,-0.514757230146,-0.460620685226,163
0.0745450804615,0.0185501006938,1.05751471199,0.47665361013,0.543399002291,-0.516005624351,-0.459627083513,164
0.0745793711049,0.0185858541579,1.05739497457,0.476499439102,0.544422316123,-0.515754108723,-0.458857631055,165
0.0745943626504,0.0186252027215,1.05739028659,0.475943853943,0.544321115013,-0.516717122172,-0.458470704952,166
0.0746223665593,0.0186962364507,1.05731485743,0.475454152765,0.545332368224,-0.516135281809,-0.458432467936,167
0.0746341975566,0.0185842536953,1.05718720623,0.475722863101,0.544957452023,-0.516797596172,-0.457853008725,168
0.0746558640828,0.0186248041686,1.05708468171,0.475309636055,0.545707409129,-0.516418579628,-0.457816583481,169
0.0746771051403,0.0186145684273,1.05698971325,0.475172898044,0.545905805639,-0.516520320469,-0.457607175289,170
0.0746509836899,0.018560970157,1.05693362189,0.475047156534,0.545832255987,-0.516697637552,-0.457625282018,171
0.0746401737459,0.0185711205882,1.05685577059,0.474939089948,0.545892449852,-0.516661373927,-0.457706585845,172
0.0746406537503,0.0184952687848,1.05675357153,0.474778593935,0.545928595627,-0.516938168694,-0.457517414931,173
0.0746572889251,0.0184632872408,1.05665863394,0.475082507915,0.545851607906,-0.516851030982,-0.457392221831,174
0.0746496018083,0.018397005931,1.05658819637,0.475253254897,0.545669841103,-0.516819166608,-0.457467722628,175
0.0746932055298,0.0184000180575,1.05651045697,0.475166361679,0.545511164815,-0.516698651966,-0.457883173798,176
0.0747171373117,0.0182831006959,1.05640677021,0.475352801745,0.545432022539,-0.516644512088,-0.45784502923,177
0.074794895013,0.0182742910872,1.05635771356,0.475505685979,0.545119350824,-0.516559330194,-0.458154662038,178
0.0746920079501,0.0181670418962,1.05617577058,0.476597678907,0.544463539869,-0.515024172865,-0.459526068442,179
0.0747496772552,0.018173023475,1.05604601787,0.476212608601,0.54493036783,-0.515223068899,-0.459148815636,180
0.0747804455593,0.0181629800067,1.05597529553,0.4765052718,0.544714543798,-0.515010272539,-0.459339973114,181
0.0747663840104,0.0180270598264,1.05585856525,0.476750273586,0.544706561155,-0.514470151023,-0.45970033998,182
0.0748785978526,0.0179849126911,1.0558218706,0.476265762658,0.544590314121,-0.515717854548,-0.458941616752,183
0.0748512734408,0.0179105399612,1.05569067903,0.476545852362,0.544384069155,-0.515616483227,-0.459009453139,184
0.0748194539795,0.0178466174642,1.05554882883,0.476520087778,0.544357049599,-0.515679742809,-0.458997180114,185
0.0748211545015,0.0177449117623,1.05538087282,0.47663342543,0.544162417916,-0.515727099085,-0.459057077018,186
0.0747282377755,0.0176763188646,1.05527728803,0.477683483269,0.543811022395,-0.515380830788,-0.458770815321,187
0.0747648915517,0.0176857736208,1.05507798442,0.476968744676,0.543982276745,-0.515285871612,-0.459417641919,188
0.0745620730504,0.0172857853181,1.05443450653,0.47802858896,0.542621431701,-0.514581880661,-0.460712641557,189
0.074510428014,0.0172054457706,1.05431427692,0.478178451359,0.541874195807,-0.514776101548,-0.461219351122,190
0.0745013628052,0.0168019545185,1.05367879914,0.478338511996,0.54157666947,-0.515348539168,-0.460763347289,191
0.0745398470443,0.0172153316844,1.05399469854,0.477183034392,0.542393119555,-0.516325585368,-0.459906452925,192
0.0744629637193,0.0168070826132,1.05336051755,0.477663990029,0.54204590994,-0.516725972598,-0.459366534903,193
0.0745020231941,0.0166210941847,1.05324561511,0.477347996106,0.542157218074,-0.517001669668,-0.459253432284,194
0.0744045715714,0.0165676371154,1.05306287672,0.477297515808,0.542266661737,-0.517197943772,-0.458955592547,195
0.0742720929187,0.0164457086574,1.05284857982,0.477418519249,0.542554654777,-0.517284470297,-0.458391514807,196
0.074213210101,0.0163578847283,1.0526799507,0.477471213102,0.541993084439,-0.517217360284,-0.45907618028,197
0.0741259531127,0.0163069222456,1.05235582017,0.477242251764,0.542431758518,-0.516741969926,-0.45933142392,198
0.0740001622457,0.0162526637391,1.0520601607,0.477446955472,0.542461396227,-0.517109466066,-0.458669639739,199
0.0739045575814,0.0161124258205,1.05188572438,0.477525303355,0.54201521957,-0.516912991502,-0.459336527643,200
0.0737102009575,0.0160654205609,1.05173478156,0.476920584232,0.542149601674,-0.517496652601,-0.459148973959,201
0.0736723120292,0.0161842776921,1.05207063046,0.476697201823,0.542615428255,-0.5174620647,-0.458869574488,202
0.0735926706161,0.0157454093298,1.05157215004,0.476890151475,0.542569756192,-0.51768418824,-0.458472381216,203
0.073482762624,0.0159736901571,1.05192536802,0.476662657681,0.542287832785,-0.517549267405,-0.459194264985,204
0.0733940410692,0.0154443163999,1.05127354671,0.477229828252,0.541718390526,-0.517918041768,-0.458861393455,205
0.0732468789591,0.0156920071745,1.05164538602,0.476747001235,0.541834169862,-0.517539198798,-0.45965335514,206
0.0731722770954,0.0151779374572,1.05111852664,0.477322739497,0.541458923715,-0.518046366783,-0.458926135835,207
0.0730480852199,0.0154119836869,1.05158720761,0.477011045172,0.5417842214,-0.517505692673,-0.459475982263,208
0.0729781306468,0.0148702992503,1.05092619458,0.477595208989,0.541286906803,-0.518104895111,-0.45877948792,209
0.0728149912684,0.0150326940666,1.0512943195,0.477209111058,0.541296933332,-0.518106995788,-0.459166892539,210
0.0726801555324,0.0146662946301,1.05072625389,0.47795474338,0.540979158882,-0.516992394173,-0.460021387877,211
0.0724488538255,0.0148776790724,1.05103123029,0.477399303387,0.541145165433,-0.517466645032,-0.459869640587,212
0.0723958606472,0.0144183115907,1.05051975989,0.478013441642,0.540864604198,-0.517684145962,-0.459316616894,213
0.0722000209589,0.0145313377477,1.05081414403,0.477619260108,0.54083239988,-0.517820940106,-0.459610304064,214
0.0721151630916,0.0141471790703,1.0503179831,0.477590927371,0.540979752911,-0.518122849926,-0.459125827435,215
0.0720254152372,0.0142755451508,1.05064062993,0.477089437278,0.541899169438,-0.518396087156,-0.458253702464,216
0.0718714218379,0.0139042199057,1.05025585062,0.477336889079,0.541273451442,-0.518586348822,-0.45852016739,217
0.0718415775108,0.0139313702678,1.05066198726,0.476548803731,0.542072275125,-0.518722214969,-0.45824245755,218
0.0716079949975,0.0136522281537,1.05014343243,0.476937811526,0.541812814935,-0.518845086058,-0.458005430297,219
0.0714222256723,0.0138094268414,1.05054020049,0.476580418284,0.541878144174,-0.518355894185,-0.458853297622,220
0.0713176190823,0.013317046515,1.05000642563,0.477042128916,0.541546621939,-0.518585212241,-0.45850566098,221
0.0710878836341,0.0133719939946,1.05043366229,0.477416987318,0.540922242529,-0.517785700642,-0.459754408319,222
0.0709991458459,0.0129399154622,1.04980200293,0.477586390218,0.541418570569,-0.517680914441,-0.459111797001,223
0.070786958414,0.013147935364,1.05014241619,0.476348930537,0.541804302012,-0.518772481421,-0.458710046999,224
0.0707587069604,0.0128687077958,1.04995208666,0.477300875906,0.541016552806,-0.519218734827,-0.458145030372,225
0.0706430242208,0.0127244912836,1.04987033522,0.477289451794,0.540657104546,-0.519635046795,-0.458109258423,226
0.0703228901294,0.0126429916153,1.04970826994,0.476721948967,0.540905921187,-0.519762165995,-0.458262215984,227
0.0702341989276,0.0125655068002,1.04964665168,0.476819958465,0.541093257002,-0.519012321884,-0.458788648692,228
0.0700569523861,0.0126323426113,1.04996756336,0.476122067805,0.542107494665,-0.518687335007,-0.458683648369,229
0.0699077498653,0.0124648220718,1.0500240245,0.476641987558,0.54189833097,-0.518373484548,-0.458745621348,230
0.0697875340409,0.0123515128505,1.0499694855,0.476343398473,0.542336288875,-0.518376617779,-0.458534620983,231
0.069810656504,0.0119889007384,1.04955514832,0.477646692896,0.541211104093,-0.519664467954,-0.457048157548,232
0.0695276419187,0.0121442720127,1.04986121836,0.475999137851,0.542465867866,-0.519516189175,-0.457447846372,233
0.0692964344373,0.011970639822,1.04977220457,0.475717059861,0.542474531487,-0.519595552874,-0.457640823221,234
0.0690549771161,0.0117790872068,1.04982083939,0.476149770888,0.540959509069,-0.519118693707,-0.459521476185,235
0.0690199583833,0.0116395157165,1.04982908652,0.476347815694,0.541150833531,-0.518631784345,-0.459640735923,236
0.0687642315419,0.0114855044408,1.04976056454,0.476327584332,0.540872307784,-0.518849273029,-0.459744071146,237
0.0686332940832,0.0113754808406,1.04969570137,0.475673341083,0.540929624474,-0.519919883525,-0.459144126244,238
0.0686923908386,0.0110802492444,1.04958884323,0.475997179066,0.542767563883,-0.519753953188,-0.456821502627,239
0.0684484254205,0.0109545397456,1.04955738135,0.476716989009,0.541639899285,-0.519986980669,-0.45714403838,240
0.0683539801386,0.0108725958455,1.04941565435,0.475655488873,0.542568151995,-0.520041137724,-0.457087378321,241
0.0682344680806,0.0107401676941,1.04947622487,0.476963492832,0.541093957738,-0.520354543071,-0.457115198732,242
0.0680785040297,0.0105891095298,1.0493764633,0.476841750823,0.540869657652,-0.520599183636,-0.457229098048,243
0.0681628648766,0.0102175455393,1.04914055162,0.477562739065,0.540166086717,-0.520723906523,-0.457166317869,244
0.0679576620769,0.010206994632,1.04921142587,0.477270748262,0.540121940719,-0.520891299498,-0.457332675539,245
0.0677951236226,0.0100545748325,1.04921524116,0.477187990894,0.54030812241,-0.520942400918,-0.457140863553,246
0.0677536786933,0.00998628076671,1.04918257407,0.476936032605,0.540844180267,-0.52074675732,-0.456992787926,247
0.0676283781133,0.00983465637996,1.04922754356,0.476979819166,0.540573921503,-0.520932003581,-0.457055724332,248
0.0678022991711,0.00959281918419,1.04915469502,0.477326533335,0.539414717502,-0.521778570913,-0.457097654831,249
0.0674235694879,0.00948055229817,1.04927844965,0.47740281366,0.539505293271,-0.5215606543,-0.457159792555,250
0.067454377401,0.0093134966443,1.04926768367,0.477419212982,0.539715313667,-0.521696071149,-0.456740062417,251
0.0671741348569,0.00926081423397,1.0492536683,0.477250219335,0.54000765703,-0.521343267472,-0.456973911679,252
0.0668208811922,0.00930141807414,1.04933196585,0.475788468898,0.539999567486,-0.521708089447,-0.458090023232,253
0.0668278783848,0.00916601285275,1.0492882947,0.475654364566,0.540668830757,-0.52167145074,-0.457481189121,254
0.0667896081664,0.0089841953498,1.04929734232,0.476802218593,0.540017074916,-0.52202790904,-0.456648732974,255
0.0665107936897,0.00895685208284,1.04929661846,0.475635526215,0.540560511472,-0.522324981754,-0.456882690716,256
0.0664480394515,0.00896368178547,1.04927741534,0.476686990992,0.540049179299,-0.521969454542,-0.456797860198,257
0.0663996515493,0.00888501153132,1.04928084088,0.476722795293,0.539947891908,-0.522200308031,-0.456616347456,258
0.0663099096283,0.00884695701149,1.04928123351,0.476356351663,0.540003054783,-0.522444076437,-0.456654698925,259
0.0660384385914,0.00881129558151,1.04925703038,0.475687987295,0.541014020773,-0.521964265246,-0.456703485727,260
0.0659421792662,0.00868897921109,1.04925646487,0.475981685095,0.54052799646,-0.522434981514,-0.456434672859,261
0.065932908317,0.00870069033872,1.04922075602,0.475499397123,0.541289467216,-0.521705943597,-0.456868629294,262
0.0657957513224,0.00869469786373,1.0493437363,0.47529378243,0.540922290156,-0.522235212428,-0.456912769899,263
0.0656157976107,0.00888656020142,1.04959607519,0.474704178376,0.541870483268,-0.521848087445,-0.456844498735,264
0.0656669899924,0.00876022704752,1.0495541526,0.475470131615,0.541471278663,-0.522205019647,-0.456112843252,265
0.0654987791785,0.00882700759855,1.04962251864,0.474459253805,0.542118203526,-0.521733212538,-0.456936237148,266
0.0653732895765,0.00876391324378,1.04959358051,0.474580693109,0.542142308293,-0.521498649869,-0.457049276853,267
0.0652997977373,0.00872256572516,1.04959792958,0.474742646821,0.54200525973,-0.521529246424,-0.457008711995,268
0.0653353029509,0.00859225806894,1.04951701905,0.475477652983,0.54164766684,-0.521677200079,-0.456499403547,269
0.0653668878913,0.00833262338829,1.04925389116,0.476374692913,0.540363253306,-0.522040800515,-0.456670678965,270
0.0652032968949,0.00851748684604,1.04939728068,0.475684487348,0.541325792455,-0.521907079735,-0.456402952491,271
0.0651052672346,0.00849042415768,1.04939952024,0.475716146453,0.541072800767,-0.522014350462,-0.456547248579,272
0.0650372198018,0.00842770308901,1.04939191372,0.475763016447,0.540969314714,-0.522071117618,-0.456556131125,273
0.065065998709,0.00824776691234,1.0491516984,0.476253080246,0.540225266516,-0.522486297576,-0.456451239256,274
0.0651388010365,0.00822935083925,1.04922779528,0.476442665612,0.540001908667,-0.522629433482,-0.456353810414,275
0.0652134845286,0.00820060054779,1.0492262037,0.476207045766,0.539948543036,-0.522868028603,-0.456389576022,276
0.065002490657,0.00819515710033,1.04927410516,0.476549799573,0.539620462271,-0.522848248497,-0.456442498316,277
0.0648858478859,0.00824084223043,1.04923947093,0.476482539155,0.540117822101,-0.522562571657,-0.456251560908,278
0.0648687318415,0.0082578019617,1.04928256216,0.476438987661,0.54008947124,-0.522525556229,-0.456372980335,279
0.0647732757149,0.00851907105792,1.04965199296,0.474954339664,0.541571604353,-0.521838771951,-0.45694952531,280
0.0647762455558,0.00845663463878,1.04960758848,0.47579097757,0.541019274366,-0.521810113368,-0.456766128357,281
0.0647111397309,0.00855714025185,1.04970495788,0.474966190136,0.541688887273,-0.521586820101,-0.457085830813,282
0.0647379458667,0.00826897557484,1.04939878706,0.476384592208,0.539983107153,-0.522275165582,-0.456842003008,283
0.0646859507829,0.0083511353024,1.04938999193,0.476433012072,0.539919948452,-0.522291804543,-0.456847135462,284
0.0646569340158,0.00836231455429,1.04936689208,0.47632683418,0.540124398251,-0.522259968594,-0.456752566122,285
0.0645866574064,0.00841585056799,1.04940396116,0.476338923233,0.539698941956,-0.522471105745,-0.457001341274,286
0.0645519072426,0.00849804244171,1.04941781844,0.476337955689,0.539706077909,-0.522467442349,-0.456998110635,287
0.0646138252279,0.00852133497431,1.04937085809,0.476411303547,0.540172449503,-0.522292520177,-0.456570386707,288
0.0645698245663,0.00863922695499,1.04940630066,0.476357387295,0.540350654106,-0.522242799879,-0.456472636805,289
0.0646873899948,0.00864003739743,1.04950528916,0.476493241327,0.540201504305,-0.522489208188,-0.456225331436,290
0.064605807518,0.00887610577267,1.04976429832,0.475860128803,0.540938692526,-0.522207442891,-0.456335244456,291
0.0645621405559,0.00896742799687,1.04975156089,0.476069010271,0.541264224367,-0.521755438473,-0.456248396495,292
0.0645475822934,0.00902334837475,1.04980230292,0.476000294121,0.54124153591,-0.521783893915,-0.456314461588,293
0.0645124400268,0.00884709584937,1.04965777552,0.47647296792,0.54028502147,-0.52199385254,-0.456714379375,294
0.0644938390287,0.00908750938517,1.04983632868,0.475969072207,0.541509205637,-0.521505395523,-0.456347833296,295
0.0643926372943,0.00917785639073,1.04992849247,0.475776219506,0.541411614837,-0.521486617506,-0.456686062886,296
0.064394488341,0.00922971843728,1.0499603748,0.475769412572,0.54144581207,-0.521456373103,-0.456687146308,297
0.0643429064968,0.00931036784801,1.04988982571,0.475668514737,0.541133386711,-0.521665738265,-0.456923384601,298
0.0644542509624,0.00936487553483,1.04994101019,0.475517903083,0.541107806949,-0.521694187267,-0.457077936548,299
0.0643147464891,0.00951491742712,1.04992832908,0.475580694958,0.541183717473,-0.521661978046,-0.456959480904,300
0.0642413876851,0.00969943621352,1.04995902711,0.474399919912,0.542211765264,-0.521008551978,-0.457713017471,301
0.0643345354171,0.00968697538631,1.04994519266,0.475630325097,0.541461809943,-0.521409382547,-0.456866674221,302
0.0642622795325,0.00982632498993,1.05007626574,0.47445229361,0.542169171189,-0.521784105963,-0.456824865419,303
0.0645073549562,0.00966977355017,1.04984111291,0.475104974588,0.541234183971,-0.522307836216,-0.456656704156,304
0.0644090145266,0.0100145502148,1.05011266388,0.47496260626,0.541864055952,-0.521300241214,-0.457208842906,305
0.0644609079732,0.0101066428018,1.0501406246,0.474953380701,0.541910518803,-0.521201744757,-0.457275646665,306
0.0646078649312,0.0100982753056,1.05009029421,0.476372633949,0.541103721121,-0.521444024711,-0.456477826084,307
0.0645247104419,0.010266361632,1.05021661194,0.475298576446,0.541861090087,-0.520990270666,-0.457216535299,308
0.0645415352127,0.0103376786732,1.05025426423,0.475184929352,0.542013396032,-0.520920851818,-0.457233231053,309
0.0646765383541,0.0103345870311,1.05023642569,0.476492164307,0.541461288615,-0.520938997181,-0.456505697119,310
0.0645732380674,0.0104959974174,1.05026909625,0.476206132504,0.541503477816,-0.520684276085,-0.457044404316,311
0.0645985239341,0.0105836426262,1.05032905038,0.476130918044,0.541625293289,-0.520435747986,-0.457261438097,312
0.0646763432556,0.010696696937,1.0503653754,0.476296646833,0.541782820767,-0.520140828027,-0.457237791917,313
0.0645712397466,0.0106891670485,1.05039699603,0.475733012647,0.542051646753,-0.520684456896,-0.456887085916,314
0.064622537758,0.0109781372062,1.05056782672,0.47531089232,0.542486061078,-0.519612375857,-0.458029920457,315
0.064679028647,0.0110796633279,1.05064763231,0.475118411411,0.542835329434,-0.519381050252,-0.458078186444,316
0.0646833952433,0.0111453330343,1.05071290205,0.475288960456,0.542706170259,-0.519342447003,-0.458098067637,317
0.0647181730392,0.0112638574601,1.05075511592,0.475280941429,0.542741381938,-0.519339221868,-0.458068326428,318
0.0647883307732,0.011372181077,1.05086270219,0.475400028514,0.542523085846,-0.519558708409,-0.457954433027,319
0.0649267929311,0.0113527032611,1.05079905368,0.476674327606,0.541897922575,-0.519609261699,-0.457312193219,320
0.0648636916164,0.0114638862351,1.05067660452,0.475761989354,0.542365449815,-0.519322378411,-0.458033312779,321
0.0649913068191,0.0114286717989,1.05065719143,0.477103146596,0.541337951883,-0.519759417474,-0.457357581446,322
0.0650690865148,0.0114974325537,1.05067670467,0.47710303801,0.541624300823,-0.51945828855,-0.457360792304,323
0.0650836401598,0.0115893467784,1.05070490501,0.47704325216,0.541578935986,-0.519544281474,-0.457379198535,324
0.0652042492101,0.0116565672716,1.05074176317,0.4770588707,0.541209048865,-0.519756648831,-0.457559422709,325
0.065134778553,0.0117685352726,1.05078673726,0.477154221976,0.541527737605,-0.519300644942,-0.457600697133,326
0.0648793251945,0.0121534759197,1.05111561461,0.475441883021,0.542939218273,-0.518807194423,-0.458269698043,327
0.064913007273,0.0122685085576,1.05119646358,0.47543464658,0.542961398099,-0.518682395243,-0.458392179112,328
0.0650203301392,0.0123921794465,1.05134013996,0.47532995004,0.543227109241,-0.518560578707,-0.458323763939,329
0.0651138333764,0.0122560831719,1.05123940661,0.47578388592,0.542219668736,-0.518953980293,-0.458600360959,330
0.0653759326963,0.0122525553652,1.05114856274,0.476861922506,0.541977924875,-0.518814368086,-0.457923888086,331
0.0649890696921,0.0126307888567,1.05154350468,0.475432547901,0.542946088559,-0.51838755509,-0.458745877413,332
0.0651317736054,0.0127586428012,1.0516781502,0.47539408804,0.543142932609,-0.518427137085,-0.458507927246,333
0.0652133924419,0.0127704782361,1.05166605577,0.476545827846,0.542261554522,-0.518789075745,-0.4579458214,334
0.0650997751122,0.0128837137998,1.05172503207,0.475958782482,0.542787500388,-0.517435990343,-0.459461600897,335
0.0651144981182,0.0130403358768,1.05167585272,0.47574723943,0.54284620518,-0.517533652342,-0.459501338833,336
0.0651357799523,0.01311103244,1.05174706735,0.475676928381,0.542959599698,-0.517534287436,-0.459439434779,337
0.0651453555638,0.0132097578431,1.05168581511,0.475702874901,0.542986493443,-0.51754714088,-0.459366302329,338
0.0651858531259,0.013299782459,1.0517098087,0.475789239105,0.542958277449,-0.51753338641,-0.45932570454,339
0.0651973701553,0.0133946031561,1.05175189241,0.475775080625,0.543130143438,-0.517148919558,-0.459570141486,340
0.0651736871483,0.013418980414,1.05178262188,0.47588637953,0.542938313395,-0.517053740348,-0.459788615798,341
0.0653506813304,0.0135014683648,1.05173335515,0.476414898332,0.54286564188,-0.517805571453,-0.458479148583,342
0.0654279273149,0.0135694491772,1.05189533627,0.476910334101,0.542514593957,-0.51764835194,-0.458557120003,343
0.0653044434089,0.0137126693109,1.05206105731,0.475847359429,0.542793514286,-0.517406977635,-0.459602557509,344
0.0653520724534,0.0137460142447,1.05203957656,0.476229166746,0.543048842314,-0.515937925941,-0.460555959877,345
0.0653646808823,0.0137962746247,1.05205185778,0.476356928514,0.542991321029,-0.515665398159,-0.460796808892,346
0.065401451762,0.0138592954349,1.05206925568,0.476540754682,0.542768476182,-0.515701559025,-0.460828810307,347
0.0654486569231,0.0139244990068,1.05209807121,0.476649305732,0.542695755477,-0.515512619752,-0.461013552088,348
0.0654598977439,0.0139811541073,1.05207764623,0.476667849328,0.542665816633,-0.51553988274,-0.460999134685,349
0.0654757542185,0.014041149056,1.05203376174,0.476556730764,0.542606041012,-0.515519488725,-0.461207137157,350
0.0656031578887,0.0140053470675,1.05192808124,0.477613088063,0.541812283561,-0.516801906727,-0.459609591607,351
0.0656305082753,0.0140330113542,1.05178389457,0.477843617782,0.541725328747,-0.516906663103,-0.459354598082,352
0.0656192677539,0.0141423737449,1.05172984235,0.477578452388,0.541833581542,-0.516821396971,-0.45959855892,353
0.0657209293418,0.0141797406882,1.05166525591,0.477249967086,0.542376050558,-0.516626930822,-0.459518555716,354
0.0656762822085,0.0141544959462,1.05163978335,0.477286395258,0.542441533724,-0.516473436876,-0.459575965859,355
0.065590722718,0.0143537408493,1.05175095572,0.476610554145,0.542140441046,-0.516509526232,-0.46059095863,356
0.0657484088924,0.0143455917614,1.05159080912,0.475643051806,0.544105350931,-0.515834070911,-0.460030722502,357
0.0657207014514,0.0143067148201,1.05152060163,0.475605481525,0.543966891215,-0.515912323128,-0.46014554442,358
0.06572044385,0.0144115990756,1.05157694969,0.475984432217,0.543084306759,-0.515914935662,-0.460792833278,359
0.065606142779,0.0144499928195,1.05158885979,0.476059215192,0.54270869883,-0.515868276382,-0.461210161714,360
0.0656798513568,0.0143439691839,1.05147338083,0.476126436555,0.542731152788,-0.516082214832,-0.460874885127,361
0.0657533014467,0.0143984174147,1.05144237188,0.475952525709,0.543044227216,-0.515713307108,-0.461098628746,362
0.0657625963552,0.014393940865,1.05136487192,0.476002674032,0.542970854614,-0.5155413825,-0.461325468931,363
0.0657514186704,0.0143268496147,1.05126085262,0.476069140963,0.542709084666,-0.515785456754,-0.461292082139,364
0.0658114394903,0.0143722314272,1.05126609078,0.476404603406,0.541187995878,-0.517001379966,-0.461371629043,365
0.0658579678095,0.0142902658537,1.05106588153,0.475685565145,0.543344086163,-0.515560378082,-0.461191872973,366
0.0658729086941,0.0142583170464,1.05089956106,0.475672218692,0.543314919643,-0.51570770758,-0.461075263706,367
0.0658209501763,0.0142640857751,1.05097913445,0.476371107894,0.541758652857,-0.516058519442,-0.461791873174,368
0.0658787695137,0.0142309909711,1.05088389,0.476391606635,0.541826062579,-0.515759739412,-0.462025374021,369
0.0658831966312,0.0141640187656,1.05084299288,0.476372822562,0.541634466548,-0.515879210572,-0.462135995862,370
0.0659378735901,0.0141607618129,1.05082278582,0.476576206747,0.541607507483,-0.515605508174,-0.462263330734,371
0.0659595674253,0.014128777151,1.05080493175,0.476633403102,0.541367152139,-0.515613772319,-0.462476640953,372
0.0659252770758,0.0140955113499,1.05083593237,0.476470211098,0.541590362268,-0.515321137143,-0.462709566627,373
0.0660234964601,0.014001679873,1.05078918521,0.476505663416,0.541767171222,-0.515339153144,-0.462445934305,374
0.0659992859302,0.0139611049082,1.05080325058,0.476696355896,0.541278232141,-0.515363513696,-0.462794672005,375
0.0660389613804,0.0139121204778,1.05078157498,0.476605942695,0.541166422503,-0.515648843703,-0.462700711617,376
0.0660778315522,0.0137741668066,1.05065643993,0.47636839141,0.54202531548,-0.515237702751,-0.462397905173,377
0.0660130706348,0.0137525458794,1.05064774133,0.476464002995,0.541784708615,-0.515227739101,-0.462592434246,378
0.0661638891598,0.0134381445458,1.05031043284,0.477416194915,0.540696192407,-0.515719873562,-0.462335826389,379
0.0661903661613,0.0134093254648,1.05028551577,0.477331081341,0.540643537387,-0.515758272249,-0.462442438444,380
0.0661999026983,0.0133326145444,1.05021539826,0.477333132778,0.540693250445,-0.515904203541,-0.462219365717,381
0.0661945777478,0.0132732958176,1.05018681196,0.477264410457,0.540765487434,-0.516131960748,-0.461951479276,382
0.0661733949216,0.0130573074273,1.05021439722,0.47792634606,0.539490465445,-0.517156022836,-0.461612492769,383
0.0661432501362,0.0130977018381,1.05023536948,0.477297076508,0.540192281106,-0.516781107593,-0.461862627873,384
0.0661603676842,0.0130142822101,1.05022210248,0.477348123825,0.540211867665,-0.516845718452,-0.461714641346,385
0.0661317184168,0.0128995057884,1.05022351533,0.477373845548,0.540228527521,-0.516975289591,-0.461523455083,386
0.0661654134984,0.012826222267,1.05024635106,0.477164016354,0.540273583742,-0.517294658041,-0.461329809323,387
0.0661787099475,0.0127137786433,1.05021161569,0.477013996767,0.540730896725,-0.51736340541,-0.460871837887,388
0.0661876960686,0.012908728231,1.05045700162,0.476137242632,0.541727707134,-0.517170152864,-0.4608247503,389
0.0662166944247,0.0128655404569,1.05042138239,0.475999549214,0.541757581674,-0.517414284825,-0.460657801091,390
0.0661594913888,0.0127334411253,1.05025468406,0.47624207439,0.541364955847,-0.517550661306,-0.460715513244,391
0.0661588480809,0.0127100492782,1.05028524268,0.476372996561,0.541136618407,-0.517572674108,-0.460823670597,392
0.066282567932,0.0124482188915,1.05012574562,0.477468149453,0.540405583331,-0.517887995887,-0.460193432677,393
0.0663519753622,0.0124346280874,1.05005789782,0.477577845547,0.540196107883,-0.518095138122,-0.460092375861,394
0.0664581632872,0.0119571411389,1.04981948753,0.477508061334,0.540870410659,-0.518232090596,-0.459217541598,395
0.0665412826868,0.0118801450338,1.04972981106,0.477718016617,0.54074468968,-0.517986757944,-0.459423982588,396
0.0666371471068,0.0118151386343,1.04966416032,0.477835765492,0.540588087285,-0.517922054728,-0.459558751769,397
0.066737856112,0.0117336552486,1.04963211676,0.478091200963,0.540284684638,-0.517953969102,-0.459613912973,398
0.0669121398631,0.012004885188,1.04970133626,0.478896214101,0.539371787305,-0.517331168193,-0.460548535548,399
0.0668013473867,0.0120880197414,1.04975185402,0.478026496398,0.540042789626,-0.516715969944,-0.461355676804,400
0.0671246272541,0.0119665919569,1.04957278685,0.479117906091,0.539406291545,-0.516762544623,-0.460915781005,401
0.0671465069911,0.0118811704787,1.04958864499,0.479367422901,0.538868823613,-0.516766459556,-0.461280490674,402
0.0671437816781,0.0117887920109,1.04950000243,0.479550201367,0.539016942161,-0.516537832845,-0.46117351146,403
0.0672464376221,0.0117783484952,1.04948692185,0.479412589316,0.53875790721,-0.516642651049,-0.461501741861,404
0.0671242425203,0.0118341582966,1.04952181487,0.478519795741,0.53917415922,-0.516464661786,-0.462140978749,405
0.0670990927057,0.0117919381755,1.04940914353,0.478583181281,0.539037717083,-0.516405178116,-0.462300951948,406
0.0672242215141,0.0117836609554,1.04936785073,0.478509128297,0.539102392046,-0.516479563584,-0.462219088126,407
0.0673378544237,0.0116929051399,1.04923118145,0.4785509039,0.539402582825,-0.516549174387,-0.461747589553,408
0.0673645141118,0.011736932825,1.04921174133,0.478131950559,0.538590346134,-0.517786773812,-0.461743580108,409
0.0674049040944,0.0117777971972,1.04910707332,0.478269138059,0.539395679263,-0.517211583189,-0.461305875735,410
0.0673671276834,0.0117639726762,1.04901525991,0.47799788733,0.53982938349,-0.516925748248,-0.461400072851,411
0.0673988137679,0.0117059943408,1.04891313573,0.47917299203,0.539266391257,-0.517013549285,-0.460740700206,412
0.0673894393397,0.0118358384583,1.04889445553,0.477870287619,0.540180754476,-0.516982837841,-0.461056922823,413
0.0674059561392,0.0117757978664,1.04882265178,0.477149603193,0.541372411305,-0.517017048317,-0.460366745325,414
0.0674502198047,0.0118213011242,1.04874826589,0.477068093689,0.541519055099,-0.51706164203,-0.460228644577,415
0.0674283454787,0.011804121351,1.04875778989,0.476960449055,0.541546171208,-0.517379356377,-0.459951167063,416
0.0675628555869,0.0118451248787,1.04874411053,0.476570650898,0.541575586518,-0.517713693382,-0.459944377588,417
0.067497145744,0.011935199836,1.0487604723,0.476616284821,0.542167300814,-0.517364002178,-0.459593324824,418
0.0674940768499,0.011994548844,1.04883149986,0.476237675094,0.542437969762,-0.517443120298,-0.459577352616,419
0.0674895852356,0.0120249980298,1.04875947063,0.476057827347,0.542607917306,-0.517512852416,-0.459484538023,420
0.0675406508761,0.0120961478643,1.0487382482,0.475976799784,0.543022130778,-0.517495430848,-0.459098606624,421
0.0675110201841,0.0121677033029,1.04883171783,0.476074768712,0.541647312748,-0.518221365903,-0.459801717168,422
0.067446922227,0.0122187490984,1.04884447147,0.476313489513,0.542167501508,-0.518040989605,-0.459144196419,423
0.0675728264054,0.012244062151,1.04878484219,0.477030616267,0.541783993749,-0.518325096098,-0.458531340277,424
0.0675583836967,0.0123418023888,1.04874377424,0.475329179249,0.543690670808,-0.517760934227,-0.458678799182,425
0.0676224713446,0.01236311947,1.04875787307,0.477294862531,0.541454675025,-0.51845757786,-0.458495571467,426
0.0676635064676,0.0123954556009,1.04866021054,0.477006320793,0.541797811842,-0.518516736208,-0.458323570503,427
0.0677391946513,0.0124963190223,1.04864111548,0.477142265005,0.541785920123,-0.518483773243,-0.45823340405,428
0.0678826653185,0.0123220175228,1.04841753289,0.47773482149,0.541224415039,-0.518378027421,-0.458399164035,429
0.0678393242564,0.0125058519693,1.04849765505,0.476746026455,0.541692675846,-0.518078102496,-0.459213840066,430
0.0679147786576,0.0126188075896,1.04853348533,0.476871930601,0.541636871551,-0.517775329368,-0.459490336655,431
0.0679154063113,0.0129352109486,1.04875311952,0.476255954248,0.54189472583,-0.517274938589,-0.460387890879,432
0.0679851069737,0.0130533346294,1.04877329177,0.476199776092,0.542014054668,-0.517338036531,-0.460234607293,433
0.0680498813765,0.0130789773387,1.04879470516,0.476555051898,0.541466173209,-0.517088465702,-0.460791910106,434
0.068001048043,0.0132060001271,1.04874727983,0.47652868307,0.541106295331,-0.517220236998,-0.461093935988,435
0.0681574107184,0.0133041978994,1.04886126862,0.477010628482,0.541632635777,-0.516655579905,-0.460610420996,436
0.0682470865331,0.0133717768462,1.04888262217,0.477108011055,0.541876304157,-0.51634159624,-0.460575045755,437
0.0683971698528,0.0134060427308,1.04882606751,0.478268439402,0.540906361425,-0.516455159414,-0.460384270318,438
0.0684525448021,0.0135912785638,1.0488656471,0.478329376341,0.54090119403,-0.5160100249,-0.460825954377,439
0.0684286952747,0.0136990352336,1.04898002616,0.478479568758,0.54041028004,-0.516237888778,-0.460990752292,440
0.0682660528903,0.0139186134149,1.04899436836,0.477106268531,0.540294266962,-0.516250752777,-0.462533105706,441
0.0683315347786,0.0139103792631,1.04903708195,0.477671498462,0.53972556425,-0.516504618921,-0.462330221255,442
0.0685103447136,0.0142917162581,1.04902712931,0.476895058315,0.54113540501,-0.515820412367,-0.462247638161,443
0.0685913535381,0.0143892313759,1.04920989585,0.478255239981,0.540269828112,-0.515944894207,-0.461715609878,444
0.0687354367604,0.0145069687215,1.0491503942,0.478355610725,0.540682136782,-0.51581615652,-0.46127261931,445
0.0688522702999,0.0145174849907,1.04893767102,0.478700813174,0.540201542819,-0.515881285078,-0.461404729397,446
0.0686470340285,0.014986503542,1.04931448857,0.477189816573,0.541118273711,-0.515841562591,-0.461939795989,447
0.0685905763673,0.0151837042883,1.04925414107,0.476615648148,0.540985076262,-0.516268343923,-0.462211713682,448
0.0685650878566,0.0153581993109,1.04927513928,0.476405150517,0.540968274144,-0.516400511806,-0.462300735817,449
0.068568834694,0.0154850916755,1.04925938634,0.476054402177,0.541542683482,-0.516038815955,-0.462393413192,450
0.0686133535832,0.015694607144,1.04927764125,0.475997224393,0.541628639284,-0.515967749196,-0.462430904318,451
0.0685898148046,0.0158685692635,1.04930609203,0.475886006532,0.54155599831,-0.515882840266,-0.462725085337,452
