1,1445363945,962000000,3.09974783695,-1.07652893899,-0.773991640427,-0.0677108370007,0.119266971862,-0.904180045676,0.404535631282,0
1,1445363946,986000000,3.46964775675,-1.09857778806,-0.693049448968,-0.0694521763813,0.112776403443,-0.904445525916,0.405507297927,83
1,1445363948,558000000,3.50989907666,-1.12263139241,-0.739466647103,-0.0681655017219,0.114189498419,-0.90477143859,0.404602109161,221
1,1445363950,329000000,3.76309494745,-1.35339029184,-0.586406561576,-0.0658115429859,0.116553477674,-0.906323061784,0.400827438345,373
1,1445363951,78000000,3.72122244276,-1.11283639509,-0.500120413638,-0.0642332669314,0.121467354236,-0.907101696181,0.397852085653,433
1,1445363951,456000000,3.72897309454,-1.07190184103,-0.77437894501,-0.0584742762364,0.114705303576,-0.907022709279,0.400915523773,470
1,1445363951,865000000,3.52359439102,-1.02142326835,-0.931476199141,-0.0548491894641,0.107453676112,-0.914964373482,0.385078523374,506
1,1445363952,757000000,3.28349444233,-1.03959332799,-0.927150464854,-0.0598006690996,0.104465414269,-0.918172697871,0.377451657938,585
1,1445363953,550000000,3.60476120288,-1.03559446913,-0.923074826059,-0.0575622893592,0.103824107912,-0.912068054062,0.392478027689,658
1,1445363954,935000000,3.59249401604,-1.06919319268,-0.925959077136,-0.0577735410642,0.104145651803,-0.912290734916,0.391843739455,785
1,1445363955,880000000,3.54733429941,-1.06304332005,-0.872292511376,-0.0531152516388,0.102781453584,-0.912372072011,0.392672821898,867
1,1445363956,847000000,3.78446506168,-1.03030070111,-0.925503169673,-0.0508349319217,0.10438286637,-0.913156105712,0.390724907712,954
1,1445363957,646000000,3.31350007103,-1.03135876205,-0.753591013819,-0.044673126811,0.0987690062641,-0.913150581114,0.392944030817,1025
1,1445363958,129000000,3.31819402083,-1.07273772426,-0.764163805716,-0.041830037407,0.10085679599,-0.913191642283,0.392631098027,1067
1,1445363959,53000000,3.32189649668,-1.00637713129,-0.712106334111,-0.0415650804325,0.100157633344,-0.912143678238,0.395265357477,1150
1,1445363959,539000000,3.38808534114,-0.884129750197,-0.805819648203,-0.0418254978838,0.100511897148,-0.910647257036,0.398584444643,1195
1,1445363961,354000000,3.17406847917,-1.01901458383,-0.722157824686,-0.046160337855,0.0972720103972,-0.910562337417,0.399103506474,1358
1,1445363962,492000000,3.16832021274,-1.27571290793,-0.712634640911,-0.045474213482,0.102606418085,-0.911291010713,0.396172579401,1459
1,1445363963,145000000,3.23160770281,-1.20504724562,-0.655723163687,-0.041896335409,0.103692196354,-0.91191071476,0.3948562698,1517
1,1445363964,550000000,3.27267522011,-1.21087725181,-0.617473487554,-0.0440389412813,0.104120561109,-0.912151702943,0.393952727144,1642
1,1445363966,549000000,3.40388313548,-1.15082528994,-0.64133391027,-0.0473223561968,0.106588302605,-0.91316281842,0.390554983845,1821
1,1445363968,446000000,2.63892817205,-1.00916712052,-0.378251684882,-0.0552294811545,0.112129424051,-0.912532177276,0.389437699908,1985
1,1445363971,251000000,2.54692230961,-1.55057474744,-0.581884210739,-0.0569598739611,0.120768413379,-0.908571702919,0.395813117194,2232
1,1445363974,373000000,2.54659643839,-1.54955862414,-0.581183131712,-0.0569550957147,0.120775014276,-0.908570291668,0.395815030155,2494
