-0.017711743505,0.05122271308,1.05972524183,0.451748372362,0.563196581315,-0.528741556022,-0.446279492917,0
-0.017743670771,0.0515502576641,1.05969965737,0.450368820932,0.563981881033,-0.530317483845,-0.444809767571,1
-0.0179446300173,0.051919755101,1.06004918832,0.449425734641,0.565336895269,-0.530329694144,-0.44402828671,2
-0.0181167818818,0.0519462430999,1.06010328514,0.450279650607,0.565344914052,-0.529089554566,-0.444631991263,3
-0.0184030430221,0.0530706617969,1.05988124958,0.446936698926,0.56864486748,-0.528223329153,-0.44482661384,4
-0.0187166082264,0.0532163079087,1.0600153057,0.447273950581,0.569432507807,-0.526969177639,-0.444967547134,5
-0.0187797647519,0.0534613856125,1.06003132462,0.446683022081,0.570384446643,-0.526411207283,-0.445002361409,6
-0.0189098677207,0.0535865235777,1.06003668344,0.446660325047,0.570411493704,-0.526379685704,-0.445027761334,7
-0.01885335714,0.052772326294,1.05996758888,0.449510640072,0.567076432347,-0.527635691126,-0.444932671073,8
-0.0190164111128,0.0528442073359,1.06003760875,0.449794094419,0.566607050757,-0.528050258099,-0.444752344098,9
-0.0190759801621,0.0530964389995,1.05998843023,0.44848948981,0.566877460788,-0.528643742143,-0.44502012974,10
-0.0192314194909,0.0533332951025,1.06034120269,0.448086433277,0.568075011053,-0.528936599856,-0.443548648362,11
-0.0192900276512,0.0534189434622,1.06013308232,0.448219979506,0.567625333317,-0.528955528892,-0.44396664222,12
-0.0194011475593,0.0535847554961,1.06041948815,0.448078836292,0.568240589494,-0.528720162698,-0.443602275102,13
-0.0195257790355,0.0535866723337,1.06021125995,0.448892601702,0.567567568066,-0.527971099571,-0.444532345095,14
-0.0195372045384,0.0538337789901,1.0601599673,0.447781262181,0.567770162836,-0.529170102303,-0.443968451876,15
-0.0196741729964,0.0538741003985,1.0601854396,0.44877380098,0.567661297176,-0.52782361217,-0.444707726129,16
-0.0198365712779,0.0538545603062,1.06016124787,0.449339874534,0.566675196766,-0.528655268051,-0.444405789888,17
-0.0198752174435,0.0541593532288,1.06012545768,0.448359856474,0.56693122953,-0.529845483244,-0.443650970891,18
-0.0198923956257,0.0545261199424,1.06031574146,0.447158488486,0.568687557472,-0.529179371582,-0.443410578182,19
-0.0201048890229,0.0545610216997,1.06034678096,0.448390209196,0.568406750198,-0.528019377735,-0.443909363904,20
-0.0201737975231,0.0547133382588,1.0603106527,0.448436471907,0.568251085522,-0.528307004377,-0.443719667801,21
-0.0202214540647,0.054971927194,1.06022998188,0.44741678134,0.568386517905,-0.52940442663,-0.443267349468,22
-0.0203328811153,0.055139571962,1.06023070625,0.447309856304,0.568410887075,-0.529417114433,-0.443328856327,23
-0.0203582096277,0.0553888472607,1.06028499287,0.447202580524,0.569510271583,-0.528988015903,-0.442537661184,24
-0.0204277705284,0.0555955823561,1.06029437193,0.44667383506,0.570082802487,-0.528631223432,-0.442760785294,25
-0.0204687203515,0.0557772955119,1.06028715027,0.446647169363,0.570237996679,-0.528421584692,-0.442838076586,26
-0.0205293367469,0.0556139563398,1.06020870184,0.447057094651,0.569825981006,-0.528968497992,-0.442301518904,27
-0.0207522887883,0.0554977716606,1.05981710365,0.44775387104,0.567957290927,-0.528663461763,-0.44436013643,28
-0.0208153772954,0.0556532734187,1.05976026591,0.447840330749,0.567823302622,-0.528605204412,-0.444513524005,29
-0.0209312081224,0.0561468125406,1.05978583788,0.447486508046,0.568187805109,-0.52798154466,-0.445144843551,30
-0.0209648396632,0.0563720133685,1.05972637136,0.447336637963,0.56843364191,-0.527779199483,-0.445221566946,31
-0.0211630875552,0.0574551911379,1.05976964197,0.444141695809,0.572013307906,-0.526806167206,-0.444987855808,32
-0.0211944418878,0.057582424614,1.05973801387,0.444076319273,0.572252066025,-0.526831751847,-0.444715752855,33
-0.0211497205439,0.0568585411587,1.05963790238,0.447099350885,0.568604455933,-0.52784996656,-0.445157900001,34
-0.0212271140439,0.0569222334594,1.05960134218,0.447138144371,0.568264688772,-0.527881423829,-0.445515348466,35
-0.021275081028,0.0571079731203,1.05965198521,0.446864959831,0.568528597338,-0.528072676973,-0.445225998251,36
-0.021332144537,0.0572998303993,1.05969716206,0.446593438952,0.568691670882,-0.52797592383,-0.445404880541,37
-0.0214566421329,0.0573314208341,1.05973213929,0.447137817846,0.568140043723,-0.527667796988,-0.445927526165,38
-0.0215975900419,0.057697446352,1.06009293301,0.446592341152,0.569432080454,-0.52780765556,-0.444658818991,39
-0.0216088153892,0.0577914747122,1.06011271659,0.446769999954,0.569306728878,-0.527646189565,-0.444832456361,40
-0.0215831676289,0.0579453417247,1.06014506898,0.446417554125,0.569650885462,-0.527359965097,-0.445085051731,41
-0.0217039112001,0.0580880489926,1.06019637758,0.446595315496,0.56974213508,-0.52733838307,-0.444815415011,42
-0.0217766774245,0.0582377345749,1.0602545926,0.446631063816,0.569565648435,-0.527283695095,-0.445070297645,43
-0.0218096240338,0.0583441188723,1.06027648114,0.446692052042,0.569512142751,-0.527228409012,-0.445143049627,44
-0.0218170448884,0.0582743778527,1.05996804048,0.447113921746,0.568278098805,-0.527202584842,-0.446325641137,45
-0.021851762401,0.0584239499682,1.06001870228,0.446899468337,0.568500014915,-0.527306604633,-0.446134893226,46
-0.0219888769507,0.0585233892538,1.06011462477,0.447327306699,0.568824053219,-0.526252122487,-0.44653799473,47
-0.0219938505809,0.0586519789857,1.06009914939,0.446466157655,0.56846502569,-0.527439282824,-0.446456366927,48
-0.022134434542,0.0588887463054,1.0604925853,0.446709433956,0.569186271502,-0.526203461273,-0.44675226613,49
-0.0221861433838,0.0589388404533,1.0605300849,0.446434240378,0.56924101691,-0.526530246655,-0.446572539508,50
-0.0222342477942,0.0590982050695,1.06059574884,0.446244221834,0.569405892213,-0.526352355857,-0.446761929753,51
-0.0222949067425,0.0592098258344,1.06032773244,0.445156889178,0.569114938741,-0.527694371027,-0.446634281382,52
-0.0223724102709,0.0592335855689,1.06037184291,0.445293773791,0.568916715395,-0.527932369193,-0.446469080145,53
-0.0224713100362,0.0592976224786,1.06043354749,0.445501579787,0.56843516469,-0.527959317353,-0.446843110243,54
-0.0224621185711,0.059361985993,1.06047782918,0.445165791085,0.568598488802,-0.528507997985,-0.446321042576,55
-0.0225221298591,0.0594922533498,1.06051013459,0.445207757548,0.568610918757,-0.528375604176,-0.446420089828,56
-0.0225371099061,0.0597565822054,1.06073229139,0.44444391161,0.570076555443,-0.527764217594,-0.44603504458,57
-0.0225272046928,0.0598627500917,1.06073353314,0.444240139298,0.570431119256,-0.52773476256,-0.445819534348,58
-0.0226113430561,0.0598633524606,1.06073126083,0.44449094045,0.56997753889,-0.528031116589,-0.44579877628,59
-0.0226438674561,0.0599994019795,1.06073260944,0.444216853262,0.570319665738,-0.527787808365,-0.445922521847,60
-0.0226731279849,0.0600757975715,1.06071009736,0.444239718516,0.570193396183,-0.527740430199,-0.446117251151,61
-0.0226736739788,0.0599999971312,1.06049489452,0.444535217627,0.569234485526,-0.528500405089,-0.446147803534,62
-0.0227230473582,0.0600884592579,1.06050158508,0.444388147277,0.569279544628,-0.528491871402,-0.446246923226,63
-0.0227903619108,0.0601866338801,1.06054725494,0.444539870593,0.569165637631,-0.528587291323,-0.446128071125,64
-0.022736039747,0.0603476090592,1.06069145773,0.443831149196,0.570412492881,-0.52801387136,-0.445920228988,65
-0.0228322873663,0.0602897929907,1.06077684511,0.444798391772,0.570500811814,-0.526856238684,-0.446212637827,66
-0.0228525458766,0.0603649021794,1.06078887239,0.444655727297,0.570568212146,-0.527044540867,-0.44604624358,67
-0.0228268318528,0.0605413141649,1.06088677791,0.443523689875,0.570936753203,-0.528459748365,-0.445026128131,68
-0.0228132068801,0.0605443461368,1.0608149894,0.443528813204,0.571115866817,-0.528557638937,-0.444674803479,69
-0.0227897467199,0.0606167221045,1.06080452775,0.443540274663,0.571353232249,-0.528133784543,-0.444862017232,70
-0.0227971671493,0.0606159473612,1.0608048217,0.443621307912,0.571285125309,-0.52837178962,-0.444585978975,71
-0.0227689861449,0.0606734785983,1.06081423225,0.443642688796,0.571524136274,-0.527963206145,-0.444742823765,72
-0.0227688351745,0.0606738590286,1.06078798215,0.443646459682,0.571482088056,-0.528451559973,-0.444212776274,73
-0.0227353127391,0.060764794437,1.06079858672,0.443534210738,0.571909451088,-0.528139171781,-0.444146371022,74
-0.0227569492068,0.0607572533848,1.06086833792,0.44344619357,0.571900350315,-0.528513625788,-0.443800416938,75
-0.0226643472116,0.0608439597745,1.0605881291,0.443160097628,0.572151688528,-0.528254988441,-0.444070084977,76
-0.0226943272747,0.0609216966975,1.06085860553,0.44288016037,0.572810922746,-0.528268214309,-0.443483375206,77
-0.0225876067275,0.0608596088318,1.06059877399,0.442666192833,0.572453193534,-0.528855016884,-0.443459529215,78
-0.022678235698,0.060873736975,1.06074797698,0.442505032921,0.572711175042,-0.528802165376,-0.44335028557,79
-0.0226877997809,0.0608459540006,1.06070681224,0.442351587898,0.572907932985,-0.52878157384,-0.443273753085,80
-0.0227329046002,0.0608218912238,1.06074707539,0.443262847651,0.573227158538,-0.527211711933,-0.443820327845,81
-0.0226340883912,0.0608072075764,1.06046226484,0.442275198269,0.572712058003,-0.529236244422,-0.443060430646,82
-0.0226601695644,0.0608271513387,1.06060511531,0.441931066316,0.573414286812,-0.529435415069,-0.442256859275,83
-0.0226389481081,0.0608274539545,1.06056937685,0.441916083144,0.573428597696,-0.529465673792,-0.442217049738,84
-0.0226037518145,0.0608299958815,1.06056638792,0.44172555798,0.573845962501,-0.529614278955,-0.441687738425,85
-0.0225629183523,0.0606784876759,1.0603052148,0.442508680071,0.572891166565,-0.528922133006,-0.44297083036,86
-0.0222863409303,0.0606855259186,1.06020200448,0.440609091451,0.573171064602,-0.530498839111,-0.442616697533,87
-0.022529322176,0.0605573725762,1.06023248434,0.442636460407,0.57269562472,-0.529256551632,-0.442696496371,88
-0.0224386202685,0.0605363860634,1.06023553917,0.442379340738,0.573356650009,-0.530003790651,-0.441201374289,89
-0.0223488003648,0.0605920547811,1.06020620633,0.441994652753,0.573919572218,-0.529917682747,-0.440958389278,90
-0.0223407607819,0.0605104839803,1.0601548488,0.442128314367,0.573698192618,-0.529945526859,-0.44107899064,91
-0.0223083804664,0.0604754423398,1.06010535063,0.442022110816,0.573918821724,-0.52990956131,-0.440941602089,92
-0.0223590974017,0.0605370070044,1.06032692457,0.441755100577,0.574802953822,-0.529577907996,-0.44045571259,93
-0.0223167989314,0.0604901519525,1.06028513272,0.441419004887,0.574987136991,-0.529823691795,-0.4402566411,94
-0.0222550770422,0.0603865768053,1.06024698437,0.441469689839,0.575104858595,-0.52989035428,-0.439971734337,95
-0.0222028887927,0.060315016444,1.06022912654,0.441473817938,0.575124736076,-0.529994424328,-0.439816230044,96
-0.0222039001282,0.0601778594232,1.06021861897,0.441643151895,0.574749384435,-0.530224153648,-0.439859998594,97
-0.0220950535205,0.0600857558779,1.06020892586,0.441720687181,0.574914796047,-0.529944120782,-0.439903444691,98
-0.0220612081432,0.0599633156914,1.06021136861,0.442028731405,0.574723910998,-0.529839448898,-0.439969527504,99
-0.0220212599678,0.059817758074,1.06021603388,0.44219487269,0.574535762893,-0.529917861175,-0.439953875004,100
-0.0219506063067,0.0596710387794,1.06022340513,0.442385840194,0.574448004676,-0.529883025981,-0.439918443688,101
-0.0218505938485,0.0594192312012,1.05999185801,0.442591842938,0.573539774705,-0.530331962275,-0.440355080799,102
-0.0218363910197,0.0594034994898,1.0602417027,0.442550416423,0.574568482191,-0.529868079435,-0.43961347408,103
-0.0217493351575,0.059329744959,1.06023329789,0.442302305056,0.574826569723,-0.529905037496,-0.439481213385,104
-0.021705987613,0.0592392535536,1.06020601243,0.442022514176,0.575007581251,-0.530319348882,-0.439025929378,105
-0.0216560426897,0.0590811844719,1.0602034222,0.442034066808,0.574977136513,-0.530574600209,-0.438745677907,106
-0.0216132452784,0.058968288765,1.06016424548,0.441756635062,0.575140760492,-0.530835771448,-0.438494657608,107
-0.0215890230281,0.0587416945651,1.0599034716,0.442036108227,0.574243712847,-0.530958035041,-0.439240028122,108
-0.0214144125912,0.0586695694073,1.05978684003,0.441103178573,0.573291015209,-0.532698881496,-0.439314579073,109
-0.021343658526,0.0585210205529,1.05975636142,0.440758856736,0.573530714828,-0.533416616171,-0.438475612721,110
-0.0213570145311,0.0582632661453,1.05970047142,0.441449912968,0.57284661005,-0.533330352234,-0.438779524454,111
-0.0215307876163,0.0581085841399,1.05979211038,0.443027059512,0.574334991138,-0.530618369598,-0.438532197608,112
-0.0215622653039,0.057871095111,1.05975730949,0.443451099976,0.573551692715,-0.531217513326,-0.43840338873,113
-0.0214417827467,0.0579125438305,1.05964957867,0.441992891625,0.574200873449,-0.532083652025,-0.437975601981,114
-0.0212302025331,0.0577126644001,1.05953231017,0.441090390396,0.573478505512,-0.532574275178,-0.439233779024,115
-0.0212073943491,0.0576722732864,1.05952601758,0.44054657762,0.574032278855,-0.533202272961,-0.438293271554,116
-0.0213265633675,0.0574310559674,1.05955013145,0.442178536047,0.574181130458,-0.532464348447,-0.437350990987,117
-0.0213602546755,0.0573086655475,1.05974263909,0.442647175338,0.57404536865,-0.53160039742,-0.438105478578,118
-0.0213473139117,0.057212693112,1.05969328589,0.442662212932,0.574103130252,-0.531379268331,-0.438282824515,119
-0.0213128832543,0.057073069347,1.05972673743,0.443336751515,0.574482458826,-0.530996874597,-0.437566850236,120
-0.0211877479962,0.0570048628077,1.05936928142,0.442493295614,0.574029960781,-0.532320663812,-0.437405988003,121
-0.0211422679701,0.0568746276547,1.05930556012,0.442488359363,0.574010915885,-0.532815005158,-0.436833710411,122
-0.0211360999438,0.0567920328305,1.05920940978,0.442729947128,0.573760709142,-0.532421130885,-0.437397510221,123
-0.0210768518337,0.0566812245061,1.05909334818,0.442447679166,0.573975147006,-0.532892693561,-0.43682714999,124
-0.0210662205088,0.0565369054935,1.05897604717,0.442682403289,0.573884293655,-0.532747105883,-0.436886287823,125
-0.0211324431497,0.0563909365236,1.05910086641,0.442936686186,0.574000114279,-0.533173321733,-0.435955467714,126
-0.0210939901106,0.0561610837649,1.05871265733,0.443337267376,0.573371835137,-0.533371350401,-0.436132787804,127
-0.0211165696725,0.0561322297675,1.05888588707,0.443324528036,0.573784190871,-0.533074798292,-0.435965967221,128
-0.0210693425806,0.0561111125154,1.05877830953,0.44294507485,0.574580138363,-0.532489943548,-0.436018102016,129
-0.0210318553807,0.0559798184808,1.05839070477,0.442934162172,0.57416348998,-0.532637588682,-0.4363975411,130
-0.0210440310185,0.0558367715907,1.05856025264,0.442983955957,0.574526459459,-0.532366573303,-0.436199947016,131
-0.0211214979429,0.0556397087545,1.05846125168,0.443507145557,0.573601352824,-0.533148334176,-0.435930904667,132
-0.0211125662433,0.0556552851949,1.05837365954,0.443016836373,0.57429766319,-0.532649098375,-0.436122935358,133
-0.0210824834358,0.0555245378291,1.05824780412,0.44307426044,0.573855218008,-0.532709399682,-0.436573114141,134
-0.0211030291608,0.0555153195361,1.05818993688,0.44271518863,0.57401459403,-0.533092437103,-0.436260198849,135
-0.0212177656593,0.0552892439235,1.05816003547,0.443966256612,0.574173116792,-0.531434060505,-0.436803198568,136
-0.0212300879792,0.0552071225071,1.05807655853,0.443873898792,0.574405545767,-0.531386693368,-0.436649073142,137
-0.0211990254729,0.0551321658939,1.05768152073,0.442699933497,0.573828379935,-0.533087866595,-0.436526157008,138
-0.0211974571308,0.0550204441511,1.05765290263,0.4427461967,0.573954904767,-0.533177239135,-0.436203627071,139
-0.0212405518651,0.0549337187793,1.05763930162,0.442385208208,0.574223488578,-0.533346092312,-0.436009929405,140
-0.0212708429761,0.0548280246956,1.05763828825,0.44218884836,0.574342671189,-0.533702085618,-0.435616347541,141
-0.0214155212585,0.0546124432496,1.05766530881,0.442827324162,0.573436045164,-0.534285089404,-0.43544747826,142
-0.0214923040233,0.0545279158432,1.05765085019,0.442916265169,0.573227577684,-0.534315598693,-0.435594039473,143
-0.0214587979425,0.0543266921087,1.05760730826,0.442910910774,0.573319657123,-0.534199012524,-0.435621292974,144
-0.0214788456704,0.0541593508114,1.05762071835,0.442690406335,0.572322214415,-0.534253556326,-0.437087662351,145
-0.0214037287126,0.0541824518126,1.05760885776,0.441422857512,0.573585367051,-0.534974752255,-0.435829900329,146
-0.0215964289067,0.0540737273153,1.05768580629,0.442486533069,0.57392277898,-0.534388448297,-0.4350256293,147
-0.0216487798617,0.0540726389544,1.05771818723,0.441954059672,0.574506634068,-0.533945241322,-0.435340344812,148
-0.0217327888829,0.0538631045021,1.0577264772,0.442441687794,0.573865507324,-0.534099976989,-0.435500800213,149
-0.0217791525283,0.0537842526537,1.05773953754,0.442203914619,0.573932576388,-0.534275699489,-0.435438368305,150
-0.021795964013,0.0536960769997,1.05773105852,0.442293341041,0.573860153745,-0.534263345204,-0.435458152279,151
-0.0218148525057,0.0535822393714,1.05771133555,0.442243803088,0.573713626053,-0.534693487733,-0.43517349194,152
-0.021901026212,0.0534961710516,1.05768215722,0.442710064951,0.573329091858,-0.53436174955,-0.435613442673,153
-0.0219164096538,0.0533857454437,1.0576386702,0.442692361962,0.573038236341,-0.535016980425,-0.435209700039,154
-0.0219540512844,0.0532451030202,1.05759737482,0.443088916506,0.572650480771,-0.534878742174,-0.43548636042,155
-0.0220724364156,0.0531075746861,1.05760380957,0.444261522157,0.572694900525,-0.533215091919,-0.436272754815,156
-0.0221289613542,0.0529730671221,1.05756620979,0.444495333557,0.572291404599,-0.533395200216,-0.436343909153,157
-0.0220010638702,0.0528810742991,1.05741492219,0.442850378196,0.571099262796,-0.534966143092,-0.437653287788,158
-0.0219543186958,0.0530457245976,1.05743852239,0.441940681519,0.572434179635,-0.534875911223,-0.436938558148,159
-0.0222669433988,0.0527768529027,1.05745931,0.444216526277,0.571285163585,-0.534057106366,-0.437136073539,160
-0.0223600897672,0.0527037079103,1.05747137069,0.444138130315,0.571203358853,-0.534170798099,-0.437183717095,161
-0.0224057167709,0.0529220882796,1.05771105358,0.443099611378,0.57312281276,-0.533833250579,-0.436136488346,162
-0.0224728268542,0.0528232060843,1.05765792666,0.44334037889,0.572833477368,-0.533758434227,-0.436363437451,163
-0.0225760205748,0.0528005397654,1.05763486437,0.443239534557,0.57278414217,-0.533643446339,-0.436671173383,164
-0.0225250179769,0.0527840556435,1.05733212229,0.443066840087,0.572433493935,-0.534396508879,-0.436385198573,165
-0.0226099755305,0.0527504750134,1.05750530247,0.443089730918,0.572657626372,-0.53419202402,-0.436318249431,166
-0.0227867498118,0.0526470319756,1.05746130353,0.443605122891,0.572216381729,-0.533579272975,-0.437122484983,167
-0.0228428538583,0.0526480892879,1.05738960539,0.443485108199,0.572262472707,-0.533567658421,-0.437198095861,168
-0.0228699138454,0.0527528622149,1.05725390261,0.442806925789,0.572800099062,-0.534348576963,-0.436226628355,169
-0.0229540336892,0.0525517961429,1.05694962786,0.443896554533,0.572167222673,-0.533404862399,-0.437103844575,170
-0.0230460878008,0.0525602270451,1.05690818154,0.443641005747,0.572318635268,-0.53344446221,-0.437116738965,171
-0.0231465481877,0.0525278620566,1.05712593342,0.443678127515,0.572635766998,-0.533209913457,-0.436949866358,172
-0.023428160908,0.0524957590179,1.0571911078,0.444408417071,0.571758289457,-0.533532949082,-0.436962480675,173
-0.0234970394465,0.052502130925,1.05716750695,0.444222949009,0.572029326426,-0.533366257679,-0.436999835758,174
-0.0234979821149,0.0525130506117,1.05709795044,0.44376704152,0.572456290804,-0.533219972092,-0.437082451422,175
-0.0235112994141,0.0525855740804,1.05676082027,0.442840042492,0.572545691161,-0.534125638501,-0.436799645826,176
-0.0235822915324,0.052510333307,1.05674386551,0.443020192133,0.572354837461,-0.534233264733,-0.436735467132,177
-0.0236798340742,0.0525735866381,1.05669949154,0.442774737223,0.572657297792,-0.534360301583,-0.436432376726,178
-0.0238182416211,0.0526798568117,1.05664846674,0.442466920259,0.573032200231,-0.533985046945,-0.43671168019,179
-0.0238711796436,0.052609615149,1.05654411468,0.442552706717,0.572855724597,-0.534379073584,-0.436374181511,180
-0.0238233450345,0.0527120577328,1.05636975659,0.441601920917,0.571988347454,-0.535495869583,-0.437105533571,181
-0.0240122669126,0.0526818611315,1.05627839556,0.441762112071,0.571413874271,-0.535883284587,-0.437220225891,182
-0.0240846825862,0.0526402868409,1.05618964231,0.44188270718,0.571285537992,-0.536035276681,-0.437079728803,183
-0.0241086284364,0.0526944070075,1.05606932365,0.441514367804,0.571676607824,-0.535700375584,-0.437351148037,184
-0.0243094028141,0.0522357253396,1.05599310413,0.442840060091,0.572118980392,-0.53509334768,-0.436173890464,185
-0.0245432068105,0.0522367178853,1.05597373709,0.443253948908,0.571540077419,-0.535030181095,-0.436589718156,186
-0.0245770803571,0.0522988418292,1.0561508516,0.442540480157,0.57244460009,-0.535196459811,-0.435924136354,187
-0.0245137658885,0.0523383129229,1.05606177478,0.440839770608,0.572109479747,-0.535713296007,-0.437449773477,188
-0.0246765995803,0.0522156107839,1.05605200894,0.441317434925,0.571501997822,-0.535781910931,-0.437678114641,189
-0.0248533748364,0.0524382696412,1.0561365451,0.441758874388,0.573414553278,-0.535321759506,-0.435287790763,190
-0.0249784556042,0.0527803376592,1.05616796481,0.441447993572,0.573837600329,-0.534578719363,-0.435958335423,191
-0.0250789494073,0.0528179564772,1.05609462054,0.441203032368,0.57374646566,-0.534583322872,-0.436320465115,192
-0.0251891344265,0.0527539313638,1.05606053113,0.441391832253,0.573427538339,-0.534707366969,-0.43639676947,193
-0.0252364829417,0.0527344808899,1.05598050585,0.441367086378,0.573354270493,-0.534864433355,-0.436325581992,194
-0.0252818790123,0.0527777781256,1.05591255324,0.440890703926,0.573886722567,-0.534688465891,-0.436322886514,195
-0.0253374280516,0.0528273325755,1.05583632801,0.440906791866,0.573956208991,-0.534562951301,-0.436369020605,196
-0.0254354231488,0.0527532111526,1.05579005245,0.441102522361,0.573532585889,-0.535100580646,-0.436069153097,197
-0.0254410182038,0.0527598408793,1.05576362188,0.441062832294,0.573513057968,-0.535184807926,-0.436031617747,198
-0.0256007794986,0.0527276145635,1.0555797057,0.441777015773,0.573049493608,-0.534284418005,-0.437021174416,199
-0.0256637312094,0.0526809998758,1.05554609588,0.442011148575,0.572761744682,-0.534402909629,-0.437016771468,200
-0.025734401275,0.0526752763349,1.05553361657,0.442063485577,0.57258682539,-0.534498409998,-0.437076254009,201
-0.0258318389581,0.0526878713938,1.05555104511,0.441947931763,0.57254160822,-0.534484428938,-0.437269399443,202
-0.0258988908819,0.0526762075957,1.05558624735,0.442002591999,0.572428416656,-0.534525060247,-0.437312675827,203
-0.0257869551167,0.0526730370934,1.05560263774,0.440768051448,0.572001343547,-0.535381798723,-0.438068850067,204
-0.0261034045332,0.053510777221,1.05576405418,0.438634089117,0.575177223678,-0.534629732141,-0.436969503212,205
-0.026106891752,0.0527332794653,1.05589824592,0.441761306665,0.572043279077,-0.53472058625,-0.437821115796,206
-0.0261503268325,0.052742158457,1.05593152343,0.442225942798,0.572404387583,-0.534035435207,-0.437716331127,207
-0.0261304165583,0.052782385063,1.05590192715,0.441301450796,0.572468310213,-0.535418125724,-0.436875833588,208
-0.0261300580496,0.0527362211157,1.05568060304,0.441734648322,0.571587191648,-0.535494106309,-0.437498165623,209
-0.0261583392105,0.0528558701009,1.05563796964,0.441579434876,0.571870457818,-0.535092366756,-0.437776131385,210
-0.0262128515453,0.052822788744,1.05559376726,0.441846613159,0.571527756481,-0.535174228468,-0.43785401585,211
-0.0262205499538,0.0529290955332,1.05569049518,0.441630137676,0.572004067856,-0.534985886135,-0.437680556443,212
-0.0263379910997,0.0528849505389,1.05567844648,0.442570135759,0.571744738358,-0.53383989455,-0.438468466461,213
-0.026398161595,0.0528419631182,1.05561500174,0.442820105185,0.571133877101,-0.534220594541,-0.438548520964,214
-0.0264141348701,0.0529393615477,1.05557052489,0.442678850099,0.571277846855,-0.53385803125,-0.438944939415,215
-0.0264794627495,0.0530350550924,1.05550337132,0.442364419705,0.571410432939,-0.533733206334,-0.439241052002,216
-0.0265296677428,0.0531000627757,1.05549595507,0.44254289529,0.571284285005,-0.533569650386,-0.439424031798,217
-0.026524792652,0.0531213654749,1.05537514355,0.442539417449,0.571150906915,-0.533559989495,-0.439612605762,218
-0.0264962708316,0.0530370724937,1.05497966028,0.442552572217,0.570048909693,-0.534174218546,-0.440283278836,219
-0.0266412413423,0.0531669152885,1.05518769308,0.443113035429,0.570662709113,-0.533398871479,-0.439864245155,220
-0.0266489478349,0.0532573696005,1.05508831827,0.443331930871,0.570689379034,-0.533122414622,-0.43994422687,221
-0.0265995649683,0.0532279830699,1.05493018142,0.443222854442,0.570570038506,-0.533350691615,-0.439932235934,222
-0.0265919968908,0.0532659899255,1.05479178734,0.443318544934,0.570357818753,-0.533454275854,-0.439985410984,223
-0.026532181782,0.0532481180291,1.05435386406,0.443696668161,0.569658083314,-0.533483298032,-0.440475317696,224
-0.0266131219151,0.05328591947,1.05443589755,0.443495243405,0.570067229061,-0.532788688694,-0.440989270422,225
-0.0265262036071,0.0533296241275,1.05402582061,0.443774903954,0.568858851204,-0.533725694586,-0.441135268332,226
-0.0264009007292,0.053492199606,1.05384101695,0.442798459256,0.568864549912,-0.53502664353,-0.44053278998,227
-0.0264864075477,0.0533909846517,1.0537401365,0.444328031544,0.567994053133,-0.533460498119,-0.442012729382,228
-0.0263749379471,0.0536163692234,1.05361453466,0.443099340785,0.56824514307,-0.53466934205,-0.44146248566,229
-0.0263329791883,0.0536978357664,1.05354508943,0.443166709043,0.568188317297,-0.534433569158,-0.441753397542,230
-0.0311187832739,0.0523702483844,1.05352432914,0.444952150143,0.558966515396,-0.538087257818,-0.447253978991,231
-0.0263912054424,0.0545055861427,1.05350951162,0.440885960015,0.570766689431,-0.532968654227,-0.442480926265,232
-0.026118284538,0.0534939786921,1.05333814935,0.445055927463,0.566419605504,-0.53392534101,-0.442738954868,233
-0.0263484718361,0.0545276721235,1.05348472376,0.441884277558,0.569650151058,-0.53233301123,-0.443687452832,234
-0.0308249455401,0.0527429075241,1.05341787256,0.445036246236,0.558027240443,-0.538229920997,-0.448170604349,235
-0.0261913267412,0.053684060269,1.05370705726,0.446221322368,0.56615074815,-0.532113170599,-0.444089445392,236
-0.0259837956572,0.0536951245096,1.05344342436,0.446596532678,0.565960173134,-0.53172040319,-0.444425508108,237
-0.026059964878,0.0537636056415,1.05386753409,0.446955172499,0.565788846202,-0.531642427312,-0.444376399881,238
-0.0259523564052,0.0536810885529,1.05353807961,0.446766619273,0.565170546641,-0.532763473494,-0.444010047661,239
-0.0259476968422,0.0539382828902,1.05383541484,0.446276338994,0.566115263927,-0.532228635443,-0.443941006011,240
-0.025935932886,0.0542802418803,1.05393680615,0.446126375355,0.566404188145,-0.531410964834,-0.444702079283,241
-0.0258999032467,0.0543548486129,1.05405497318,0.445995946985,0.566481255936,-0.531610619756,-0.444496063998,242
-0.0259420873956,0.0543256196592,1.05399640661,0.44633413969,0.56568114673,-0.531839717762,-0.444901326805,243
-0.025926206563,0.0544073827381,1.05412475638,0.446301674309,0.565820474977,-0.531897792084,-0.444687243331,244
-0.0260254821406,0.0544068077441,1.0542997836,0.447206116024,0.565832499488,-0.530934625037,-0.44491425719,245
-0.0260356687207,0.0545384564872,1.05441086634,0.446760991172,0.566198785448,-0.531086819,-0.444713776276,246
-0.0260479658779,0.0546711690746,1.05478440636,0.44672314513,0.566515146564,-0.530872462923,-0.444604822769,247
-0.0260610999634,0.0547401618838,1.05483315778,0.446615556008,0.56665072891,-0.530944588899,-0.444453979706,248
-0.0261869990375,0.0548029307279,1.05492667539,0.446823449351,0.566442988685,-0.531157208986,-0.444255742813,249
-0.0260128365662,0.0548304914547,1.05461084287,0.44607790576,0.566023596857,-0.531889124486,-0.44466363585,250
-0.0260546017931,0.0549417785128,1.05469774402,0.44644947341,0.566950785051,-0.530874044994,-0.444322431768,251
-0.0260977081385,0.0550247087586,1.05468545941,0.445886198746,0.566181156625,-0.532951491506,-0.443381442273,252
-0.0260231849575,0.0551569099575,1.054658729,0.445073949331,0.567148472735,-0.533009609852,-0.442891121278,253
-0.0260203257041,0.05527004027,1.05465547812,0.444742017983,0.567457723646,-0.53305773422,-0.442770506361,254
-0.0260456954914,0.0553368820697,1.05465985946,0.444660886983,0.56752173636,-0.533061251078,-0.442765713382,255
-0.0260788743802,0.0555174188097,1.05466662849,0.444267574362,0.568031804835,-0.532715319238,-0.442922769471,256
-0.0260748054833,0.0555980534877,1.05469352319,0.443975196895,0.568199141986,-0.532969710915,-0.442695207604,257
-0.0261068779733,0.0557002084037,1.05472478987,0.443733158223,0.568170161082,-0.533236769768,-0.442653475889,258
-0.0262082780198,0.0556237233146,1.05479114529,0.444899837466,0.567792172579,-0.531770285488,-0.443730263621,259
-0.0261163936719,0.0557857585965,1.05480887068,0.443513068806,0.567918260705,-0.533610601863,-0.442746804095,260
-0.0261900253559,0.0558007113582,1.05484430359,0.444143251293,0.567217576019,-0.532610786604,-0.444214749618,261
-0.0262524414963,0.0558149765363,1.05497430592,0.444781084947,0.56732466809,-0.531990396325,-0.444183211825,262
-0.0262460940185,0.055868333165,1.0549938975,0.444647751406,0.566523587462,-0.532801454938,-0.44436697856,263
-0.0262142281634,0.0559376804714,1.05505282707,0.444620038797,0.566689681031,-0.532522539269,-0.444517234405,264
-0.0261972198967,0.0559738777594,1.05511596673,0.444662423702,0.566527707342,-0.532510852546,-0.44469526384,265
-0.026141413685,0.0560671217219,1.05520601412,0.444002392925,0.566932252553,-0.533335232715,-0.443850454136,266
-0.0260662664581,0.0560457236289,1.05530402569,0.444189162307,0.566903160214,-0.533328463302,-0.443708851907,267
-0.0258514683631,0.0556831688561,1.05522212883,0.444624759725,0.566520280091,-0.533970028254,-0.442989395147,268
-0.0257697368208,0.0558041223431,1.05534028598,0.444370846286,0.567006424674,-0.533524869496,-0.443158525788,269
-0.0258742089541,0.0558051929969,1.05547410187,0.444813452614,0.566401002576,-0.533390734169,-0.443649886011,270
-0.0257900000922,0.0557753193069,1.05555203995,0.444639252464,0.566405563806,-0.533229544088,-0.444012303624,271
-0.025736593059,0.0558405129529,1.05562644304,0.444340909998,0.566513981855,-0.53350614292,-0.443840353655,272
-0.0258620463887,0.0563176639136,1.0558338076,0.443977586253,0.566906952517,-0.532709017678,-0.444658872145,273
-0.0260604014225,0.0572420324685,1.05606420633,0.440832000512,0.57031653807,-0.531622216067,-0.444729145786,274
-0.0259162337124,0.0563848674576,1.05602016377,0.444002183412,0.566702907334,-0.532459311948,-0.44519316826,275
-0.0258749554222,0.0572335215838,1.05609668063,0.439704787553,0.569570271412,-0.532263662401,-0.44603228517,276
-0.025878744844,0.057096684795,1.05616090778,0.440418979406,0.568864922114,-0.532171221874,-0.446338003732,277
-0.0256964912285,0.0563720045486,1.05627231921,0.442844544539,0.5664911889,-0.532806699325,-0.446198905675,278
-0.0258199972181,0.0563459963239,1.05633244259,0.44410452846,0.566801313988,-0.532101711266,-0.44539331734,279
-0.0256143006293,0.0563583548253,1.05628530307,0.442862897584,0.56640878251,-0.532945187497,-0.446119907831,280
-0.0257476350527,0.0572339799769,1.05622100902,0.440860568111,0.570258315252,-0.531788933788,-0.444576138891,281
-0.0255863281573,0.0562874926253,1.05611605627,0.44428391908,0.566389112486,-0.53326820501,-0.444342428797,282
-0.0257700223925,0.0572641139638,1.05619660039,0.441403374635,0.569964794944,-0.531458561534,-0.444808937362,283
-0.0254576745995,0.0563368243352,1.05604793181,0.444233983903,0.566677231024,-0.532685610239,-0.444723649056,284
-0.0254686416442,0.0563892204508,1.05603115046,0.444066210095,0.56673014889,-0.532446610567,-0.44510981374,285
-0.0253971460375,0.0563593395588,1.05595074121,0.443948848019,0.566660634849,-0.532815681521,-0.444873684073,286
-0.0253413287662,0.0564493531483,1.05591939192,0.443676348343,0.567025917535,-0.532735561336,-0.444776043029,287
-0.0253558435667,0.056410986289,1.05606006532,0.444022942066,0.567088310928,-0.532065840304,-0.44515212693,288
-0.0253343064121,0.0563849750078,1.05605633922,0.444559252926,0.567627217233,-0.531554506713,-0.444540458549,289
-0.0253775439337,0.0564250068566,1.0559658803,0.444784639282,0.567511063622,-0.531574915736,-0.444438889259,290
-0.0251708501809,0.0562713064937,1.05547433755,0.443855332983,0.566547775098,-0.533575880536,-0.444199101334,291
-0.0250950037177,0.0562490841019,1.05536881968,0.444037585118,0.566616826936,-0.533584040865,-0.443918985593,292
-0.0250454488168,0.0562343090271,1.05523780837,0.444506534208,0.566528374625,-0.53288883609,-0.444397378663,293
-0.0249842992838,0.0562281437662,1.05513022366,0.44463202243,0.566609847215,-0.532696086723,-0.444399060371,294
-0.0249063919907,0.0562067209951,1.05503232578,0.444635993269,0.566822375977,-0.532642886371,-0.444187779188,295
-0.0248313018059,0.0562322191524,1.05493900791,0.44449077129,0.566945903504,-0.53279843939,-0.44398887342,296
-0.0247308903542,0.0561465072663,1.05485723086,0.444626785437,0.566948474243,-0.532847998463,-0.443789882445,297
-0.0246723508771,0.0560500107115,1.05478432016,0.444987456246,0.56673656159,-0.532754630846,-0.443811149988,298
-0.0245729688623,0.0560583482092,1.0547263418,0.44495733447,0.567056595582,-0.532675687356,-0.443527225781,299
-0.024287856171,0.0562523169316,1.05457551961,0.443602630247,0.567201125371,-0.533355254599,-0.443882599578,300
-0.0243625062536,0.0562097725328,1.0546101754,0.444146296501,0.568299009259,-0.531998769731,-0.443562410924,301
-0.0242381940249,0.0561796811766,1.05453225612,0.444041283662,0.568374666804,-0.532306864679,-0.44320083298,302
-0.0242444332693,0.0560666994791,1.05467872162,0.444465510802,0.568074378641,-0.531611610236,-0.44399437598,303
-0.0241946731132,0.0559976499791,1.05461676117,0.444810234032,0.568053977972,-0.53117291321,-0.444200258985,304
-0.0240603082214,0.0559158795099,1.05437745057,0.445173622795,0.568681141322,-0.530937519626,-0.443314285046,305
-0.0239393974056,0.0558383001129,1.05423387057,0.444530096578,0.568034665324,-0.533152920234,-0.442128460827,306
-0.0238854573624,0.0556475781426,1.05415198692,0.44536441629,0.567353457369,-0.532365830696,-0.443110836497,307
-0.0238342590824,0.0555367898438,1.05410534202,0.445512975922,0.567323244638,-0.532312141757,-0.443064677125,308
-0.0237618322584,0.0554901178573,1.05408421991,0.445336323944,0.56753500257,-0.532500575895,-0.442744526905,309
-0.0236795928422,0.0554155994717,1.05407059104,0.445235502679,0.567796899198,-0.532440310481,-0.442582584599,310
-0.0236162359479,0.0552688425477,1.05404807637,0.445326013185,0.567581438243,-0.532716474956,-0.442435543614,311
-0.0233985895073,0.05549017363,1.05440986254,0.444248820512,0.57054028257,-0.532613347923,-0.439829277167,312
-0.0233131961262,0.0553940393558,1.05438740605,0.444150994697,0.570560914417,-0.532768953717,-0.439712836752,313
-0.0232476971673,0.0553306129127,1.05438191849,0.444172445745,0.570735882996,-0.532829695046,-0.43939038039,314
-0.0232436696369,0.0551253465854,1.05419810103,0.444103256627,0.569877200062,-0.533567908445,-0.43967892988,315
-0.023188396121,0.0550253135653,1.05415396864,0.443979721974,0.569783285402,-0.533833145305,-0.439603443034,316
-0.0231314631502,0.0549651853919,1.05411058769,0.443892215221,0.569861391703,-0.533969433198,-0.43942501058,317
-0.0230307938907,0.0549065983449,1.05381791987,0.444115111756,0.569471882688,-0.533737474898,-0.439986193224,318
-0.0230759792647,0.0548734484398,1.05404397936,0.444282643216,0.57011121436,-0.533592577365,-0.439164089583,319
-0.0229939698068,0.0547808588097,1.05396175979,0.443988998167,0.570195429576,-0.533919469301,-0.438954373367,320
-0.0228972839734,0.0546779520051,1.05387209865,0.444054964998,0.570261830007,-0.533987177385,-0.438718962077,321
-0.0228819872674,0.0544795786717,1.05379545402,0.444319477664,0.56946508235,-0.534741381367,-0.43856741421,322
-0.0229482474869,0.055116328868,1.05353489913,0.441843920668,0.571997174424,-0.534085498255,-0.438572528522,323
-0.0228455985178,0.0550476644238,1.05344450627,0.441771796474,0.571986172342,-0.534280228071,-0.438422326509,324
-0.0227074413089,0.0542478519329,1.05353505248,0.444388837152,0.569373835386,-0.534935057604,-0.438379380376,325
-0.022681109062,0.0541499523563,1.05341155922,0.444333945846,0.569437645516,-0.535225105333,-0.437997944126,326
-0.0226184665448,0.0542485916892,1.05322307786,0.443824987189,0.570088065362,-0.534817339098,-0.438165941487,327
-0.022516970158,0.0541482164142,1.05270803102,0.443649120263,0.569479116701,-0.535747695421,-0.437999315733,328
-0.022535219672,0.0540962395805,1.05244650234,0.443622200398,0.569378336783,-0.535939507652,-0.437922935063,329
-0.0224344287696,0.0541383903596,1.05212499729,0.443121412031,0.569867893121,-0.536199006191,-0.437475284273,330
-0.0224849431111,0.0541221891313,1.05198803591,0.443607368242,0.569632301195,-0.535306107755,-0.43838215666,331
-0.0224710736686,0.055010625417,1.05145534894,0.439792878714,0.573173490991,-0.535989275269,-0.43677210288,332
-0.0223617456744,0.0542296764974,1.05126749264,0.442274257818,0.570514569032,-0.53681984636,-0.436727672523,333
-0.022339017316,0.0543006528043,1.05085877668,0.441785828666,0.570671003807,-0.537163770132,-0.436594744656,334
-0.0224768177282,0.0542278694804,1.05047190148,0.442691792805,0.56972243726,-0.536255711475,-0.438029831147,335
-0.0224023441695,0.0543773992859,1.04988404381,0.442003638315,0.570172662853,-0.537478822194,-0.436637646046,336
-0.0222733474347,0.0544387153393,1.04946287666,0.441030501609,0.571201471654,-0.537830945489,-0.435842688942,337
-0.0222629742523,0.05452096475,1.04908808765,0.440537369622,0.571641833428,-0.537982114227,-0.435577415637,338
-0.0222335435556,0.0545965165418,1.04900647968,0.440088764427,0.572629991223,-0.537892844716,-0.43484256942,339
-0.022256879443,0.0547129994459,1.04865410389,0.439725536287,0.573515978569,-0.537921632117,-0.434005982405,340
-0.0221991693875,0.0545549798412,1.04806014442,0.439935254818,0.572165891166,-0.538699864852,-0.434609733167,341
-0.022151546789,0.0547690628263,1.04775438312,0.439205420199,0.573229595039,-0.538362647348,-0.434364006541,342
-0.0220982662811,0.0548794556542,1.04744763018,0.438899429627,0.573764645994,-0.538175062544,-0.434199290345,343
-0.0221313715716,0.0551024782872,1.04743384631,0.438436230859,0.575264639801,-0.537916843867,-0.433000848438,344
-0.0221367915228,0.0549882832317,1.04708060132,0.439431720848,0.573692612936,-0.537874465724,-0.434128561255,345
-0.0220533513986,0.0550595889614,1.04681063215,0.439254696928,0.574083536724,-0.537809884306,-0.433870870689,346
-0.0220081347928,0.0551676962484,1.04657410758,0.438562174659,0.574701632463,-0.537384994308,-0.434279426746,347
-0.0219178018696,0.0552363448448,1.04635891998,0.43792643371,0.576005610231,-0.537657677547,-0.432853551926,348
-0.0218423029475,0.0552651396826,1.04617419538,0.438066396872,0.575532014662,-0.538041941481,-0.432864414381,349
-0.0217418046377,0.0553747116671,1.04597552618,0.437626828603,0.576247661852,-0.537345267735,-0.433222176648,350
-0.021638460159,0.0553566957194,1.04579857801,0.438200030701,0.576209280082,-0.537000615523,-0.433121158071,351
-0.0216798794362,0.0561068452047,1.04547589171,0.435707467761,0.578888748452,-0.535879116208,-0.433451718493,352
-0.0214742319195,0.0553205632778,1.04550019327,0.438819924192,0.576119859108,-0.536416250011,-0.433336576805,353
-0.0212864198613,0.0553293885708,1.04531342291,0.438420717157,0.576628778477,-0.536194190708,-0.433338570232,354
-0.0212354715735,0.0552925869797,1.04514153985,0.438446604785,0.576666237816,-0.536145403335,-0.433322895077,355
-0.0211863396862,0.0551721262658,1.04503256502,0.43884098989,0.576858620783,-0.535859861549,-0.433020699276,356
-0.0211518377025,0.0552016491518,1.04483288636,0.438541403641,0.577350645914,-0.535519792801,-0.43308915996,357
-0.0211280558714,0.0552135137193,1.04465244873,0.43837750175,0.577497214687,-0.535459006883,-0.433134834591,358
-0.021094406734,0.0551304570436,1.04415432768,0.43828304032,0.577314263927,-0.535755593634,-0.433107562997,359
-0.021029917176,0.0551021909783,1.04409370215,0.438060831135,0.577812566896,-0.535588970704,-0.432873884894,360
-0.0209527394209,0.0545612550508,1.04380198213,0.438802043761,0.576796352148,-0.536880525034,-0.431877339506,361
-0.0209380968804,0.0544430310835,1.04351324586,0.438892545844,0.576442480764,-0.537417897898,-0.431589391196,362
-0.0208736776953,0.0544334432878,1.04323280636,0.438735467515,0.576871033449,-0.537192227511,-0.431457426653,363
-0.0208902888296,0.0547897577004,1.04301055341,0.438159209131,0.577578083835,-0.536296647971,-0.432210561998,364
-0.0208695333161,0.054705847011,1.04273470198,0.438097209743,0.577424088486,-0.536369367329,-0.432388897455,365
-0.0208885962051,0.0545706246807,1.04244604804,0.437980527709,0.577136159871,-0.536637811368,-0.432558400367,366
-0.0208713613512,0.0544747748884,1.04223430656,0.438064243926,0.576948561604,-0.536721943927,-0.432619498364,367
-0.0208300345327,0.0542133866749,1.04198595577,0.438509753339,0.575902413552,-0.536555946284,-0.433766438073,368
-0.020706356606,0.054105714395,1.04189788445,0.438514483855,0.576600392283,-0.536734540342,-0.432611914159,369
-0.0206441312195,0.0539175815954,1.04175126797,0.43867794444,0.575862413919,-0.536859619529,-0.433273458933,370
-0.0205620409181,0.0536467253952,1.04138946478,0.439346120316,0.574895740841,-0.536864019716,-0.433874288314,371
-0.0205180510227,0.0535770488148,1.04162515923,0.439421598534,0.575953783915,-0.536530552493,-0.43280580377,372
-0.0204857256498,0.0533559037092,1.04158565668,0.439764721915,0.57559942743,-0.536585482576,-0.432860610809,373
-0.0204304879172,0.0532143504914,1.04155294978,0.440016056897,0.575598388191,-0.536490162716,-0.432724705204,374
-0.0204428245012,0.0530086545452,1.04150728642,0.440176214101,0.575362944042,-0.536535065863,-0.432819253571,375
-0.0204238353041,0.0527363294999,1.04120312807,0.440390907599,0.57465608498,-0.537130820416,-0.432801010001,376
-0.0205436444357,0.0533519739829,1.04121785991,0.437576134987,0.577781616617,-0.536277858391,-0.432552410916,377
-0.0204595164372,0.0523784532145,1.04136352798,0.440399382904,0.575146409415,-0.537304482543,-0.431924628048,378
-0.0204903129668,0.0520798238504,1.04131125512,0.440698961075,0.574640324167,-0.53781565951,-0.43165639105,379
-0.020477727443,0.0519051785667,1.04126402828,0.44062835729,0.574953731262,-0.537784768999,-0.431349510133,380
-0.0204676728813,0.0516743301901,1.04130366575,0.440811539054,0.575054472921,-0.53779095917,-0.431020213499,381
-0.0204498991962,0.0514297091388,1.04100543294,0.440611307932,0.574965173563,-0.538116110316,-0.43093825118,382
-0.0204740192652,0.0512325081272,1.04098509092,0.440278643328,0.575258360338,-0.538337545402,-0.430610290519,383
-0.0205196393877,0.0510260387467,1.04099781418,0.440178039067,0.57529669846,-0.538486306268,-0.430475900168,384
-0.0205682347836,0.0507883115451,1.04100079983,0.440256078183,0.5752576344,-0.538707327397,-0.430171657709,385
-0.0206515871461,0.0505519378589,1.0412668591,0.440457863157,0.575451884087,-0.538754618048,-0.429645739436,386
-0.020652032228,0.0503282022131,1.04127015898,0.440269454568,0.575717701508,-0.538847906267,-0.429365659382,387
-0.0206309558431,0.0500686937711,1.04129818279,0.440289228402,0.575802445079,-0.538974405757,-0.429072872055,388
-0.0206535097108,0.0498570722713,1.0412439711,0.440010923947,0.576159492743,-0.53896308502,-0.428893248623,389
-0.0207053530909,0.0496199162685,1.04122568156,0.440238393361,0.575932511375,-0.538988231468,-0.428933078336,390
-0.0207401835384,0.0493693550821,1.04116596988,0.440453390949,0.575781036432,-0.539063977599,-0.428820517865,391
-0.0206145097262,0.0491606178873,1.04104525167,0.439989991157,0.574779997703,-0.540426516793,-0.42892416797,392
-0.0206329240436,0.0489008124834,1.04094724335,0.440272994285,0.574604497319,-0.540373575633,-0.428935613958,393
-0.0208293869152,0.0485140716402,1.04088613765,0.441310654195,0.575047381106,-0.539218582157,-0.428729211314,394
-0.0207054510568,0.0482996786918,1.04049459833,0.44102226376,0.574582202343,-0.539625364491,-0.4291376488,395
-0.0208840988991,0.0480518657063,1.04057688635,0.44130843045,0.574199490941,-0.539348736985,-0.429703099511,396
-0.0209247466479,0.0478060897341,1.04043572264,0.441699618438,0.57374125919,-0.539267649699,-0.430014902721,397
-0.020968654743,0.0475686339967,1.04026618989,0.441699669854,0.573803502727,-0.539299324149,-0.429892057244,398
-0.0210716927132,0.0472940108255,1.04013719022,0.441995491103,0.573774717279,-0.539554312045,-0.429306072644,399
-0.021036242556,0.047140273637,1.04000205839,0.441559186437,0.573642712471,-0.539814384538,-0.429604415187,400
-0.0211745832146,0.0467660810537,1.03978578924,0.442059215595,0.572601131361,-0.539804390402,-0.430491363879,401
-0.0212062943065,0.0465782366589,1.03966573387,0.442099724706,0.572538879017,-0.5398608751,-0.430461729966,402
-0.0211832825891,0.0463795842647,1.03955171266,0.442184684072,0.572532817697,-0.539622311058,-0.430681598446,403
-0.0212067588541,0.0461477909503,1.0394545308,0.442694188823,0.57221040674,-0.539949612215,-0.43017615214,404
-0.0212646041119,0.0458741876221,1.03939831851,0.44246672104,0.572440251733,-0.539793984257,-0.430299678745,405
-0.0212958259457,0.0456184664512,1.03931310036,0.442823604485,0.572235751951,-0.539581680021,-0.430470800503,406
-0.021335265426,0.0453272577279,1.03923932798,0.443075213012,0.571927453469,-0.539457989928,-0.43077653219,407
-0.0213000557217,0.0451322900496,1.03917406308,0.443295627541,0.571878313518,-0.539126438136,-0.431030004563,408
-0.0211992025409,0.0448443759364,1.03888525035,0.443699994921,0.571299179813,-0.539028868081,-0.431503697581,409
-0.0211515690857,0.0440368815204,1.03863699799,0.445171902079,0.569445710132,-0.539805768313,-0.43146644517,410
-0.0211619289178,0.0437575105283,1.03860838055,0.445599305354,0.569015890438,-0.539513194003,-0.431957971328,411
-0.0211806493201,0.0434841584582,1.03861523279,0.446338025091,0.568381983011,-0.539080749841,-0.432569339988,412
-0.0212786543043,0.0431213073231,1.03860573351,0.447148584076,0.568121289677,-0.538411286619,-0.432908339507,413
-0.0212343787823,0.0428183524617,1.03852585281,0.44754226268,0.567092687297,-0.537694025414,-0.434737785525,414
-0.0213399552679,0.0430014393512,1.03866863819,0.447196311252,0.568060289829,-0.537042002657,-0.434636461545,415
-0.0212751109524,0.0426365692804,1.03866057124,0.447796981682,0.567042075679,-0.536814905135,-0.435627025368,416
-0.0214338586064,0.0424754871502,1.03905253184,0.448034802615,0.567388799071,-0.53584824373,-0.436120884649,417
-0.0214712015831,0.042282400918,1.03900428571,0.44798461886,0.567808018088,-0.535909759828,-0.435550875537,418
-0.0215971794021,0.041867629594,1.03897487883,0.449476484936,0.565826063299,-0.534701985239,-0.438070248434,419
-0.0216074695508,0.0416300615994,1.03898279424,0.449901168086,0.565508181896,-0.534291198564,-0.438545722019,420
-0.0215896436631,0.0413832161127,1.03909493758,0.450292218482,0.565261136263,-0.534122193013,-0.438668723225,421
-0.0215134008277,0.0412689875985,1.0391257205,0.449659110992,0.566004749858,-0.535180717086,-0.437066250241,422
-0.0216258625447,0.0409750777758,1.03902665412,0.450180149822,0.565507668384,-0.534805043364,-0.437632808755,423
-0.0216526044702,0.0406476656753,1.03900636548,0.450698028776,0.564960294954,-0.534781296029,-0.43783571965,424
-0.0217497947909,0.0402565411414,1.03897764069,0.451730925957,0.563377602325,-0.533933846341,-0.439840306777,425
-0.0217738383381,0.0399135872888,1.03875708864,0.452445456186,0.562261300107,-0.533507103004,-0.441050462671,426
-0.0218444637042,0.039729610006,1.03880356325,0.452556107837,0.561974480072,-0.53364391456,-0.441136969048,427
-0.0219209678136,0.0395527597355,1.03882533148,0.45257104894,0.561834796721,-0.533455743079,-0.441526983355,428
