0,1445361609,53000000,0.0,0.0,0.0,-0.0797399667325,-0.0797399667325,0.702596283584,0.702596283584,0
1,1445361619,484000000,3.43400419864,-0.890397659294,-0.533908770416,-0.0711269301749,-0.0680958626108,0.662600872854,0.742471545982,1
1,1445361619,998000000,3.3310463631,-0.56363414479,-0.434755904238,-0.0750117564744,-0.0644190458303,0.672163213317,0.733771107082,46
1,1445361622,91000000,3.24899001972,-0.36694972853,-0.501751668562,-0.0811082603836,-0.0679533508434,0.673279594737,0.731777547837,226
1,1445361623,302000000,4.09612204332,-0.702301697037,-0.658720031066,-0.0781397285399,-0.074755549135,0.65494840249,0.747895969218,334
1,1445361624,89000000,3.90691303607,-0.542420393904,-0.595752994331,-0.0809572754557,-0.0741129149527,0.654341098078,0.748191768702,406
1,1445361624,809000000,3.86612769226,-0.546411051892,-0.610581702006,-0.0828878211763,-0.0722862864463,0.657760228755,0.745154872064,477
1,1445361625,586000000,3.86952105163,-0.290955770778,-0.5324349948,-0.0828308161721,-0.0721916930804,0.657520456108,0.745381959228,548
1,1445361626,901000000,3.72570298364,-0.152212337021,-0.413572410238,-0.082708230246,-0.0719558169835,0.657610823576,0.7453386571,667
1,1445361628,615000000,3.82868009207,0.0261297058248,-0.384461674265,-0.0833191156987,-0.0725227151779,0.657975499156,0.744893699297,818
1,1445361631,885000000,3.5617778435,-0.151672485968,-0.563788901027,-0.0821716901268,-0.0722157012603,0.658315113332,0.744750909629,1103
1,1445361633,180000000,3.99340226264,-0.315407929152,-0.595138117959,-0.0813279507878,-0.0720557443072,0.657883395347,0.745240345298,1218
