0,1458678829,311887394,0.605526250912,3.10290836439,0.337869290628,0.436715078169,0.855501902646,0.124220543019,0.248929089826,0
0,1458678829,344298481,0.608907592199,3.10312420503,0.338232033303,0.433198055027,0.856727232581,0.125070450883,0.250430182668,1
0,1458678829,361003654,0.611038809335,3.10329164382,0.338002934934,0.429895504156,0.858643183202,0.124930419127,0.249627982856,2
0,1458678829,369469053,0.612130910748,3.10335808621,0.337845435716,0.431595533415,0.858361098733,0.125167376511,0.247537164031,3
0,1458678829,410810148,0.619364528309,3.10404328727,0.336136957317,0.420831571305,0.865092803128,0.119791220166,0.245286147468,4
0,1458678829,302577381,0.605198314946,3.10323075347,0.337783670099,0.426157254869,0.858672120691,0.124323064558,0.256156122101,5
0,1458678829,352585338,0.609958917884,3.10342679544,0.338037422512,0.430431164127,0.858233033359,0.124399867075,0.250379205351,6
0,1458678829,337128206,0.607878310545,3.1031497765,0.337992768981,0.425218871043,0.859627346711,0.12609633615,0.253632510742,7
0,1458678829,436735235,0.624765429841,3.10478510365,0.336182181815,0.434141379779,0.860967395596,0.126363756423,0.232999156966,8
0,1458678829,452592557,0.628804761824,3.10507894372,0.335914772063,0.432891076124,0.862914740728,0.123924446759,0.229404005942,9
0,1458678829,444283918,0.627111291396,3.10516509408,0.336093202948,0.434625468743,0.861644271719,0.124451222529,0.230611673913,10
0,1458678829,477452720,0.634395082217,3.10472906581,0.336121360018,0.442032892827,0.85977305595,0.119402507629,0.226142112605,11
0,1458678829,502556251,0.654188163445,3.10706975503,0.347050656675,0.486094376785,0.831651263183,0.145644613023,0.225512926461,12
0,1458678829,527578746,0.655409687459,3.10646861817,0.33740088348,0.46696585939,0.839411582411,0.129471812935,0.246105934782,13
0,1458678829,511120799,0.656235256535,3.10665252124,0.346953045026,0.487599415389,0.830508901663,0.14106155037,0.229354340221,14
0,1458678829,469355810,0.632611914295,3.10525855806,0.336099077173,0.435703976021,0.861934241444,0.121244814254,0.229196648585,15
0,1458678829,552494597,0.669228795113,3.10152326118,0.349667691565,0.518525217957,0.812623479581,0.142177344395,0.224856135157,16
0,1458678829,569363239,0.630896668958,3.0986000232,0.30434956286,-0.189154575688,0.878495329576,-0.0984827247507,0.427513339365,17
0,1458678829,610886855,0.682186866463,3.10282457781,0.34117618128,0.449421740592,0.849670207101,0.120015810258,0.248348230385,18
0,1458678829,585814021,0.638864543585,3.09877226596,0.305392825131,-0.179915452486,0.877915335964,-0.0986764910416,0.432617663707,19
0,1458678829,627579888,0.691030655685,3.10353064613,0.342725085598,0.448958610521,0.848174792327,0.127533519508,0.250541192425,20
0,1458678829,645454390,0.700146702274,3.1036470946,0.343543691588,0.440657450663,0.850023690122,0.128619953858,0.258336301895,21
0,1458678829,619165465,0.686721585021,3.10303212962,0.341755419198,0.45285086041,0.847722331897,0.122814382842,0.247405686267,22
0,1458678829,669309551,0.726029016599,3.10694200574,0.357202480145,0.461447004985,0.830224953564,0.161021128524,0.268077198283,23
0,1458678829,685887279,0.731519904805,3.10146442197,0.349598655906,0.466242880012,0.825928250208,0.171769443366,0.266374474511,24
0,1458678829,702535484,0.741651898815,3.10149767204,0.352133968967,0.460868359917,0.825422308155,0.181742708297,0.270643595911,25
0,1458678829,710733070,0.746629430142,3.10137773269,0.353133587878,0.456589327627,0.824796147496,0.182515839521,0.279151337623,26
0,1458678829,719727383,0.75196038376,3.10145704604,0.35418916636,0.451138177081,0.826129403741,0.183584996671,0.283339200345,27
0,1458678829,744175193,0.768219258834,3.10104646601,0.357815147094,0.445053321279,0.825700980411,0.193336225148,0.287691738172,28
0,1458678829,735708101,0.762483503004,3.10154240156,0.356738169803,0.440588217411,0.827935997094,0.188165943194,0.291543453393,29
0,1458678829,777619402,0.790309375736,3.10105431046,0.36195843344,0.429971728201,0.82624610423,0.200566424789,0.303668894424,30
0,1458678829,794380488,0.80066706536,3.09939214972,0.364447836688,0.430689008576,0.821672528404,0.208075434661,0.309944910345,31
0,1458678829,819313327,0.819329904997,3.10521341323,0.378329309669,0.414399559163,0.823568930631,0.205647732527,0.328201511225,32
0,1458678829,810896148,0.811498471369,3.09913386113,0.366841953446,0.428529301653,0.820190684723,0.21034634348,0.315284465371,33
0,1458678829,835795808,0.82682690618,3.09870928653,0.370336532711,0.413321730696,0.819350772664,0.214770508253,0.334220117669,34
0,1458678829,785854488,0.795480515113,3.09935881546,0.363213281895,0.434639269973,0.823133368483,0.205281096134,0.302324055041,35
0,1458678829,869272787,0.853390644295,3.08894029711,0.376838310846,0.47951345626,0.795324179722,0.241138516783,0.281741921159,36
0,1458678829,877507193,0.855276815235,3.09242139615,0.377551159886,0.441422313093,0.801398265243,0.233416815235,0.329277621976,37
0,1458678829,885807867,0.859259802,3.09452254247,0.378015510913,0.427379790958,0.803446092655,0.231515810424,0.343833273553,38
0,1458678829,894487934,0.867872784009,3.09101033682,0.379432354618,0.459549600419,0.796069133792,0.239047981175,0.312960319649,39
0,1458678829,940272117,0.887798336634,3.09982641576,0.391820420615,0.401416818199,0.799022405586,0.224791042056,0.387164978853,40
0,1458678829,944381285,0.892457786968,3.09987509083,0.393070679009,0.399301638327,0.79555774776,0.231295352726,0.392617538344,41
0,1458678829,970033499,0.899013107715,3.08901474116,0.373357469755,0.387277871876,0.803678998164,0.214902941627,0.397407402479,42
0,1458678829,977689921,0.915025359787,3.08671678361,0.38534470577,0.46290006338,0.776977803056,0.258102951684,0.339723256804,43
0,1458678829,994619810,0.924061286258,3.08589106288,0.385704566713,0.462252569903,0.775349994892,0.25855632834,0.343952863215,44
0,1458678830,19435780,0.924551325671,3.08618464814,0.373069798533,0.387810853704,0.794353196726,0.217981911331,0.413629818719,45
0,1458678830,2552466,0.923072200914,3.08972186678,0.384695435049,0.417706109538,0.778625464088,0.248904421091,0.396623980478,46
0,1458678830,44497739,0.936383664516,3.0846704695,0.37116091472,0.39414170144,0.789374725918,0.223385876665,0.414292905291,47
0,1458678830,11001616,0.921950319352,3.0847294013,0.373707049211,0.40672368035,0.792642219526,0.224164887054,0.395024382891,48
0,1458678830,69424122,0.946635467842,3.08572106637,0.367670536004,0.372860327297,0.793204018283,0.21860419308,0.428969426038,49
0,1458678830,94453450,0.956007289391,3.08574356109,0.362806725641,0.385241013388,0.789627094939,0.221741359405,0.422976573904,50
0,1458678830,102409078,0.959805796758,3.08434311733,0.361090642359,0.39698127546,0.789173116898,0.229153738214,0.408778941192,51
0,1458678830,127698966,0.969375281852,3.09205079569,0.36170775714,0.380166944798,0.802185957945,0.218686233833,0.405150730088,52
0,1458678830,119375509,0.966139250139,3.08984410799,0.364206699698,0.390884780852,0.797002022365,0.221640012959,0.403574737935,53
0,1458678830,135958567,0.977128137717,3.07790236016,0.361639453429,0.530760224333,0.750291395464,0.276852051746,0.280551862589,54
0,1458678830,169248042,0.984812059433,3.09258128743,0.356443862439,0.379140915651,0.806638446835,0.228836355669,0.391433908203,55
0,1458678830,177487006,0.988095698691,3.09321552851,0.355745402058,0.369406718024,0.807188466455,0.23082207961,0.39837999933,56
0,1458678830,211044462,1.00282057428,3.09360902786,0.352514103137,0.348000616463,0.825433715476,0.225834972007,0.382822828102,57
0,1458678830,185881951,0.991644427929,3.08877117646,0.348190420237,0.36780250209,0.80908305443,0.234409697723,0.393901033388,58
0,1458678830,194466388,0.99472265494,3.09104228731,0.347186017304,0.342938596603,0.81624056719,0.229112227111,0.404539297005,59
0,1458678830,227833349,1.01777138215,3.08114539114,0.353395281683,0.481209925771,0.791451321433,0.267830263048,0.265157996934,60
0,1458678830,302550729,1.04052347448,3.07235753032,0.347304953177,0.488696163846,0.798621976938,0.268727661651,0.22619558187,61
0,1458678830,277699695,1.03315518671,3.07387831735,0.348909851949,0.485277888791,0.796941694754,0.266039867359,0.242099349007,62
0,1458678830,310974457,1.04280287534,3.0722166583,0.346486637537,0.480391758148,0.803537065498,0.267183817353,0.228396039411,63
0,1458678830,336001435,1.03843522614,3.07807509088,0.342628787561,0.364120702553,0.839821340905,0.235638765097,0.326482161407,64
0,1458678830,344456173,1.04901538563,3.06859470903,0.343228519021,0.491249281982,0.801308886408,0.263131770829,0.217577302808,65
0,1458678830,327670305,1.04591613967,3.07050392896,0.344935436512,0.48314387907,0.802235365351,0.268697038886,0.225371497733,66
0,1458678830,352754277,1.05026447155,3.06739974615,0.342198117914,0.491282794504,0.800943150173,0.264316185295,0.217412603605,67
0,1458678830,402553520,1.05018332985,3.06800942956,0.337008381574,0.385324340146,0.840419848526,0.238495374952,0.297219762501,68
0,1458678830,411434019,1.04982896242,3.06474186778,0.329242781064,0.381000624854,0.838215338042,0.247269424143,0.301813523249,69
0,1458678830,419605920,1.05072021743,3.06624255064,0.328063562701,0.359256475944,0.844238125956,0.241513842976,0.316018725436,70
0,1458678830,377505230,1.04499279786,3.07226767592,0.338369212027,0.376109002495,0.840096884219,0.236820350215,0.310958783592,71
0,1458678830,460888125,1.05773578638,3.06396350789,0.324183856451,0.36525834065,0.84829234097,0.241788412041,0.297531196079,72
0,1458678830,456176512,1.05653433889,3.06455660259,0.324871244859,0.363718169063,0.847744059913,0.242093268673,0.300715732278,73
0,1458678830,485990672,1.06354572022,3.06440030944,0.329689724784,0.382516406832,0.849351117182,0.237649980232,0.275329557335,74
0,1458678830,469953030,1.05902196375,3.06179966853,0.323342367802,0.377322019407,0.846773026888,0.242537282882,0.285970629642,75
0,1458678830,570059485,1.07053149921,3.05553902627,0.31687305431,0.38875050513,0.85056922414,0.236304530007,0.263752173083,76
0,1458678830,554715960,1.06895696574,3.05662251526,0.317877045511,0.388567524689,0.849763066158,0.235352221977,0.26744596045,77
0,1458678830,527679117,1.06603225125,3.05805245422,0.319464777621,0.380756318469,0.849418406741,0.238454448862,0.276861828452,78
0,1458678830,627579084,1.07516020436,3.04846352946,0.313374054799,0.43911598153,0.838786242704,0.22480416178,0.230386376901,79
0,1458678830,577599688,1.07157478654,3.05538323952,0.316544102155,0.386082474892,0.851522110198,0.234925308707,0.265820461502,80
0,1458678830,670070252,1.0777782042,3.04476991163,0.312238495474,0.442538451115,0.837867617315,0.214386061152,0.237015172347,81
0,1458678830,594633052,1.07326168952,3.05272263731,0.315873177343,0.397815587847,0.849716696927,0.234413446632,0.254508603132,82
0,1458678830,719478724,1.08291723803,3.04267325534,0.310480600104,0.469649695251,0.833562516484,0.212714378374,0.198381672785,83
0,1458678830,736058498,1.08489888619,3.04288102778,0.311317424685,0.452615179547,0.837469349521,0.211280700972,0.221686835995,84
0,1458678830,694411392,1.08091895594,3.04378088578,0.311451326258,0.456390046616,0.835670616309,0.215177144204,0.216936725799,85
0,1458678830,752609876,1.08778343717,3.04300079719,0.310761791753,0.464896551431,0.834560019666,0.208797916318,0.209246744739,86
0,1458678830,727754645,1.08377523642,3.04236720626,0.310363681148,0.472863848644,0.832644292529,0.212195384378,0.195131703249,87
0,1458678830,769185196,1.08973051282,3.04223270113,0.310490177985,0.468617082174,0.835944967124,0.203692945057,0.20025789964,88
0,1458678830,763494767,1.08875372853,3.04251840047,0.310630992197,0.473061983417,0.834044686297,0.207678624085,0.19352366833,89
0,1458678830,794106593,1.09247883847,3.04056496182,0.310509069826,0.479372244809,0.83192875202,0.202853087011,0.192217136489,90
0,1458678830,786006524,1.09140511192,3.04095918063,0.310526141855,0.476120709787,0.832918166157,0.20352586884,0.195278311416,91
0,1458678830,811035753,1.09436392129,3.03913335223,0.310392667443,0.48663597998,0.830590805607,0.199259165191,0.183303359809,92
0,1458678830,819570563,1.09585912889,3.04016903936,0.310222269229,0.476414554354,0.835990366294,0.19595977601,0.189074181342,93
0,1458678830,836314544,1.09775268667,3.03960046962,0.309886794466,0.477324338264,0.837346188634,0.191916373669,0.184880885975,94
1,1458678830,869554663,1.10355255909,3.0384008843,0.309406729576,0.491812023509,0.833247152412,0.185933940258,0.171022473348,95
1,1458678830,886218236,1.10630794741,3.03803319618,0.309090985343,0.501712000356,0.82946284038,0.18498977099,0.161416386269,96
1,1458678830,894567097,1.10781482153,3.03787037039,0.308990022545,0.501744992243,0.829862502497,0.183749567589,0.160674472521,97
1,1458678830,927589644,1.11416392511,3.03749488054,0.309072308698,0.492902819695,0.83689066598,0.175907710647,0.160366146261,98
1,1458678830,902759865,1.10968864921,3.03792647411,0.308971206516,0.500073073003,0.830976535942,0.183006725355,0.160976572351,99
1,1458678830,911180869,1.11113682074,3.03777396289,0.308896965528,0.500535565311,0.831152311475,0.18148974325,0.160347921984,100
1,1458678830,952778440,1.12005251846,3.03380070358,0.30919366144,0.519699682901,0.825153514201,0.173812665494,0.137197211737,101
1,1458678830,972437253,1.12346683873,3.03395744167,0.308470611983,0.524023019232,0.825487431363,0.167122861619,0.126650405056,102
1,1458678830,994231192,1.1297512573,3.03181788488,0.308085394787,0.502954128695,0.838485148686,0.161261895672,0.134068642366,103
1,1458678830,977765960,1.12546504274,3.03365227086,0.307837999009,0.50899323019,0.834531535858,0.164533197958,0.131953908803,104
1,1458678831,2631157,1.13234167531,3.03098839451,0.307621895596,0.504270375991,0.839082079824,0.157278910016,0.130061507295,105
1,1458678830,985982565,1.12757765894,3.03250849932,0.307893362086,0.506471785462,0.836683031608,0.161660551898,0.131581537872,106
1,1458678831,36119322,1.14300794954,3.02583090477,0.307294919556,0.515218325111,0.838066357194,0.146472210432,0.103637589607,107
1,1458678831,27682235,1.1402264667,3.02716419526,0.307598891831,0.518481210934,0.834113778789,0.155687288207,0.105796532235,108
1,1458678831,94396315,1.16794783101,3.01578886337,0.309555525598,0.533693473566,0.833990253486,0.126387179429,0.0604798663988,109
1,1458678831,103032600,1.17236893246,3.01412283184,0.310039143853,0.5314571645,0.836039096117,0.123395918096,0.0580117183231,110
1,1458678831,119731429,1.18073019663,3.0107980703,0.311401339576,0.52792100389,0.839063429339,0.116207594555,0.0613821648781,111
1,1458678831,52765749,1.1494175237,3.02284039422,0.307962050932,0.520606447666,0.836498215654,0.141489801126,0.0960223829798,112
1,1458678831,70679594,1.1565138655,3.01961664105,0.308539259787,0.532337608792,0.832528223501,0.13493066471,0.0728501411163,113
1,1458678831,169747246,1.21562105429,2.99689791723,0.314700699441,0.546610377747,0.831858719672,0.0945311222388,0.0170889547407,114
1,1458678831,86115126,1.16396767142,3.01766998725,0.309515522671,0.517366967752,0.840594924067,0.134834646494,0.0868977123773,115
1,1458678831,210979384,1.25449139487,2.98376603502,0.317359942057,0.55674521077,0.825794696078,0.0857480534236,-0.027297647307,116
1,1458678831,219449268,1.26325887034,2.98136883328,0.317726907907,0.556481492521,0.825600213677,0.0860724595957,-0.0361132573646,117
1,1458678831,227805617,1.27256318691,2.97887243082,0.318594273258,0.557243578972,0.824483352499,0.0880284409425,-0.0442469064755,118
1,1458678831,244302707,1.30400663887,2.97351938228,0.320777212929,0.589262469815,0.799170279282,0.10319254447,-0.058718865323,119
1,1458678831,252868266,1.31373411608,2.97118206124,0.320933535757,0.589036490896,0.798538401824,0.103772336083,-0.067850832484,120
1,1458678831,269329093,1.33325233305,2.96152862245,0.322631843682,0.610513852217,0.780137205074,0.101013274449,-0.0919515953942,121
1,1458678831,294439966,1.36486822273,2.95448065982,0.324023769369,0.594951314289,0.791045775706,0.0949304308012,-0.106149553329,122
1,1458678831,303004267,1.37621062989,2.9513095767,0.324895023377,0.60622646104,0.780546647396,0.0990285847757,-0.115886792047,123
1,1458678831,319456268,1.39897991165,2.94568710754,0.326503993125,0.607333078551,0.778201469732,0.096284166015,-0.12758669045,124
1,1458678831,327712983,1.41014621275,2.9428054394,0.327137655665,0.609707788476,0.775835282228,0.0935572016404,-0.132601197369,125
1,1458678831,352771833,1.44252099307,2.93294304907,0.328715186693,0.631937043518,0.754683330503,0.0799513343215,-0.157214591659,126
1,1458678831,378006384,1.48087284061,2.9274689376,0.333993508075,0.609641472922,0.779160491417,0.0806153792386,-0.121438724214,127
1,1458678831,386049787,1.49402878384,2.92333786985,0.334746721377,0.616083468858,0.77345880702,0.0778326954367,-0.127061814736,128
1,1458678831,369380644,1.46860776702,2.93096062523,0.332902325821,0.609321381624,0.777534344809,0.0823928369531,-0.131830258123,129
1,1458678831,411087785,1.53375988745,2.91118859374,0.336844427238,0.627315294867,0.767885258627,0.0721356206958,-0.107815595512,130
1,1458678831,419440019,1.54728480298,2.9072190479,0.337063305245,0.629164212576,0.767255863799,0.0719574563924,-0.101454214057,131
1,1458678831,436419617,1.57566985112,2.90106330939,0.336855524965,0.626573956462,0.771506141263,0.0729389060251,-0.0828448372867,132
1,1458678831,460971218,1.61913071794,2.88845749368,0.336981091598,0.631182910221,0.76939868493,0.0822392646905,-0.0535770549481,133
1,1458678831,452749196,1.60422207031,2.89201076314,0.336976932545,0.636742845635,0.764150880858,0.0793667785411,-0.0658247239322,134
1,1458678831,502724239,1.68322212042,2.87128764921,0.333227574526,0.599436404218,0.795007603416,0.0929142291,-0.00241947084498,135
1,1458678831,519520982,1.71474674634,2.86354312915,0.33280984131,0.583559964864,0.805011300458,0.102403977543,0.030463074796,136
1,1458678831,511468958,1.69900897919,2.8672788935,0.332973365253,0.595402384442,0.797237759733,0.0986767973156,0.0130707584783,137
1,1458678831,527827494,1.73067193675,2.85848395031,0.332890121264,0.586675656467,0.801381209935,0.108322477899,0.0431980468633,138
1,1458678831,469458311,1.62147664028,2.88676093024,0.335059689999,0.599717680976,0.795416223501,0.0718853898698,-0.0498420027565,139
1,1458678831,444400026,1.58967771056,2.89452523599,0.337695233333,0.638643776657,0.762454855236,0.0774135834362,-0.0693098648351,140
1,1458678831,477639733,1.64752657207,2.87943998097,0.342504740305,0.599891576762,0.794611481757,0.093382873403,0.00152582623553,141
1,1458678831,619520517,1.90607666211,2.81440233264,0.352026568605,0.561601606962,0.779022047483,0.180304239947,0.212646809638,142
1,1458678831,611304162,1.89186347102,2.81892747847,0.349674657003,0.5637201943,0.782467351944,0.173814781321,0.199381060971,143
1,1458678831,627808719,1.91958167279,2.81056913219,0.35431993097,0.55872730933,0.775951071647,0.185412427132,0.226596469708,144
1,1458678831,661401604,1.97147369086,2.803418066,0.36431545934,0.503436952021,0.780937063166,0.178711916158,0.32365195772,145
1,1458678831,652943566,1.95785446787,2.80000917353,0.362247503076,0.55030034804,0.762417740557,0.200397845779,0.27518978767,146
1,1458678831,677736074,1.99454936913,2.7935809241,0.370057415185,0.517326327955,0.761911582986,0.190234068661,0.340110583835,147
1,1458678831,694649999,2.0169774402,2.78117655866,0.375757333024,0.560859781675,0.735818205367,0.217633009553,0.310875774392,148
1,1458678831,711471940,2.03543949777,2.77948776486,0.391405934248,0.538894709231,0.72569755372,0.214944507771,0.369803206404,149
1,1458678831,727695997,2.05129919333,2.77852463346,0.422867441265,0.50784768481,0.693007505076,0.240254079005,0.451784577496,150
1,1458678831,761354928,2.07717307439,2.76811553434,0.392360826754,0.496179342024,0.728056366207,0.15718822722,0.446129857102,151
1,1458678831,736641582,2.05606584417,2.77561582639,0.38807931352,0.49115839144,0.749776659565,0.153982624731,0.415797723143,152
1,1458678831,786196177,2.09658472237,2.76172896549,0.394327282424,0.513598663762,0.708444019349,0.16295056828,0.455818600244,153
1,1458678831,794492742,2.10280371209,2.76001936788,0.393825261711,0.511872315036,0.705519508178,0.164026386916,0.461870437543,154
1,1458678831,770005781,2.0835780137,2.7659307901,0.39332545255,0.497725062329,0.722047390085,0.157551602466,0.453976674909,155
1,1458678831,827984341,2.12712987337,2.75391159341,0.388007202542,0.505585888432,0.707800813108,0.161352338021,0.466225633569,156
1,1458678831,744605897,2.06283241021,2.77331835728,0.389906172933,0.48764516927,0.742842521196,0.154026034555,0.432045319694,157
1,1458678831,844507735,2.13873569054,2.75121777055,0.382363954086,0.511202150554,0.711972063608,0.166516417966,0.451708340037,158
1,1458678831,870120754,2.15525827573,2.74936407632,0.371378382001,0.506506158946,0.72694045794,0.169851118214,0.431462256984,159
1,1458678831,877948251,2.16029099963,2.74927929898,0.367947419414,0.495316320636,0.733687082801,0.167495414592,0.433947339125,160
1,1458678831,911293466,2.176358154,2.7442637878,0.36265410334,0.503875746973,0.726018223781,0.174386945328,0.434276367823,161
1,1458678831,861339368,2.15018112153,2.74990601862,0.375227302298,0.504972914895,0.723713545623,0.16596803963,0.440108701261,162
1,1458678831,927867198,2.18537069846,2.74350600532,0.361727220255,0.495417835811,0.731108083436,0.174719012348,0.4353336709,163
1,1458678831,961297691,2.20454540771,2.74231415749,0.358008360691,0.46448884505,0.752510193961,0.171642594373,0.434185836487,164
1,1458678831,952707262,2.20002131085,2.74306335664,0.359131070964,0.475684096655,0.746542513738,0.17269388246,0.431944137977,165
1,1458678832,2685566,2.22460614386,2.73202164934,0.354064274473,0.469055759062,0.767235975163,0.17355832453,0.401513587931,166
1,1458678831,986181376,2.21795116909,2.73674791142,0.356323342252,0.462766861597,0.764431279758,0.172390114298,0.414455424415,167
1,1458678831,894830576,2.1680765619,2.74644587131,0.363660930144,0.509621841733,0.728118354081,0.175333623745,0.423541451647,168
1,1458678832,44609503,2.23544204649,2.7220643728,0.350335107315,0.488187870946,0.771444729318,0.181098390294,0.365717111031,169
1,1458678832,52878808,2.23764458135,2.71279387873,0.351092413106,0.552191955913,0.742256320014,0.217206525421,0.311385491858,170
1,1458678832,61355523,2.2397426057,2.71955285469,0.350375325669,0.475399142995,0.776398569777,0.181033685544,0.372058759321,171
1,1458678832,36674069,2.23227871587,2.72389187912,0.350613547044,0.481890080454,0.769509312612,0.180100947048,0.378419102366,172
1,1458678832,90554782,2.24462727429,2.71514225375,0.347507641229,0.485251529424,0.781221747941,0.178832731006,0.349631789252,173
1,1458678832,102887569,2.24893334336,2.70557664114,0.348001187595,0.550438487328,0.748547692591,0.216264151862,0.299872706668,174
1,1458678832,178068535,2.25979030157,2.69561778491,0.341982171353,0.572923938858,0.741559528628,0.216921300616,0.273482677924,175
1,1458678832,205664449,2.2624287333,2.70060391554,0.339609950892,0.512739524672,0.776119794833,0.189338347926,0.314463406317,176
1,1458678832,190192435,2.26032761225,2.70217337851,0.341399088702,0.508419485358,0.774983395094,0.187482684637,0.325208559539,177
1,1458678832,211355499,2.26550135964,2.69384909292,0.339685599087,0.571607502181,0.747078950317,0.217145455175,0.260740784575,178
1,1458678832,201156639,2.2618307939,2.70130440925,0.340611203162,0.510115954895,0.776375186135,0.187756727279,0.319015194428,179
1,1458678832,170382843,2.2581982126,2.69716696867,0.342545409295,0.566096163973,0.745061985823,0.213370513739,0.280875051015,180
1,1458678832,137989692,2.25261010853,2.70779068996,0.344902818047,0.497560766743,0.774824356318,0.185288353173,0.343145343014,181
1,1458678832,162161476,2.25705999548,2.69820318097,0.343152150304,0.563653158132,0.745711350679,0.213290034317,0.284107479762,182
1,1458678832,244491741,2.27043065813,2.69843538457,0.338109987287,0.515737231035,0.780343887671,0.191240102031,0.29749915777,183
1,1458678832,252881148,2.27197420058,2.69187339215,0.337958252899,0.568515171276,0.751425400649,0.21655618552,0.255448205711,184
1,1458678832,269488160,2.27435275141,2.6952134751,0.337533119295,0.530122879367,0.773518769265,0.199924139175,0.284022507808,185
1,1458678832,237628955,2.26871916788,2.69627914841,0.338417486282,0.538865210379,0.76883424095,0.200950402172,0.279530196677,186
1,1458678832,311254433,2.27951557887,2.69329067148,0.335677322445,0.503402338747,0.787034731716,0.169183399363,0.313909849793,187
1,1458678832,319415874,2.28164630082,2.69264071976,0.334754459209,0.519506310712,0.781466443708,0.181555759348,0.29404233834,188
1,1458678832,261315972,2.27264326018,2.69547441447,0.338247658463,0.534143398342,0.769675816746,0.203844265907,0.284143418682,189
1,1458678832,352989214,2.2853123477,2.68533415558,0.333036872112,0.572321774939,0.761184604607,0.185255974493,0.242334495179,190
1,1458678832,361335713,2.28606685718,2.68546050515,0.333847298091,0.568346920201,0.760903551375,0.186637232918,0.251344598295,191
1,1458678832,286484454,2.27797340471,2.69399792779,0.336646551672,0.535177303169,0.770855087062,0.203871661584,0.278933745765,192
1,1458678832,377901382,2.28756907551,2.68648397275,0.33381788688,0.551144297402,0.771439629644,0.172767189516,0.266968836164,193
1,1458678832,419479442,2.29043196544,2.68431350801,0.333901260278,0.559326567657,0.765604154212,0.158226511493,0.275623730522,194
1,1458678832,402861026,2.28844908392,2.68504897962,0.334316553912,0.549783249025,0.769467669495,0.15656461418,0.284860327671,195
1,1458678832,452762115,2.29513405247,2.67640482995,0.331156962976,0.604803053519,0.746890843524,0.166015215076,0.220921440058,196
1,1458678832,461178048,2.2961402241,2.67603058123,0.330659415102,0.604465833931,0.748125869571,0.163012107701,0.21989950348,197
1,1458678832,436000533,2.29328473544,2.68112954671,0.33250773784,0.573650264832,0.763306111841,0.163707941302,0.247969480459,198
1,1458678832,502989369,2.30155585755,2.67396923013,0.330787715884,0.600851706593,0.748810038856,0.160739662761,0.228961816049,199
1,1458678832,494612482,2.30113769046,2.67403254869,0.33016686856,0.599661149034,0.752324199079,0.160149063726,0.220832704115,200
1,1458678832,469435901,2.29776355143,2.67576076837,0.330861524903,0.601730298328,0.748808387352,0.165094857431,0.22349571619,201
1,1458678832,544320107,2.30837343,2.66438150095,0.327440750447,0.656973369132,0.716507991684,0.174544574084,0.156641251786,202
1,1458678832,535901624,2.30711291112,2.66613963072,0.328051202173,0.647901054954,0.722721483817,0.173224987233,0.167005938867,203
1,1458678832,578288540,2.31438815487,2.66604695353,0.326210925405,0.621501277887,0.744022940625,0.164283558687,0.182145375329,204
1,1458678832,594274764,2.31778922337,2.66729050903,0.325510268632,0.602114529603,0.759474639347,0.156787274355,0.189931872075,205
1,1458678832,619292969,2.31961452596,2.66159761674,0.324290041787,0.630579654528,0.74305789068,0.160238364074,0.156709722327,206
1,1458678832,627892412,2.32065282031,2.66114859696,0.324074709322,0.627627127879,0.745510579923,0.158507429357,0.158661773633,207
1,1458678832,644389897,2.32207783984,2.65978325649,0.324003638728,0.627664519792,0.746553337684,0.157466654112,0.154595011012,208
1,1458678832,705100689,2.27528942212,2.6599574177,0.284094766035,-0.22560571174,0.860155449569,-0.122356380184,0.440753424985,209
1,1458678832,686056573,2.32417708285,2.649503068,0.323473782821,0.671954724358,0.712994964852,0.168555997111,0.108184584607,210
1,1458678832,652676497,2.31616143158,2.65508838901,0.314629219318,0.661676663979,0.720182821711,0.171089717633,0.11936919275,211
1,1458678832,719314451,2.32152124964,2.67471771046,0.303235553419,0.306314558695,0.908258233716,-0.0292010341806,0.283523670301,212
1,1458678832,660959933,2.3232538297,2.65652769111,0.324280021112,0.638015696881,0.737717848315,0.170516909037,0.140115418648,213
1,1458678832,606721817,2.31777610368,2.66529633504,0.325145198515,0.602362865427,0.762209546268,0.159120617168,0.175716291573,214
1,1458678832,761099087,2.33099309296,2.64525932211,0.321943469491,0.663549431571,0.725776564961,0.13858197222,0.117241488349,215
1,1458678832,752782827,2.28253700424,2.66679098789,0.282984404668,-0.125967220822,0.899684437242,-0.114763847313,0.401907243046,216
1,1458678832,770832316,2.32472895835,2.64090994584,0.313320750562,0.697107814306,0.69375058886,0.162847454541,0.0789399913824,217
1,1458678832,802968830,2.29184036245,2.66711194676,0.286524543015,-0.0794868797771,0.916301047061,-0.106314448887,0.377851114933,218
1,1458678832,819669175,2.2890808089,2.65590246202,0.288924540403,-0.162796033389,0.89929710091,-0.119528849048,0.387911111021,219
1,1458678832,815556256,2.28986742701,2.65818640141,0.289188567532,-0.116070672956,0.910390505291,-0.118051330907,0.379184137362,220
1,1458678832,844680622,2.33764158642,2.66770742521,0.303803274316,0.301522469785,0.91916448021,-0.0604324275129,0.24610725353,221
1,1458678832,869989761,2.34083615719,2.66315952339,0.306885425166,0.293332935995,0.922595938866,-0.0543997858497,0.244567343584,222
1,1458678832,861263642,2.34234697407,2.66804349211,0.304874522124,0.310596558904,0.91771518119,-0.065320685602,0.238876185174,223
1,1458678832,877680444,2.34468367947,2.66617091059,0.306855635933,0.296202655146,0.921530771368,-0.0598100486731,0.243860170147,224
1,1458678832,886239993,2.33564213183,2.65255500831,0.313983764106,0.165800896377,0.946014416861,-0.108947177246,0.256314842374,225
1,1458678832,919553660,2.34161741185,2.64203536991,0.317387497729,0.188482034516,0.947887003055,-0.122642174726,0.225706998304,226
1,1458678832,913903886,2.34011800516,2.64651687519,0.316904063534,0.133540772141,0.947906125433,-0.119570057537,0.263332187328,227
1,1458678832,902941009,2.33834899518,2.64841489722,0.316009524703,0.133358904956,0.947513783897,-0.119260905596,0.264971447876,228
1,1458678832,969845626,2.36398683886,2.6399751261,0.314940634123,0.330692872772,0.920266228832,-0.087433684051,0.190020111731,229
1,1458678833,2813960,2.36632662941,2.63259243727,0.317830538275,0.314041377867,0.928096658133,-0.082411624066,0.182271584095,230
1,1458678833,12773819,2.36358249442,2.62840900675,0.320690552371,0.300267851779,0.931746489328,-0.0868181729566,0.184798002308,231
1,1458678832,977761038,2.36650884599,2.64031134826,0.316798699699,0.339518588164,0.917665776909,-0.0689552794728,0.194581138896,232
1,1458678833,19375839,2.3654353162,2.63919303729,0.319058563338,0.259849333251,0.941417117419,-0.0790125961349,0.199922846847,233
1,1458678832,994602977,2.36021842707,2.63329716873,0.317448199191,0.290027612835,0.934660447999,-0.0841895229017,0.187632499777,234
1,1458678832,936409789,2.34167908218,2.63308591706,0.317827469807,-0.0399895322205,0.933603050631,-0.192579563054,0.299498402431,235
1,1458678833,77994448,2.370942575,2.61725525346,0.331402377413,0.330744728646,0.920657112262,-0.105137727059,0.178730144246,236
1,1458678833,102799075,2.37141725031,2.61380141476,0.334610750076,0.344868215138,0.915557287426,-0.120896831656,0.167942620335,237
1,1458678833,136183193,2.34417095132,2.61983638552,0.33491670577,0.0569109385065,0.94591090968,-0.167142201004,0.272171234096,238
1,1458678833,127756000,2.3443054398,2.61766927869,0.333070205771,0.0449906961078,0.946642942295,-0.164866951073,0.273243235068,239
1,1458678833,153131660,2.378975487,2.59348669995,0.362612633916,0.735083355003,0.668076845928,-0.00117623537316,0.115431389161,240
1,1458678833,144410788,2.37925203573,2.59272499809,0.360729561694,0.733844382781,0.670007153594,0.0049290740466,0.111975623345,241
1,1458678833,186050249,2.37445684955,2.61799004609,0.350315483844,0.429477599554,0.870079237942,-0.180256794298,0.161302818617,242
1,1458678833,161197782,2.34472361661,2.62333545808,0.339930343354,0.0805535150395,0.947221055842,-0.179037397935,0.253434434764,243
1,1458678833,170001948,2.34510469034,2.62321566268,0.342024848683,0.0958525546692,0.944623557529,-0.190239519813,0.249614798089,244
1,1458678833,94545097,2.37120937567,2.6143203908,0.333525591069,0.349169898721,0.914180743176,-0.117231719253,0.169146902525,245
1,1458678833,236138064,2.34504884794,2.63721943647,0.36739555208,0.126962269906,0.931940953648,-0.247908542597,0.232180954088,246
1,1458678833,194410131,2.3438698499,2.62909399355,0.347391674735,0.117410879936,0.937205935674,-0.215020874083,0.248245328492,247
1,1458678833,252795858,2.34712433309,2.63978003474,0.369520664172,0.192988879524,0.921270229943,-0.268615288423,0.204602743448,248
1,1458678833,177681482,2.34490226148,2.62501441088,0.343893112793,0.105338278211,0.943235949307,-0.196737210876,0.245976138955,249
1,1458678833,302713193,2.34678151433,2.65738089889,0.3762638786,0.227594864184,0.901619445008,-0.313435285967,0.192461101764,250
1,1458678833,311266957,2.35506111404,2.66103127474,0.378109280466,0.396313406828,0.860526705521,-0.269609731086,0.17245308219,251
1,1458678833,336063824,2.34785140369,2.6644918002,0.379822370133,0.31752002067,0.868524165133,-0.345321087942,0.160000491487,252
1,1458678833,319532148,2.34721897133,2.66159604072,0.377800469014,0.250744768516,0.891523306852,-0.329834349169,0.183091661497,253
1,1458678833,344538570,2.34968434204,2.66717884798,0.380939933109,0.369304847442,0.852225122504,-0.338747873827,0.150253612959,254
1,1458678833,352765508,2.3476929705,2.669874426,0.380603153472,0.295632392523,0.868497860341,-0.362218376277,0.164653584723,255
1,1458678833,377764377,2.35641629472,2.66734543574,0.378453346624,0.479380134128,0.787793697082,-0.354439213391,0.154753422749,256
1,1458678833,394388035,2.35947473964,2.65924421651,0.395817652426,0.650920561159,0.657604463328,-0.33907739946,0.169956788764,257
1,1458678833,419559468,2.34706000449,2.67983655565,0.381105557684,0.363747307667,0.814372853742,-0.434585659385,0.124980222077,258
1,1458678833,402844573,2.34734877793,2.67451034863,0.380696459315,0.383431227094,0.813943752087,-0.417153058563,0.128294147413,259
1,1458678833,461114469,2.34961612568,2.69473840617,0.386733660933,0.405630899894,0.798520843326,-0.427878671357,0.121440843305,260
1,1458678833,444407023,2.34770602939,2.69640503558,0.386502907123,0.347226266742,0.828808281444,-0.41978349417,0.127642353143,261
1,1458678833,470268679,2.34744120825,2.69466060973,0.387494922318,0.438501638886,0.780432444002,-0.432306626756,0.108408918019,262
1,1458678833,452874799,2.34960574206,2.695235287,0.3871311285,0.391408179851,0.807191506154,-0.423561101584,0.125847138874,263
1,1458678833,519421517,2.34396351727,2.70474778339,0.385962499041,0.453152530006,0.762920196534,-0.45057888158,0.0978990793841,264
1,1458678833,528278279,2.34391623183,2.70773102265,0.385060464683,0.431296956603,0.770926164667,-0.457062367101,0.103681128645,265
1,1458678833,561112799,2.35222747085,2.70613533254,0.398217963643,0.669211716379,0.604057645317,-0.402893198707,0.157946542317,266
1,1458678833,577952635,2.34977167712,2.71423429269,0.394171367687,0.652897822792,0.616300833257,-0.416652029679,0.142473864567,267
1,1458678833,486170613,2.34740283583,2.69817077257,0.387321551149,0.446223807037,0.773343648167,-0.437669972724,0.106155126337,268
1,1458678833,644784291,2.34606034696,2.73931874036,0.382929345509,0.712268049377,0.534358139803,-0.436480795682,0.128919041514,269
1,1458678833,677846414,2.34231347172,2.75405436194,0.374220164078,0.750803427939,0.46891468299,-0.453852411898,0.102133348543,270
1,1458678833,661646401,2.34471052221,2.74667619247,0.378437401805,0.727663372391,0.507423996195,-0.446110833706,0.118372414929,271
1,1458678833,671095744,2.34477584516,2.75014696789,0.375930814969,0.73356913198,0.502020535551,-0.444050474269,0.112565033614,272
1,1458678833,619690346,2.34626212668,2.72496469142,0.389687044282,0.715837017291,0.536245351851,-0.423688605683,0.143200044373,273
1,1458678833,638153522,2.34486217971,2.73228101201,0.386643458542,0.728082143136,0.516083582129,-0.430706397558,0.134335878324,274
1,1458678833,686244081,2.34183553226,2.7576524396,0.371777512816,0.759592567616,0.455478708005,-0.453580396164,0.0991115633694,275
1,1458678833,703026024,2.33727551702,2.77899571928,0.348389983095,0.591067027178,0.625292083892,-0.509556286868,0.00140346656377,276
1,1458678833,727912006,2.3399555924,2.78781670615,0.339078620849,0.628882981536,0.596607455584,-0.498511129232,-0.00723833599544,277
1,1458678833,711196330,2.33857802695,2.78233506867,0.345276656273,0.609718877766,0.614574010082,-0.500540891366,-0.000701639787535,278
1,1458678833,738365251,2.34097593188,2.78990068517,0.335950827456,0.634655594575,0.590082011143,-0.498960639443,-0.007333259019,279
1,1458678833,744759907,2.33973364604,2.79190074926,0.333533413896,0.653598662812,0.567912997339,-0.499937770445,-0.0185968036595,280
1,1458678833,769504906,2.34270621884,2.79547521643,0.325081561453,0.633289711459,0.581224443497,-0.511001007538,-0.00050787515488,281
1,1458678833,777899733,2.34247931553,2.79593612306,0.322441506881,0.594302665381,0.609897090415,-0.524219434276,0.00488525846112,282
1,1458678833,794873735,2.34215706979,2.79775242104,0.31947204891,0.567693447805,0.633799263509,-0.52513041203,0.0161459981346,283
1,1458678833,802981848,2.34074481096,2.79966435902,0.31894916155,0.562648425799,0.638461804776,-0.5248594873,0.0177705199541,284
1,1458678833,836772687,2.34270368796,2.79767314388,0.338444264413,0.746170250283,0.456432868513,-0.466499425522,0.131443067985,285
1,1458678833,819493437,2.33848923598,2.80379439357,0.319568261703,0.555198532082,0.641286722882,-0.528820584693,0.0292355645516,286
1,1458678833,844674852,2.34135339731,2.80080991438,0.338269029067,0.743203851435,0.456935323447,-0.469425899777,0.136005404368,287
1,1458678833,902953706,2.31198346636,2.80258299284,0.326020497403,0.847082627066,0.274659834652,-0.419757643643,0.175546343613,288
1,1458678833,911134957,2.31299677144,2.791337887,0.320129379837,0.875867664666,0.204402172251,-0.380297410093,0.215521381419,289
1,1458678833,927950502,2.30798452516,2.79509942683,0.31965021419,0.87173948588,0.204364023203,-0.387350495638,0.219693441656,290
1,1458678833,886282868,2.32625882906,2.81411606706,0.312902657112,0.693870647352,0.511820827136,-0.494347142133,0.110471121647,291
1,1458678833,952871021,2.31610417538,2.81570205244,0.29250395738,0.716915108861,0.475894471286,-0.485068183038,0.155775597225,292
1,1458678833,961209101,2.31259056213,2.82546607205,0.304287851886,0.69525830015,0.508769219582,-0.486224159063,0.146136389794,293
1,1458678833,969482773,2.31028880208,2.82702537551,0.304110004159,0.711690999686,0.488564709911,-0.484612537974,0.141248480464,294
1,1458678833,977951971,2.30946815257,2.82868043335,0.303624608508,0.718873313078,0.485074808704,-0.478372127417,0.138143756341,295
1,1458678834,11188345,2.30810315991,2.84926567988,0.303066707799,0.651972629697,0.552506125202,-0.508999733252,0.102897732191,296
1,1458678834,36228595,2.29668613695,2.82731519647,0.3288810827,0.903211430245,0.17479488824,-0.3568486655,0.162218646436,297
1,1458678834,19550537,2.3077755053,2.85140647204,0.302772631016,0.662634338157,0.546137924505,-0.502964386206,0.0983662926015,298
1,1458678834,3015422,2.31124243224,2.83844841633,0.322629192594,0.783568325755,0.406068065977,-0.430223156274,0.189835298281,299
1,1458678834,27806711,2.29729859338,2.82437515307,0.328982297085,0.900312194021,0.185646467272,-0.357429361834,0.164977555398,300
1,1458678834,77618697,2.30120118704,2.84074891075,0.303735347626,0.889003910512,0.222809665155,-0.385274110963,0.107665034383,301
1,1458678834,102794441,2.30205478419,2.84511201919,0.324557662985,0.908802343598,0.0878334394529,-0.334921775671,0.232789586032,302
2,1458678834,119551164,2.30224219731,2.84879711542,0.321750005288,0.899092569272,0.107586732738,-0.362286530593,0.220921064113,303
2,1458678834,44846936,2.29599800744,2.83018887465,0.328433443936,0.905104614397,0.166507186781,-0.356298757711,0.161592663824,304
2,1458678834,161215442,2.30787218824,2.88140739592,0.296356782663,0.787221632101,0.381513344111,-0.467122810808,0.128553295716,305
2,1458678834,144484053,2.30759864038,2.87899898265,0.297204598738,0.788793468999,0.381726566805,-0.464212358212,0.128827706429,306
2,1458678834,152704337,2.30925645713,2.88150093592,0.29617896329,0.777971859261,0.398107506951,-0.469491514159,0.125888511153,307
2,1458678834,178056522,2.30648634806,2.85804084881,0.317188590571,0.895139506193,0.117748214576,-0.369590576424,0.219689390358,308
2,1458678834,211124632,2.30097300452,2.86174236805,0.318713374368,0.907448258734,0.0564812085702,-0.352041557663,0.222293212845,309
2,1458678834,170085897,2.30932934681,2.88255295238,0.295614064862,0.783410292725,0.387487196006,-0.468163492563,0.130172694583,310
2,1458678834,227824696,2.30425153721,2.86394928127,0.315315187336,0.901972772005,0.0872861263635,-0.360540740629,0.220990101707,311
2,1458678834,244592644,2.29926353879,2.86543983103,0.31720114564,0.910603146684,0.0409094559528,-0.346522405048,0.221473584118,312
2,1458678834,236074415,2.30417141363,2.86485196883,0.314721456106,0.902330124469,0.0864961471265,-0.360064671179,0.220617758979,313
2,1458678834,286201115,2.29869220736,2.8697676257,0.311679664597,0.90813878731,0.064285546546,-0.353777183068,0.214459824277,314
2,1458678834,294885370,2.30626408364,2.89330700931,0.274649310307,0.758520727543,0.418798895341,-0.494428620764,0.0692396571244,315
0,1458678834,311209212,2.30352245706,2.89334351562,0.273501969855,0.765705250616,0.409661799992,-0.490610538327,0.0719303725104,316
0,1458678834,327844246,2.3018813974,2.89479343262,0.272236871797,0.773962733371,0.403288559578,-0.48313939921,0.0701166599168,317
0,1458678834,352886023,2.29414250314,2.8852886167,0.270697296079,0.685343445725,0.608164859784,-0.395188537892,0.0653137370344,318
0,1458678834,277888700,2.29477216634,2.86844400565,0.31565426756,0.916251006353,0.0176087831261,-0.333875922307,0.220682787317,319
0,1458678834,344747755,2.30201378757,2.89603832602,0.265864477968,0.755495362807,0.436292243275,-0.483671757477,0.0702671064894,320
0,1458678834,402875474,2.18416513289,2.91612530209,0.29533833306,-0.49261983727,0.815470622205,-0.0528900677089,-0.299225668995,321
0,1458678834,386287895,2.18919198178,2.91626218723,0.298326819395,-0.492369199125,0.813650073098,-0.0470290278535,-0.305506793442,322
0,1458678834,436307729,2.17437246282,2.91763795247,0.287330142052,-0.48541285819,0.825355420272,-0.0679887512095,-0.280250454129,323
0,1458678834,444578239,2.22127108318,2.91697574078,0.310359690038,-0.543897727632,0.720778668556,0.0655986519044,-0.424676570698,324
0,1458678834,394674713,2.18675989819,2.9155595687,0.296737048223,-0.495163572735,0.813129413563,-0.0509030478771,-0.301732452269,325
