1,1445363205,461000000,3.47994142991,-6.0851517677,-1.10586312147,-0.0351872959183,0.131570950452,-0.949916268709,0.281265038078,382
1,1445363206,464000000,3.69809112463,-5.63049154525,-1.40586284976,-0.0359257908968,0.130886013846,-0.950886583618,0.278195783619,468
1,1445363207,742000000,3.62149763523,-5.5000188705,-1.45838205257,-0.03728244816,0.126832498426,-0.950720823547,0.280452227798,578
1,1445363208,745000000,1.80964090446,-7.03939188184,-1.23987100342,-0.0357810819363,0.125524167515,-0.950957143135,0.280435214383,664
1,1445363209,842000000,1.80964090446,-7.03939188184,-1.23987100342,-0.0357810819363,0.125524167515,-0.950957143135,0.280435214383,764
1,1445363210,147000000,-2.42786216277,-7.53258586702,-0.564694098136,-0.0346325464916,0.123588929014,-0.952246845843,0.277042068884,788
1,1445363211,141000000,-4.96274050123,-9.94740311949,0.195096103109,-0.0355529923439,0.115400122113,-0.956327616377,0.266188442099,875
1,1445363211,336000000,-5.98140079975,-10.1013708731,0.190096969731,-0.0278276615724,0.0985640772064,-0.960443023455,0.25895934552,893
1,1445363212,235000000,-6.44347925828,-10.265899871,0.191853479709,-0.0281896383841,0.0993278037312,-0.961924786575,0.253061329853,971
1,1445363213,47000000,-9.71929976871,-6.65545236126,0.618241979222,-0.0226610782038,0.0967711396368,-0.962055274317,0.254109171865,1029
1,1445363213,449000000,-7.14504083135,-8.34420115612,0.354856719623,-0.0200679700138,0.0939644584879,-0.961474309882,0.257556029938,1036
2,1445363214,246000000,0.0,0.0,0.0,-0.0797399667325,-0.0797399667325,0.702596283584,0.702596283584,1111
0,1445363217,49000000,0.0,0.0,0.0,-0.0797399667325,-0.0797399667325,0.702596283584,0.702596283584,1113
1,1445363223,139000000,12.8988703648,30.8548945858,0.0204113520676,-0.111861093592,-0.00162638397969,0.377234845736,0.919335804686,1114
1,1445363224,260000000,12.8988703648,30.8548945858,0.0204113520676,-0.111861093592,-0.00162638397969,0.377234845736,0.919335804686,1212
1,1445363224,661000000,12.6043164976,33.8005451231,0.720568674549,-0.108965460063,-0.0170917206301,0.390386700945,0.914020035516,1242
1,1445363225,145000000,12.6043164976,33.8005451231,0.720568674549,-0.108965460063,-0.0170917206301,0.390386700945,0.914020035516,1284
