0.00125897908027,-0.0766162530261,1.06010227353,0.49693820441,0.513687269974,-0.506289708969,-0.48254382211,0
0.00129234322008,-0.0764758424382,1.06024018197,0.498229907231,0.511182112689,-0.506711755185,-0.483428385973,1
0.00126275413255,-0.0765381117738,1.0602321653,0.496704113974,0.513810730062,-0.506176771779,-0.482771822445,2
0.00125471376499,-0.076493154526,1.06026870578,0.496789697039,0.513670686857,-0.506078523935,-0.482935761765,3
0.00120181609738,-0.0764037014951,1.06029081322,0.497340863255,0.513355566956,-0.505904871139,-0.482885482251,4
0.00096506669411,-0.0762460666859,1.06026906944,0.497693814454,0.512411758771,-0.507032999603,-0.482340744539,5
0.00182206627009,-0.0760590504422,1.06029441449,0.498104406179,0.513586500219,-0.505992040721,-0.481760274478,6
0.00182832301205,-0.0759507232391,1.06035607123,0.498192522337,0.513418058054,-0.506011701144,-0.481828046774,7
0.00179403004132,-0.0759399490575,1.06027647036,0.496942134095,0.515929953132,-0.505381255925,-0.48109727185,8
0.00178910230763,-0.0760199703428,1.06031956707,0.496634990706,0.515255226148,-0.505509650069,-0.482001796285,9
0.00161513901062,-0.0758077128698,1.0602997559,0.497712731198,0.514861204868,-0.506413477071,-0.480359622748,10
0.00133650799909,-0.0756186385034,1.06057444193,0.497421019231,0.512762727986,-0.506953850622,-0.482332362334,11
0.00178662540596,-0.0755779806155,1.0603923084,0.49787083311,0.513083193125,-0.504683862516,-0.483905434343,12
0.00141046663815,-0.0754975617877,1.06046742794,0.498780788975,0.511836121227,-0.505242008527,-0.483706545725,13
0.00143452858035,-0.0751011563843,1.06060017604,0.49712520173,0.512858514908,-0.50709455155,-0.482387596524,14
0.0012203747636,-0.0751880125138,1.06041238576,0.49624171266,0.514127138012,-0.506031585666,-0.483062607624,15
0.00118244301294,-0.0750662507167,1.06041766556,0.496262069342,0.513963265156,-0.505976051663,-0.483274203477,16
0.0016719967924,-0.0748282867857,1.0603401129,0.497686536556,0.512908115077,-0.505401689244,-0.48353129095,17
0.00167299960347,-0.0746944684385,1.06031762381,0.497471309733,0.513096129306,-0.505370628476,-0.483585758637,18
0.00168210021816,-0.0744781080357,1.06028154065,0.496966550633,0.513692382627,-0.505966662825,-0.482847926052,19
0.00131840373092,-0.0742845364924,1.06034917435,0.496838751842,0.513303918954,-0.506069667652,-0.483284422403,20
0.0013050111389,-0.0742702575128,1.06040346145,0.49692168698,0.513086471863,-0.505936785147,-0.483569104508,21
0.00131560895318,-0.0740735904621,1.0603724907,0.496443876579,0.51332751738,-0.50657136958,-0.483139508662,22
0.00177578825681,-0.0739415831024,1.06042833505,0.497444987493,0.513264060256,-0.505602391589,-0.483192208636,23
0.00175634859551,-0.0737995515489,1.06042440503,0.497435834454,0.513192363831,-0.50550094681,-0.483383885831,24
0.00173295340071,-0.0736543173169,1.06041825768,0.497656568359,0.512868196959,-0.505489128554,-0.483513074726,25
0.00136445824584,-0.0733881474729,1.06034874548,0.496937851864,0.512609806402,-0.505663286157,-0.484343471928,26
0.0012572686829,-0.073413828863,1.06028108438,0.496852697444,0.51237307254,-0.506745478016,-0.483549637669,27
0.00127354565946,-0.0731991083055,1.06027123128,0.496619806162,0.512974502703,-0.506974066839,-0.482911196037,28
0.0012690067857,-0.0730764739594,1.06024986663,0.496784565843,0.512886353561,-0.506561860399,-0.483267798493,29
0.001367153249,-0.0728053773116,1.06031031104,0.497151215984,0.512911655231,-0.505427453736,-0.484051021467,30
0.0012991282724,-0.0728333684218,1.06026503579,0.49733217338,0.512517450113,-0.505803780002,-0.483889562592,31
0.00141061375228,-0.0725648979106,1.06031720256,0.497759660396,0.512802839364,-0.50421362468,-0.484806341862,32
0.00145688113918,-0.072315705937,1.06030017022,0.497171221742,0.513758507791,-0.5047765106,-0.483811581394,33
0.001434911247,-0.0721662128481,1.06035323538,0.49730499934,0.513553659226,-0.504771967223,-0.483896308968,34
0.00141044031175,-0.0720333669762,1.06039747541,0.497227584354,0.513514981571,-0.504832061204,-0.483954215851,35
0.00142215541572,-0.0718372544381,1.0604294861,0.496848453982,0.513924992375,-0.505006577209,-0.483726237621,36
0.00133119139045,-0.0718678312916,1.06043370739,0.496807469105,0.513683182876,-0.50625770903,-0.482716333181,37
0.00183636767258,-0.0715309070679,1.06034007851,0.496984421071,0.514744649668,-0.504785245211,-0.482945428665,38
0.00190708394426,-0.0715096482075,1.06023216295,0.495108584814,0.518533560759,-0.503951534032,-0.481687956002,39
0.00159142840147,-0.0714451334714,1.06032852457,0.495451382093,0.517703302862,-0.503785858156,-0.482401313545,40
0.00152986967179,-0.0712813514971,1.06035949043,0.49525799098,0.517755385237,-0.503827383073,-0.482500623309,41
0.00150873558891,-0.0711485269176,1.06038302591,0.495108857109,0.517905728315,-0.504003595016,-0.482308254545,42
0.00100359512334,-0.0710855985984,1.06036162446,0.494829093108,0.516616998113,-0.504966146972,-0.482970222982,43
0.000960621657195,-0.0709420489294,1.06040627688,0.494773133567,0.516501595879,-0.505191525337,-0.482915282925,44
0.000988974096706,-0.0708183461067,1.06041682326,0.494600214101,0.516871549356,-0.504921337802,-0.482979163433,45
0.00110496193204,-0.0706348056342,1.06049543802,0.494578733895,0.516924243673,-0.504901391676,-0.482965616753,46
0.00110455415898,-0.0705195368223,1.06053555868,0.494524675893,0.516974496247,-0.504858965621,-0.483011531948,47
0.00103713969964,-0.070214789028,1.06073105347,0.496696594822,0.513209945126,-0.505479755111,-0.484146942662,48
0.00102287835934,-0.0700840776195,1.06076353038,0.496743794882,0.513007427891,-0.505469399295,-0.484323928327,49
0.00103641606053,-0.0699477480203,1.06080256996,0.496598021787,0.513264968135,-0.505360074132,-0.484314642269,50
0.00103315408173,-0.0698180213482,1.06083567509,0.49664831745,0.513184068611,-0.505321129807,-0.484389426256,51
0.00102585158587,-0.0697037339437,1.06084898642,0.496563331676,0.513153386838,-0.505449960701,-0.484374644712,52
0.00100604110484,-0.0695929845145,1.06086904632,0.496237468027,0.513433596161,-0.50538061179,-0.484484008908,53
0.000980382349774,-0.0695769504372,1.06077745946,0.495196128063,0.51558586091,-0.505002115957,-0.483657810503,54
0.00100635572601,-0.0694341988117,1.06076595001,0.495163812813,0.515773251734,-0.504837763393,-0.483662675765,55
0.000994147056465,-0.0693930794222,1.06084125378,0.496897889737,0.512749984747,-0.505914781142,-0.48397332007,56
0.000948313194255,-0.0691724396588,1.06076224841,0.494976428329,0.515856194226,-0.504823087228,-0.483781327544,57
0.000956102508888,-0.069046362391,1.06075307458,0.495216804214,0.515603613778,-0.504792394628,-0.483836613546,58
0.00112217220314,-0.0686770887325,1.06081647992,0.49611038562,0.514845090172,-0.504481793369,-0.484052826213,59
0.00119687109755,-0.0687220370321,1.06069661623,0.49411507913,0.518226629366,-0.504070292268,-0.482912610775,60
0.00118831353106,-0.0685891139804,1.06068814405,0.494116840125,0.518429207379,-0.503943430688,-0.482825769722,61
0.0011417484964,-0.0685389749154,1.06069525194,0.494260908846,0.518340938646,-0.504042450749,-0.482669693634,62
0.00115984643164,-0.068420714827,1.06070761228,0.494175666557,0.518683015516,-0.503785886175,-0.482657353502,63
0.0010321505066,-0.0682700967241,1.06086667903,0.495944794398,0.514812000884,-0.504749202662,-0.483978932462,64
0.00107277610463,-0.0683356870955,1.06063474278,0.494135813978,0.518474107042,-0.504651693157,-0.482017703268,65
0.000968410813369,-0.068160481039,1.06088064831,0.496428148478,0.51424052452,-0.504093918207,-0.484773243865,66
0.00102302213777,-0.0681829424603,1.06068843115,0.49484974459,0.517644072703,-0.502932762439,-0.483970020498,67
0.00098308719605,-0.0681165561479,1.06069454349,0.494807648886,0.51766764651,-0.502883372904,-0.484039163311,68
0.000906737786422,-0.0679051755108,1.06083457591,0.496595879291,0.514079525646,-0.503660942105,-0.485222041318,69
0.000895743115658,-0.0678439088565,1.06081623288,0.496683813203,0.513901241499,-0.503605659979,-0.485378247271,70
0.00104453197225,-0.0678000048497,1.06074876816,0.497002792137,0.514396807279,-0.50431212758,-0.483790685364,71
0.00120337534122,-0.0677353059857,1.06064517926,0.496123079035,0.515323238624,-0.504303404133,-0.483716783628,72
0.00115699815562,-0.0677824548414,1.06063610983,0.496695699288,0.514873825681,-0.503294664902,-0.484657411187,73
0.00117627862015,-0.0678472373662,1.06054579195,0.495138850455,0.517752186321,-0.502723299141,-0.483776267329,74
0.000804602982478,-0.0675555185485,1.0607281503,0.496784547204,0.514436483374,-0.503118934681,-0.485212897394,75
0.000797003426987,-0.0674086863846,1.06070309536,0.495920232851,0.515219276584,-0.504213066071,-0.484129531931,76
0.000765442389919,-0.0673840668465,1.06070727566,0.495999048021,0.515016412833,-0.504299826873,-0.484174269754,77
0.000756498354462,-0.0673722314729,1.06071166444,0.49589629773,0.515117057007,-0.504247323329,-0.484227133062,78
0.00071836238982,-0.0674151894059,1.06075575006,0.496660793706,0.514168612639,-0.503229967745,-0.485508283489,79
0.000673409686583,-0.0674103942584,1.06075706634,0.496557414315,0.514168032575,-0.503497729326,-0.485337001608,80
0.000706216875461,-0.0672781724855,1.0607609894,0.495828502939,0.51492172702,-0.504499366008,-0.484241778881,81
0.00100143594333,-0.0674661090216,1.06066141566,0.49689235013,0.514017514492,-0.503544716733,-0.485104839626,82
0.00107827532234,-0.0675664768879,1.060501108,0.495460430748,0.517026275874,-0.502818797339,-0.484124001328,83
0.000779361457993,-0.0674990794529,1.06060143043,0.496560065527,0.513333319452,-0.504439178915,-0.485240269599,84
0.000725947433287,-0.0675287925352,1.06050123317,0.495254067083,0.516003685562,-0.5041273427,-0.484065313636,85
0.00064902443065,-0.0674369951895,1.06047264493,0.49673186208,0.513772665544,-0.504356083542,-0.484685512811,86
0.000902233036587,-0.0672739331408,1.06052539719,0.496113102069,0.515323688792,-0.504146232989,-0.483890340354,87
0.000854586856155,-0.0673232436294,1.06049976731,0.496300989618,0.515096037393,-0.504066063186,-0.484023557185,88
0.000510319001885,-0.0672821820367,1.06063372622,0.496236929887,0.514815918628,-0.504208821943,-0.484238518932,89
0.000804190186044,-0.0674605711067,1.0604729125,0.496873144713,0.514069016497,-0.503620085309,-0.484991684479,90
0.000782515660854,-0.0674983246252,1.06049896577,0.497007558436,0.513987856102,-0.50351044306,-0.485053815949,91
0.000782202847821,-0.0675424138415,1.06055848299,0.497035153607,0.513758754382,-0.503609089721,-0.485165830542,92
0.000759877262962,-0.0675790787685,1.06061526906,0.497003929969,0.513819652011,-0.503498220407,-0.485248390878,93
0.000386021082149,-0.0674671865944,1.06078466356,0.496180122587,0.514376274154,-0.504250326907,-0.484720478577,94
0.0003572732328,-0.0674986943468,1.06081895392,0.496315601386,0.514200453045,-0.504298353334,-0.484718360219,95
0.000602556975531,-0.0676487738207,1.06076085725,0.497062479564,0.513888537942,-0.503172621106,-0.485453164941,96
0.000558524299868,-0.0676668933549,1.06075227971,0.497004533522,0.513966472426,-0.503119583017,-0.48548495761,97
0.000526438735817,-0.0677292511055,1.06075054089,0.497004008905,0.513763024781,-0.503262855242,-0.485552332951,98
0.000502748500051,-0.0677584248494,1.06074709662,0.497065196947,0.51378759168,-0.503154080192,-0.485576432918,99
0.000485577173565,-0.0677129934536,1.06072960448,0.496337071852,0.514444804263,-0.504460557118,-0.48426810837,100
0.000439529030142,-0.0677831753271,1.06067201653,0.49644941865,0.514306332979,-0.504502072471,-0.484256780491,101
0.000421281258051,-0.0678121747174,1.0606448641,0.496459575808,0.514359676497,-0.504524162926,-0.484166688039,102
0.000427442053804,-0.0680172282856,1.06058225771,0.496729837154,0.513782698171,-0.503941528256,-0.485107971527,103
0.000369129333721,-0.0680657896761,1.06056073522,0.497360979115,0.512960237159,-0.503995186238,-0.485275904818,104
0.000392620070234,-0.0681062686949,1.06055490886,0.497137186486,0.513291911178,-0.503836359925,-0.485319435165,105
0.000340403422578,-0.0681963636202,1.06056339743,0.497244012975,0.513048677219,-0.503823461416,-0.485480551713,106
0.000295830540233,-0.0682780924957,1.06058971851,0.497177014368,0.513051543391,-0.503797601782,-0.485572967376,107
0.00027531761893,-0.0683722518853,1.06056376337,0.497090593915,0.513200489209,-0.503676195694,-0.48562999208,108
0.000210919495429,-0.068197059963,1.06053954812,0.496651624753,0.513789499853,-0.504727653308,-0.484362993484,109
0.000176651535942,-0.0682541444466,1.06049242953,0.496782901457,0.513773715839,-0.504618196807,-0.484359157221,110
0.000128058386525,-0.0683190291305,1.06041449566,0.496714301091,0.513871078015,-0.504694822346,-0.484246377961,111
-0.000190566870116,-0.0683312003919,1.06042319721,0.496599246579,0.513668346261,-0.505017924598,-0.484242619129,112
-0.000242424265724,-0.0684044996785,1.06034777711,0.496622053932,0.513660295748,-0.50496581384,-0.484282110937,113
-0.000293442771614,-0.0684635717854,1.06024144359,0.496617074092,0.513654112896,-0.50520338798,-0.484045938727,114
-0.00039210860159,-0.0686358785093,1.06014962728,0.497509783119,0.512713595117,-0.504065129381,-0.485311374712,115
-0.000380868683525,-0.0685647867427,1.06005921306,0.496590514883,0.513635844135,-0.505510178571,-0.48377219795,116
-0.000487309100919,-0.0687381636746,1.05995021708,0.497501190746,0.512629074621,-0.504195521069,-0.485274019079,117
-0.000459734104028,-0.0686840165522,1.05985467332,0.49663059807,0.513563617813,-0.505673759444,-0.483636752666,118
-0.00051390059637,-0.0687445610033,1.05979308766,0.496539997055,0.513609552711,-0.505633228856,-0.483723367809,119
-0.00065186651262,-0.0689269068825,1.05968858367,0.497454397732,0.512572331984,-0.504463177697,-0.485103730153,120
-0.000750751917618,-0.0691362313903,1.05956932539,0.4973280295,0.512505384961,-0.5055857399,-0.48413440393,121
-0.000629227560324,-0.0691474849042,1.05949667188,0.496974579594,0.512550822162,-0.504915607541,-0.485147556111,122
-0.000610806547501,-0.0691000375856,1.05937429711,0.496683595556,0.51277372085,-0.505800073528,-0.484287933704,123
-0.000700331170728,-0.0693119614655,1.05928157438,0.496684343401,0.512955708394,-0.50494312259,-0.484988192841,124
-0.000529999828223,-0.0694566389838,1.05891378906,0.496137444579,0.515725368198,-0.504626385022,-0.482936012555,125
-0.000557025222706,-0.0694247933064,1.05893593189,0.497298007715,0.512950526089,-0.505268350474,-0.484025147401,126
-0.000515340873423,-0.0693906674907,1.05883824302,0.497448135147,0.513238263904,-0.504421331676,-0.484449127828,127
-0.000941445502675,-0.069561079172,1.05878962864,0.497182196278,0.512499271439,-0.505428107849,-0.484455145783,128
-0.00095477343658,-0.0696039680914,1.05866799017,0.497141419197,0.512764430839,-0.505195725001,-0.484458798276,129
-0.000852078518786,-0.069470374018,1.05852163946,0.49665785399,0.513645208031,-0.505670904874,-0.483525089629,130
-0.000880451769985,-0.0695601166003,1.05839779607,0.496701369333,0.513615515677,-0.505687830622,-0.483494229251,131
-0.000939037341264,-0.0696596453487,1.05831798705,0.496849164088,0.513437449226,-0.50584756084,-0.48336439574,132
-0.0010112578233,-0.0698305599266,1.05822968818,0.496898640156,0.513102718297,-0.506221847719,-0.483277128343,133
-0.00103832593185,-0.0698583653147,1.05817266736,0.496892824535,0.513119783893,-0.506390550533,-0.483088209993,134
-0.00103657301321,-0.0699510267304,1.05812288137,0.496654655532,0.513307019414,-0.506420570476,-0.48310274555,135
-0.0010229692898,-0.0701039487138,1.05803480553,0.497720521533,0.512093458171,-0.505002402854,-0.484775355866,136
-0.000716893337592,-0.0702162930077,1.05789746867,0.49813628334,0.511936664299,-0.504885629527,-0.484635529098,137
-0.000690177516228,-0.0702063749774,1.05782197275,0.497554858358,0.512448658037,-0.505743303492,-0.483796699838,138
-0.000921175605915,-0.0701090704261,1.05783960167,0.497251418986,0.513780905792,-0.505685078501,-0.482755433467,139
-0.00109091401281,-0.0701683505555,1.0578272131,0.497084958442,0.513196912736,-0.50618906824,-0.483019771896,140
-0.00109477576911,-0.0702406979104,1.0577631718,0.497131923178,0.513279512474,-0.505940928187,-0.483143633112,141
-0.00114008532198,-0.0703219129295,1.05768931301,0.49736330148,0.513053364267,-0.506041719901,-0.483040132365,142
-0.00124283528763,-0.0705198866539,1.05758470307,0.497271712977,0.513068443777,-0.507188410181,-0.481914444742,143
-0.00104865762308,-0.0704591852043,1.05754240898,0.497664992881,0.513572099506,-0.505728139193,-0.482506272184,144
-0.00118620773524,-0.0707779724194,1.0574186413,0.496522049126,0.515386951177,-0.504045122018,-0.48350869719,145
-0.00133475432106,-0.0707706688994,1.05750258104,0.497584416862,0.512827027409,-0.507038039331,-0.4820068617,146
-0.00134258725579,-0.0707670214084,1.05752027993,0.498635872342,0.511777045556,-0.504652938455,-0.484532696693,147
-0.00128987281986,-0.0707191558282,1.05752359587,0.497768538153,0.512641006471,-0.506055917592,-0.483045638815,148
-0.00121943118827,-0.0707889006194,1.05745903423,0.497608814867,0.51315078178,-0.50610712248,-0.482615087932,149
-0.00102227329997,-0.0709022161342,1.05747168561,0.497718110992,0.512915210586,-0.506062367668,-0.482799698394,150
-0.000984436665609,-0.0709573693401,1.05742903716,0.497958818016,0.513027679841,-0.505860036445,-0.48264400836,151
-0.00123590027768,-0.0710955874598,1.05739826251,0.497927438199,0.512449648228,-0.507204884396,-0.481878438576,152
-0.00147942673518,-0.0710226795789,1.05756782126,0.497585314035,0.512654729825,-0.506547818092,-0.482704144618,153
-0.00158912774361,-0.0712641150545,1.05753872062,0.497597919583,0.512480767035,-0.507398882204,-0.481981481163,154
-0.00164610294569,-0.0713229428632,1.0575421543,0.497416294664,0.512686892362,-0.50783702032,-0.481488048652,155
-0.00168578965539,-0.0713340076418,1.05753690078,0.497539708557,0.512631396099,-0.507862050898,-0.48139321495,156
-0.00172193236687,-0.0713110425064,1.05753518038,0.497859746944,0.512597063157,-0.507511416019,-0.481468675851,157
-0.00166424704311,-0.071240470071,1.05761849576,0.497598364352,0.513028070745,-0.506690354751,-0.482144118313,158
-0.0014509087743,-0.0714748037402,1.05751529977,0.497712130065,0.513204034351,-0.507704843322,-0.480770264034,159
-0.00151727177843,-0.0715373235728,1.05758759105,0.497540956184,0.513082539536,-0.507946875837,-0.480821459452,160
-0.00158105255311,-0.0715781401563,1.05767931773,0.497685990038,0.512907050269,-0.508180477037,-0.480611710076,161
-0.00194088515184,-0.0716009000756,1.05783453672,0.49745456306,0.512602351341,-0.508460307981,-0.480880340935,162
-0.00200706025337,-0.0716607375075,1.05786445087,0.498746520958,0.511129399172,-0.50665364527,-0.483012141533,163
-0.00189454489886,-0.07156713704,1.05791405264,0.497797845975,0.512539045969,-0.507953013751,-0.481128638435,164
-0.0018405064355,-0.0715105545367,1.05807611281,0.497618978792,0.51286776263,-0.507033626115,-0.481932476588,165
-0.00208752053426,-0.0717005513531,1.05819540741,0.497530167731,0.51216717373,-0.508679587533,-0.481033881945,166
-0.00197394336193,-0.0717737909899,1.05816244001,0.496467926781,0.515434692573,-0.505925644296,-0.481545343466,167
-0.00174108375557,-0.0718347496488,1.05808103165,0.496206024362,0.515978397701,-0.507395809184,-0.479682569325,168
-0.00183911708557,-0.0719621610921,1.05817749707,0.497117255538,0.514888953999,-0.506306939474,-0.481058294115,169
-0.00231111714662,-0.071823148171,1.05850047754,0.498471451504,0.511525076709,-0.507276377269,-0.482222961915,170
-0.00226696474472,-0.0717265916592,1.05853421584,0.497902199154,0.51263970668,-0.508079081625,-0.48078017641,171
-0.00226227763761,-0.0716318692257,1.05864351539,0.498595402777,0.512258568865,-0.50584262994,-0.482821930623,172
-0.00237667825139,-0.0715640840354,1.05884380757,0.498373742297,0.512185408316,-0.506183863734,-0.482770770233,173
-0.00241325574989,-0.071526995248,1.05895002356,0.498238475225,0.512399189286,-0.506026422599,-0.482848581085,174
-0.00215065985325,-0.0715377575541,1.05894820868,0.498196875655,0.512737761513,-0.50611737948,-0.482436585671,175
-0.00222397979154,-0.0715182466158,1.05907357561,0.498107233588,0.512704415583,-0.50631813231,-0.48235393124,176
-0.00227981771642,-0.0715088300248,1.05917670631,0.497929858176,0.512916721906,-0.506194307154,-0.482441308483,177
-0.00259445515666,-0.0714166533609,1.05931319703,0.497959542163,0.512915151401,-0.50626621066,-0.482336879967,178
-0.00267512070161,-0.0713742240104,1.05940989614,0.497989228041,0.512976577427,-0.506069606991,-0.48244721229,179
-0.00282691999948,-0.0713313085735,1.05956498776,0.497716117541,0.512698830256,-0.506471876218,-0.48260212846,180
-0.00289197145396,-0.0712925773181,1.05963598457,0.497435723821,0.512869938916,-0.506837701577,-0.48232527477,181
-0.00293851770584,-0.0713760468432,1.05946539888,0.494806101498,0.5173249256,-0.508082452275,-0.478951004762,182
-0.00296357856092,-0.0712669699225,1.05955933641,0.495535584178,0.516710720579,-0.506060896208,-0.48099572283,183
-0.00287167311808,-0.0711007630075,1.05968470552,0.496789354537,0.514841221749,-0.506942552525,-0.480778641421,184
-0.00293992419667,-0.0710377702859,1.05971283067,0.496916861434,0.514608430361,-0.506975452985,-0.480861400296,185
-0.0029669407588,-0.0709791800403,1.05975520249,0.496943030865,0.514543014839,-0.507033671372,-0.480842974421,186
-0.00303537962255,-0.0709874874956,1.05962045625,0.496484723061,0.513255101236,-0.507962342427,-0.481711925842,187
-0.00277924065209,-0.0708823083119,1.05966176537,0.496515261305,0.514831972717,-0.506799535373,-0.481222262687,188
-0.0031393981568,-0.0708556731216,1.05976561117,0.496602952781,0.513077843984,-0.50762572862,-0.482133542648,189
-0.00354905536176,-0.0707983917914,1.05989368781,0.495641120713,0.514943458438,-0.507579302176,-0.481182258684,190
-0.00331835926342,-0.0707274621471,1.05972335147,0.495475406232,0.515939674095,-0.50695445421,-0.480944441563,191
-0.00329175395214,-0.0706495018837,1.05983191299,0.495479388541,0.515509892428,-0.507321563468,-0.481014092914,192
-0.00337832800816,-0.0705576103908,1.05982887998,0.495489985352,0.515444888348,-0.50736315974,-0.481028965481,193
-0.00380226887535,-0.0703909053516,1.05991817248,0.495415412729,0.515161038974,-0.507420982334,-0.481348750326,194
-0.00387421644809,-0.0702950308381,1.05989922338,0.495218408632,0.515397287418,-0.507408915471,-0.481311288436,195
-0.00392700570999,-0.0702101805913,1.05986651405,0.495280973392,0.515388964765,-0.507253503599,-0.481419625152,196
-0.00397901442073,-0.0700174367262,1.05987688358,0.496270641622,0.513238267513,-0.507774851038,-0.482147935471,197
-0.00407137511519,-0.0699825659272,1.05979914503,0.494998441832,0.51544561572,-0.50731412073,-0.481585654611,198
-0.00413339281209,-0.0699107790239,1.05974401522,0.494964064854,0.515353051965,-0.507315787293,-0.481718276898,199
-0.00415731670817,-0.0697482926531,1.05975268586,0.495855785637,0.513626134581,-0.507687144935,-0.482254078877,200
-0.00432917844981,-0.0697447261912,1.05964263464,0.494830073638,0.515509184282,-0.50703471179,-0.48198473024,201
-0.00444675963603,-0.0696913257691,1.05961224718,0.494892153419,0.515162679807,-0.507195280139,-0.482122513084,202
-0.00413832965153,-0.0696395477957,1.05947321046,0.494985082545,0.515445570385,-0.506883309988,-0.48205284159,203
-0.00405843274788,-0.0695389253213,1.05949296098,0.495144985037,0.515036711132,-0.507084257778,-0.482114286755,204
-0.00408918208381,-0.0694508000188,1.05944564379,0.494942418177,0.515261347553,-0.507109803948,-0.482055383901,205
-0.00449405144264,-0.0692343743762,1.05952046378,0.496042183983,0.512666366376,-0.507502551463,-0.483276844837,206
-0.00451832979385,-0.0692504584784,1.05936550342,0.494737688854,0.514905547405,-0.507041687305,-0.482716918922,207
-0.00458223578457,-0.0691794387204,1.05927476505,0.494672120109,0.514969913192,-0.506838707431,-0.482928573129,208
-0.00475166692301,-0.0690926499376,1.0590974515,0.494648747661,0.515130128735,-0.506602016077,-0.483029982727,209
-0.00469776854663,-0.0689935464266,1.05905715512,0.494679097739,0.514729123832,-0.506877037045,-0.483137856782,210
-0.00475990795405,-0.0689222868725,1.05896428491,0.494843412226,0.514552253475,-0.506701280445,-0.483342309566,211
-0.00479620287871,-0.0688427177502,1.05886923295,0.494667187288,0.514594100698,-0.50678519367,-0.483390166246,212
-0.00484523334818,-0.068769500665,1.05877032068,0.49458057352,0.514884353388,-0.506725465875,-0.48323230559,213
-0.00487968908054,-0.0687041600771,1.05872092398,0.49447808809,0.514847066044,-0.506865090199,-0.483230482608,214
-0.00494074874344,-0.0686410896309,1.05866851014,0.494441759692,0.51483490924,-0.506766314716,-0.483384179271,215
-0.00493247350101,-0.0687985624653,1.05865549711,0.495268713272,0.513991892192,-0.507470752544,-0.482695216185,216
-0.00497714972866,-0.0687343745449,1.05862496887,0.495378884893,0.514042588789,-0.507429408336,-0.4825716246,217
-0.00503335649706,-0.0686583278546,1.05863083102,0.49511873967,0.514125124791,-0.507397557871,-0.48278412148,218
-0.00497261979009,-0.0682859981031,1.05861594743,0.494695683158,0.514498291238,-0.507829692336,-0.482365725316,219
-0.00498953230951,-0.0681901560877,1.05864436499,0.495513555686,0.513796423891,-0.50581237097,-0.484389715314,220
-0.00502875787719,-0.0681796973782,1.05857010522,0.495563662739,0.514032023927,-0.505490438721,-0.48442455647,221
-0.00504385048297,-0.0680312122864,1.05864514034,0.494907014319,0.514659168076,-0.506484722402,-0.483390332823,222
-0.00473973841144,-0.0680802255202,1.05844633417,0.495052364192,0.515110015275,-0.506431100394,-0.482817117991,223
-0.00478386793506,-0.0680220811145,1.0584076622,0.494875221469,0.515362559557,-0.506508911597,-0.482647562779,224
-0.00472878247416,-0.0681319688046,1.05824491719,0.492794456183,0.519212824015,-0.505946874679,-0.481237391873,225
-0.00488021908545,-0.0682393438537,1.05818920369,0.49256389521,0.51914388482,-0.50708550592,-0.480348546032,226
-0.00484420461149,-0.0680904527525,1.05819760741,0.492527517834,0.51924371677,-0.506272334092,-0.481135043937,227
-0.00494698612321,-0.0682142493781,1.05814160239,0.492335314562,0.519334766663,-0.507182106617,-0.480274555747,228
-0.0053591951779,-0.0680925036405,1.05830946543,0.493046165544,0.517997481927,-0.505457137112,-0.482801377277,229
-0.00540888510471,-0.0681162232104,1.05824886525,0.491805724152,0.519170566158,-0.507634139312,-0.480517048118,230
-0.00536024932942,-0.0679455583787,1.05827108234,0.492010146632,0.519094039475,-0.506780648141,-0.481290731743,231
-0.00499878868245,-0.0680894010926,1.05822094582,0.493628887222,0.518733091556,-0.505341901154,-0.481535112284,232
-0.00503386110007,-0.0681179153116,1.05821026436,0.49386337909,0.518555157225,-0.505243753741,-0.481589307413,233
-0.00498289366016,-0.0680432233395,1.0580538182,0.492503512518,0.51939722856,-0.506285159075,-0.480980401703,234
-0.00539531801791,-0.0679797527291,1.05818366703,0.492473181444,0.518640082075,-0.506724001189,-0.481366198899,235
-0.00538432137779,-0.0680027093765,1.05815848,0.492473661748,0.518825665435,-0.506645160056,-0.481248691595,236
-0.0054566171583,-0.0681220213546,1.05813722289,0.493339142559,0.517869090366,-0.505503859204,-0.482590866048,237
-0.00535862489231,-0.0680790462608,1.05812746598,0.492865431505,0.518666613159,-0.506272914466,-0.4814107881,238
-0.00545014713456,-0.0682291084076,1.05809576263,0.492847619534,0.518556715936,-0.506992055008,-0.480790195861,239
-0.00538444237175,-0.068132021493,1.05810404006,0.49317092909,0.5183666482,-0.506249394794,-0.481445742534,240
-0.00495600736444,-0.0682045450801,1.05791554947,0.493505996755,0.518909529633,-0.505623749495,-0.48117497355,241
-0.00492722446289,-0.0682376243776,1.05792095871,0.493570879575,0.518977951843,-0.505366655152,-0.481304702031,242
-0.00490301671451,-0.0682612124885,1.0579161782,0.493531093896,0.519174480822,-0.505396424458,-0.481102246894,243
-0.00492974037163,-0.0683155492525,1.05793201139,0.493505515672,0.51887126604,-0.505589003787,-0.481253233266,244
-0.00495567196574,-0.0683296799729,1.0579449087,0.493391391458,0.518991271659,-0.505816207866,-0.481002036001,245
-0.00495445188859,-0.0683853602331,1.05797325829,0.493547125667,0.518846757376,-0.505736461892,-0.481082018183,246
-0.00502127957656,-0.0685002716607,1.05800770198,0.494058911604,0.518242315364,-0.504802210946,-0.482188160634,247
-0.0049975168174,-0.0685562349377,1.05806141568,0.493976854578,0.518375963694,-0.5048624145,-0.482065524416,248
-0.00508764275981,-0.0685906105897,1.05809156249,0.493846764697,0.518331571304,-0.505185688074,-0.481907849856,249
-0.00551179043377,-0.0684295312888,1.05837534918,0.495431757948,0.514748459602,-0.5060342173,-0.483229518423,250
-0.00563157472124,-0.0686116125674,1.05839214977,0.49516607475,0.514681887326,-0.507261180855,-0.482285400643,251
-0.00570233495425,-0.0686641745448,1.05841848074,0.495127682383,0.514695630758,-0.507430148387,-0.482132378424,252
-0.00558595213321,-0.0685628234866,1.05848224687,0.495275727844,0.515135469481,-0.506387528639,-0.482606539875,253
-0.00558223244623,-0.0687674807984,1.05847580516,0.494185215725,0.516966226004,-0.50673256499,-0.481403158806,254
-0.0055703425622,-0.068779695971,1.05851457901,0.493803459094,0.517678507128,-0.506811330091,-0.480946340807,255
-0.00555577154373,-0.0687069973235,1.05862799147,0.494974537009,0.515753881002,-0.507198461088,-0.481401976538,256
-0.00559151612913,-0.0688333902533,1.05861008131,0.493602558176,0.518083712955,-0.506894258918,-0.480628745717,257
-0.00562461093373,-0.068818823635,1.05876373858,0.494840151048,0.515670750623,-0.507584474484,-0.48122230115,258
-0.005647812986,-0.0689278443281,1.05878737356,0.493453751405,0.518128980374,-0.507390558722,-0.480208887715,259
-0.00589611921615,-0.068954518529,1.0589916158,0.494275608221,0.51484844623,-0.50891337097,-0.481279421314,260
-0.00591568803929,-0.0689912687618,1.05905732772,0.494410056177,0.514573095576,-0.508912958067,-0.481436212569,261
-0.00588228006457,-0.0691164264038,1.0590292486,0.49322891771,0.516960131853,-0.508530281236,-0.480493922828,262
-0.00589667874155,-0.0691901996816,1.05910458662,0.493464080825,0.516673353374,-0.508609282234,-0.480477309427,263
-0.00585890238204,-0.0692216032326,1.05913188605,0.4934716156,0.516481179825,-0.508624700895,-0.480659826825,264
-0.00583582493348,-0.069314177339,1.05916207168,0.493335931631,0.516496876171,-0.508576292806,-0.480833432557,265
-0.00580504108497,-0.0693543163604,1.05917238607,0.493441425872,0.51639332902,-0.508455639171,-0.480963981992,266
-0.00579828641621,-0.0693897170261,1.05917558354,0.493566892817,0.516299522642,-0.508459392537,-0.480931982068,267
-0.00579424516775,-0.0694040594834,1.05920358682,0.493507472163,0.516135590908,-0.508614495022,-0.481004908676,268
-0.00576424219047,-0.0694652062731,1.05920600795,0.493522041595,0.516094215425,-0.508496460309,-0.481159126608,269
-0.00570487144156,-0.0694593048763,1.05924766206,0.494193628216,0.514566872969,-0.508830325019,-0.481752313347,270
-0.00573222211178,-0.0695508736662,1.05921740998,0.493308408555,0.516221782738,-0.508494055584,-0.481243888805,271
-0.00570515710821,-0.0695891202071,1.05924157587,0.493464778661,0.516114399816,-0.508488709267,-0.481204396356,272
-0.00559399876604,-0.0696604166315,1.05939628496,0.493682302227,0.516361482787,-0.508553809926,-0.48064709088,273
-0.00559312575488,-0.0696970345756,1.05942339611,0.493810293913,0.516042619318,-0.508585110827,-0.480824909628,274
-0.00555226308924,-0.069725254148,1.05932910361,0.493146674321,0.515895100725,-0.508748420888,-0.481491066271,275
-0.0056458577945,-0.0697437166931,1.05934757254,0.493573406321,0.515755532305,-0.508336567052,-0.48163830627,276
-0.00562776615385,-0.0697741127568,1.0593629768,0.493805254763,0.515613143091,-0.508397134974,-0.481489158954,277
-0.00563638442367,-0.0698041224246,1.05939655791,0.493576188897,0.515734771822,-0.508584782902,-0.481395585239,278
-0.00560833981937,-0.0697513310194,1.05947203198,0.494562059507,0.513581205057,-0.509159117966,-0.482078528562,279
-0.00563303442176,-0.0698772789318,1.05938854309,0.493420628874,0.515879661386,-0.508611782521,-0.481371283576,280
-0.005623900574,-0.0698821084228,1.05936321844,0.49322284099,0.515983835975,-0.508734220598,-0.48133294395,281
-0.00564094976061,-0.0698992029196,1.05935018328,0.493226705229,0.516101395768,-0.508738029093,-0.481198903044,282
-0.00560627776877,-0.0699151393394,1.05933955686,0.493049083815,0.516180856491,-0.508940856786,-0.481081207942,283
-0.0055591878339,-0.0699290654122,1.05934658107,0.492927606155,0.516161317998,-0.508966270154,-0.481199755546,284
-0.00553047185399,-0.0699502708483,1.0593356287,0.492751465912,0.516316985345,-0.508876182507,-0.481308419169,285
-0.00553176859327,-0.0699670104159,1.05936175483,0.492809013577,0.515986955157,-0.508970829966,-0.481503304754,286
-0.00549762833001,-0.0699710882203,1.05936474078,0.493173057341,0.515567411219,-0.508921924429,-0.481631658882,287
-0.00544794552929,-0.0699848447064,1.0593778364,0.492720084628,0.515863581514,-0.509001044582,-0.481694529849,288
-0.00534776603701,-0.0700231153256,1.05936903545,0.492747045603,0.515804503026,-0.508920064205,-0.481815765576,289
-0.00528029405301,-0.0699814297814,1.05942456539,0.493821958372,0.513668946129,-0.509268431308,-0.482627964467,290
-0.00521978034203,-0.0700775257851,1.05936103676,0.493089101918,0.515390901516,-0.508583239337,-0.482263874731,291
-0.00476553648447,-0.0700987901082,1.05924058893,0.494605093613,0.514074355757,-0.508604210718,-0.482094508333,292
-0.00469149079098,-0.070111500043,1.05922494012,0.494733333349,0.514089055945,-0.508248501265,-0.482322332464,293
-0.00462064005881,-0.0701503720835,1.05923025581,0.494875456973,0.513912563019,-0.508229603082,-0.482384525258,294
-0.00483038999299,-0.0699899404834,1.0593249039,0.49388143879,0.514697242462,-0.509548512755,-0.481173758812,295
-0.00473263171055,-0.0699897064365,1.0593980165,0.495012073953,0.513515855129,-0.507223873135,-0.483723532293,296
-0.00476690880071,-0.0701665487849,1.05936844565,0.494979169961,0.51350776348,-0.508153700904,-0.48278899574,297
-0.0042038129844,-0.0701117308231,1.0593010422,0.494557336837,0.514223636924,-0.507674934109,-0.482962993497,298
-0.0040750369501,-0.0701536630189,1.05923253453,0.494767813097,0.514361409885,-0.507356621643,-0.482935202299,299
-0.00407579468627,-0.0701291899009,1.05928957034,0.495149910696,0.513740899451,-0.507440655069,-0.483115758128,300
-0.00396229817427,-0.0701993015227,1.05925393262,0.494960392615,0.514273412895,-0.507265058535,-0.482927765738,301
-0.00405109527491,-0.0702711640888,1.05926920499,0.495096912265,0.514124863843,-0.507995200868,-0.482177921247,302
-0.00396112838178,-0.0702443941752,1.05928139744,0.495036920104,0.514385513794,-0.507841225997,-0.482123718676,303
-0.00386470988552,-0.0701641330541,1.05932604513,0.494343777523,0.515034720083,-0.509124935954,-0.480786092065,304
-0.00371455822795,-0.0702644165779,1.05935686517,0.493556713348,0.517065326671,-0.507581755938,-0.481046754175,305
-0.00424998062836,-0.0701885691264,1.05959743894,0.494433175149,0.513387322058,-0.509133881642,-0.482443761931,306
-0.00393465018069,-0.0702513595065,1.05953442745,0.493096986884,0.517104819054,-0.507833492072,-0.481210049736,307
-0.00387042226402,-0.0702628142146,1.05956052921,0.49306806419,0.517096160338,-0.507775602136,-0.481310069409,308
-0.00375290383275,-0.0701963100266,1.05965645225,0.493981237953,0.515231777199,-0.508349696548,-0.481766892112,309
-0.00399880761804,-0.0703249479788,1.05968367043,0.492743143558,0.516417048964,-0.508824634494,-0.481264082752,310
-0.00371098430913,-0.0702957124264,1.05970234968,0.492909406496,0.517473074818,-0.508087430972,-0.480738074542,311
-0.00357201058393,-0.0702208413315,1.05981232549,0.493963402191,0.51568423943,-0.508374754631,-0.481274382607,312
-0.00373429499032,-0.0702702893153,1.05994868702,0.493865225825,0.514510926209,-0.509186624254,-0.481772381124,313
-0.00369872172962,-0.0703461529709,1.05994711278,0.492552853687,0.516993068475,-0.508826675035,-0.48083808943,314
-0.0032653716593,-0.0703694798894,1.05989330079,0.49281677213,0.517483561656,-0.508672867254,-0.480202360098,315
-0.00314888390167,-0.0704086422041,1.05995000579,0.492885056982,0.517543142001,-0.508745878729,-0.479990674542,316
-0.00307481883221,-0.0703934931954,1.06006769832,0.493990406637,0.515251730895,-0.508759160528,-0.481303696785,317
-0.00337954034746,-0.0704459361142,1.06016919179,0.492945540038,0.517029076849,-0.508434145238,-0.4808121756,318
-0.0033084194426,-0.0703326765675,1.06026268106,0.492586743569,0.518491268221,-0.509092182931,-0.478905266328,319
-0.00319734236434,-0.0703146530356,1.0603645035,0.493936255059,0.515516661494,-0.509505056987,-0.480285482359,320
-0.00276990902316,-0.0704881511976,1.06006413299,0.492476663124,0.519307574336,-0.508129319591,-0.479156523579,321
-0.00268742570565,-0.07051772786,1.06010448919,0.492601502229,0.519288277684,-0.508117210401,-0.479061942921,322
-0.0025858675387,-0.0705292787881,1.0601407128,0.492482737292,0.519633455429,-0.508061383918,-0.478868933675,323
-0.00288298188507,-0.0704936834786,1.06027324043,0.492503285696,0.519104386977,-0.5082759409,-0.479193819765,324
-0.00280490090023,-0.0704605852714,1.06042352849,0.493179061533,0.517630545807,-0.508652077067,-0.479693752106,325
-0.0026737035663,-0.0703692881922,1.06046474003,0.494228710566,0.515844809092,-0.508907154717,-0.480266199584,326
-0.00257800889305,-0.0703893581298,1.06045961571,0.493570446743,0.516505008521,-0.508963766412,-0.480173588148,327
-0.00255699618264,-0.070505552126,1.06025344691,0.492044351243,0.519474887425,-0.508334955044,-0.479201180326,328
-0.00243681782106,-0.0704386021826,1.0603909459,0.492790684261,0.517989221798,-0.508788687286,-0.479560819184,329
-0.002378354822,-0.0704440051898,1.06055151985,0.493501030569,0.517940968812,-0.508783680641,-0.478887306123,330
-0.00229560630195,-0.0704866593626,1.06051426991,0.4934865708,0.517851059831,-0.508592716564,-0.47920218377,331
-0.00221724562078,-0.0704801803116,1.06048807246,0.493542703107,0.517952320334,-0.50857636917,-0.479052263111,332
-0.00212408199747,-0.0703898324149,1.06057668874,0.49466206864,0.515825945747,-0.508999632844,-0.479742019535,333
-0.00200530831675,-0.0705348666892,1.06055620245,0.495142646878,0.515352694248,-0.509417577973,-0.479311058736,334
-0.00207490793949,-0.0704672546386,1.06025129984,0.492678485624,0.518605937144,-0.508557535581,-0.479254655446,335
-0.00178745520587,-0.0703535249211,1.06039501544,0.493822318852,0.516549578996,-0.508923478536,-0.479909306888,336
-0.00169171415885,-0.0703097078921,1.06039046557,0.494252328762,0.516365638553,-0.508888211843,-0.47970193942,337
-0.00165097182546,-0.0705108629831,1.06035008921,0.493634875671,0.517946328901,-0.508837759312,-0.478686060583,338
-0.00155582925057,-0.0702819885831,1.06040387235,0.494392189096,0.516253471428,-0.508716155665,-0.479861010673,339
-0.0014724519665,-0.0703010543494,1.0603822917,0.494502223586,0.516290718855,-0.50858099642,-0.479850825333,340
-0.00138462841711,-0.0702857667001,1.06036168445,0.494442852194,0.51634950968,-0.508509227552,-0.479924801674,341
-0.00134901846139,-0.0703470925699,1.06027466986,0.493320675406,0.518488441971,-0.508155300103,-0.479147824514,342
-0.00130517836154,-0.0703225990106,1.06024500356,0.493235111504,0.518656058063,-0.508279727967,-0.47892247426,343
-0.00124667271353,-0.0702998156274,1.06022399928,0.493184652511,0.518649863872,-0.508307599759,-0.478951564629,344
-0.00113415326585,-0.0701785804437,1.06025137588,0.494230522305,0.516396185287,-0.508857354387,-0.479724257808,345
-0.00109211970862,-0.0702553928836,1.06013894772,0.493006315687,0.518692574997,-0.508332456189,-0.479062521307,346
-0.00101208900484,-0.0701377317558,1.06016915812,0.494277527403,0.516333442585,-0.508708890522,-0.479900788369,347
-0.000977004261288,-0.0702364612582,1.0600611553,0.493259474822,0.518482450484,-0.508251815832,-0.479114945229,348
-0.000912964826369,-0.0701676377627,1.06022480403,0.495400166858,0.515780698828,-0.508101891827,-0.479980638063,349
-0.000858953964312,-0.0701471616217,1.06004641569,0.494610250438,0.516066530461,-0.508141252849,-0.480446150419,350
-0.000775170797861,-0.070296329244,1.06017311356,0.496252944314,0.515013320555,-0.508787344306,-0.479196967003,351
-0.000801675210819,-0.0701767219172,1.059952785,0.493504108538,0.518073621404,-0.507764138954,-0.479821838657,352
-0.000754164929373,-0.0701927765555,1.05993124214,0.493406197861,0.518228409785,-0.507878221537,-0.479634601851,353
-0.000680338968719,-0.0702730681186,1.05999926255,0.495150605682,0.515376626311,-0.509159522044,-0.479551240075,354
-0.000651476259153,-0.0701566114088,1.05996346658,0.493386051171,0.518538093077,-0.508010130578,-0.479180715147,355
-0.000722265605799,-0.0701240575778,1.05991258357,0.493584738837,0.518552493974,-0.507872734754,-0.479106148859,356
-0.000691273524563,-0.0700828513802,1.05989978403,0.493529678357,0.518788658812,-0.507827585433,-0.478955037078,357
-0.000661430640855,-0.0700593272513,1.05985982264,0.4937119895,0.51888567254,-0.507788540931,-0.478703382018,358
-0.000650805106553,-0.0700509712725,1.05987743352,0.49360722829,0.518634172301,-0.508056113706,-0.478800046812,359
-0.000616672035477,-0.0700519102954,1.05985323406,0.49336545796,0.518818891325,-0.508087694418,-0.478815598823,360
-0.00059244731427,-0.070029110229,1.0598488196,0.493709111534,0.518446588775,-0.508125345223,-0.478824687456,361
-0.000500688426904,-0.0699966429209,1.05988785251,0.4936710964,0.518385422845,-0.508412088778,-0.478625688765,362
-0.000470964457681,-0.0699736240534,1.05986244739,0.493690241418,0.518474145066,-0.508263133275,-0.47866804132,363
-0.000437522759975,-0.0699460017904,1.05986269681,0.493454827948,0.51851373551,-0.508256851149,-0.478874526491,364
-0.000501074266188,-0.0699566506498,1.0598181806,0.493556332135,0.518668242697,-0.507944845972,-0.478933643083,365
-0.000470361280433,-0.069950738377,1.05983090062,0.493574908257,0.518640368757,-0.507795367472,-0.479103164892,366
-0.000431906223932,-0.0699390547053,1.0598280214,0.493649672042,0.518671059098,-0.507674639902,-0.479120855054,367
-0.000314961599716,-0.06985648686,1.05997246047,0.494860737712,0.516170250271,-0.508155038219,-0.480062058632,368
-0.000295783737416,-0.0698703605825,1.0600171473,0.494618269492,0.516533063718,-0.508119048994,-0.479959783335,369
-0.000340109432202,-0.0699372614043,1.06001236929,0.493594796503,0.518378945803,-0.507752779352,-0.479410638674,370
2.9521743549e-05,-0.0699543791823,1.05997064109,0.493875177084,0.518625553423,-0.507414367287,-0.479213422879,371
2.29209223521e-05,-0.0700652978008,1.06013195013,0.49561147258,0.515681274092,-0.508816837988,-0.479111174132,372
-5.7548293782e-06,-0.0698694550527,1.0601849289,0.494560609036,0.516818153352,-0.508107812999,-0.479724140235,373
-0.000150451090072,-0.069951657005,1.06007421785,0.493494345757,0.519100879856,-0.507539211013,-0.478958825499,374
-0.000183086001076,-0.0698158866608,1.0601954084,0.494779256117,0.516841506727,-0.507996960868,-0.47959090107,375
-0.000109141225706,-0.0698681111271,1.06024173658,0.493572298269,0.518884154528,-0.507805582305,-0.478830983899,376
-0.000149563060231,-0.0698619415049,1.06029331346,0.493494395476,0.518966684491,-0.507858190964,-0.478766038785,377
-0.000153011109213,-0.0697689393831,1.06038061957,0.494637655965,0.517044549222,-0.50816940849,-0.479335347847,378
-0.000221235687505,-0.0698484832522,1.06036671041,0.493331793115,0.519386316259,-0.507878852706,-0.478456546992,379
-0.000651051746933,-0.0697966795352,1.06052221968,0.493174601201,0.519016975278,-0.508297308847,-0.478575007624,380
-0.000663152198074,-0.0697134057507,1.06062589398,0.494312853656,0.51702978833,-0.508541314759,-0.479291906747,381
-0.000725800111585,-0.0696834049965,1.06068131223,0.494091378283,0.517249797137,-0.5087140014,-0.479099595123,382
-0.00073460365055,-0.0698763662464,1.0607355865,0.494710801799,0.516494062495,-0.509405713186,-0.478540411423,383
-0.000832914106707,-0.0696824137527,1.06078823267,0.493761761977,0.517388645142,-0.508763242076,-0.479237181153,384
-0.000865710316984,-0.0697170990987,1.060855412,0.493577128877,0.517342334535,-0.508970962521,-0.47925680596,385
-0.000934615776782,-0.0697843585707,1.06083915967,0.492462759826,0.51942059746,-0.508668185485,-0.47847607066,386
-0.000976059455386,-0.0697007213901,1.06091881129,0.493312224714,0.517679556322,-0.508960820311,-0.479176177727,387
-0.00107492646443,-0.0697660964938,1.06088842035,0.491903905067,0.520012805288,-0.508662080749,-0.478414170071,388
-0.00111685199027,-0.069839278566,1.06101066797,0.493659900923,0.517160843223,-0.509724178317,-0.47856642851,389
-0.00134784524824,-0.0697469066743,1.06087096229,0.491834027895,0.520275223795,-0.508575325277,-0.478292921784,390
-0.00142317701963,-0.0697632803741,1.0609170666,0.49183879944,0.520253369769,-0.508755862693,-0.478119753603,391
-0.00149372748676,-0.0697569840474,1.06094233034,0.491698987961,0.520299347984,-0.508938031841,-0.47801963712,392
-0.00158698918888,-0.0697742775935,1.06095596985,0.491439514902,0.520736100484,-0.509026380697,-0.477716715847,393
-0.00151466250748,-0.0699196915873,1.06105864145,0.492169997292,0.51993550367,-0.509752588511,-0.477061908242,394
-0.00159553324733,-0.0696631842573,1.06116181317,0.492984304394,0.518187837221,-0.509538528853,-0.478349588263,395
-0.00170571728351,-0.0697725206772,1.0611575218,0.491668954511,0.520525618046,-0.50908373582,-0.477648898304,396
-0.00175063147226,-0.0699384488266,1.06124036435,0.492536805203,0.519435596749,-0.509830477533,-0.477144674631,397
-0.0014855701847,-0.0688072199863,1.06160355341,0.489134938609,0.524985260612,-0.507812129103,-0.476722486892,398
-0.00153245799468,-0.0688287351588,1.06166757495,0.489191016469,0.524833469528,-0.507719166535,-0.476931050155,399
-0.00161155514486,-0.0688854166803,1.06176656351,0.489234505414,0.524713975226,-0.508006206292,-0.476712216419,400
-0.00208433533884,-0.0699111425302,1.0612870853,0.491308195417,0.521428991138,-0.508320417113,-0.477847693166,401
-0.00215382176418,-0.0699136115107,1.06135204364,0.491421340413,0.521267791088,-0.508287260778,-0.477942482619,402
-0.00220276141687,-0.0699514150319,1.06140086634,0.491315978616,0.521185643403,-0.508320883025,-0.478104605863,403
-0.00228536675054,-0.0699268890525,1.06145666186,0.491405641934,0.520871093103,-0.508401706399,-0.478269280192,404
-0.00236113940464,-0.0699494949333,1.06150377055,0.49132420655,0.520863280102,-0.508260785105,-0.478511172099,405
-0.0025136668861,-0.0698351683357,1.06171689441,0.492866507944,0.517590124025,-0.509171300317,-0.479507722349,406
-0.00261838536281,-0.0698422695887,1.06174772835,0.492529818273,0.517909569633,-0.509201642984,-0.479476529746,407
-0.00270976172083,-0.0698154888056,1.06181640092,0.4925500041,0.51783990665,-0.509451943567,-0.479265105905,408
-0.00281469869636,-0.0698430287715,1.06188840634,0.492494837586,0.51779410673,-0.509609630882,-0.479203633228,409
-0.00259987549763,-0.0687458126964,1.06226325506,0.489251614503,0.522949097995,-0.507888483368,-0.478755038693,410
-0.00268336899011,-0.0688033513151,1.06236055791,0.489074829116,0.523150262448,-0.507941292559,-0.478659855994,411
-0.00279872501022,-0.068806151294,1.06247286357,0.489334764423,0.522768120851,-0.507969950871,-0.478781274865,412
-0.00290517460118,-0.0688258820474,1.06258375404,0.489213134587,0.523028469796,-0.508103784464,-0.478479124878,413
-0.00306805236076,-0.0687855559139,1.06268457513,0.489242202133,0.522913644757,-0.508216950415,-0.478454719999,414
-0.00318162762414,-0.0687999445112,1.06276880581,0.488849970871,0.523343507746,-0.508323191416,-0.478272738036,415
-0.00334573149816,-0.0688821184394,1.06278016761,0.487618061136,0.525642351295,-0.5079227181,-0.477434034623,416
-0.00346583696554,-0.0688496273083,1.06292385906,0.488695020434,0.523520838995,-0.508467201986,-0.478083897078,417
-0.0036109329286,-0.0689144999091,1.06294156698,0.487109793078,0.526156840911,-0.508112952278,-0.477183671113,418
-0.00366699829338,-0.0690459890796,1.06293485492,0.48864315815,0.523300185602,-0.508912009636,-0.477905164431,419
-0.00382317869742,-0.0690169289755,1.06300571543,0.488784619175,0.522911458909,-0.509108429621,-0.477976787186,420
-0.00399080203624,-0.0691329477896,1.06300919342,0.487140267012,0.525489037259,-0.508763754727,-0.477195006106,421
-0.00414704977194,-0.0689983949231,1.06320779423,0.486464846082,0.526194607718,-0.508673728717,-0.477202500044,422
-0.00433116420086,-0.0690107752201,1.06327622004,0.486336872261,0.526221973039,-0.508838384767,-0.477127215696,423
-0.00443656420308,-0.0690131568317,1.06337071874,0.486434849921,0.526006802895,-0.508930361704,-0.477166498224,424
-0.00457511257758,-0.0691055721841,1.06336030179,0.486255892083,0.526149927944,-0.510287549379,-0.475739506125,425
-0.00468973654645,-0.0690133277449,1.06346490478,0.485979434726,0.526425396785,-0.509956038771,-0.47607260913,426
-0.00478463379849,-0.0690772880907,1.06352375968,0.485953447903,0.526429020976,-0.51012601447,-0.475912998043,427
-0.0048577707807,-0.0690937420516,1.06367275918,0.486243538785,0.52593442391,-0.508850393207,-0.47752641819,428
-0.00487627614464,-0.0694605192173,1.0635889206,0.487531607275,0.524236921009,-0.50983877211,-0.477025166016,429
-0.0049791346956,-0.0693289506679,1.06342935721,0.486059465098,0.526718131073,-0.508473731186,-0.477251161843,430
-0.00505374060347,-0.0692428499393,1.0637372656,0.487599622744,0.523238801731,-0.509481620263,-0.478431022068,431
-0.00529364870476,-0.069155781282,1.06383707705,0.486315378371,0.525693436555,-0.508686627681,-0.477892956991,432
-0.00536242088885,-0.0690946790288,1.06392576444,0.487142553311,0.523987171104,-0.509242216566,-0.478332459843,433
-0.00542524813645,-0.0693608119777,1.0638593034,0.488508863449,0.522486562326,-0.510225543102,-0.477531965095,434
-0.00559441167753,-0.0690917616558,1.06396417299,0.487417373284,0.523481152094,-0.509133282849,-0.478722349508,435
-0.00568286671984,-0.0690805400883,1.06397444317,0.487264984706,0.523739875048,-0.509284714346,-0.478433336733,436
-0.00563288585366,-0.0692522017109,1.0638268802,0.485299566731,0.527584854835,-0.507861172707,-0.4777191442,437
-0.00597542197887,-0.0692553275233,1.06391685918,0.486056013724,0.525667514352,-0.508576335862,-0.478302547013,438
-0.00601383013805,-0.0694205560496,1.06397143169,0.488237168685,0.522214245478,-0.510073865368,-0.478269171913,439
-0.00615422491973,-0.069468660426,1.06387670209,0.486765085622,0.524936915301,-0.509620126574,-0.477271739121,440
-0.00626665220586,-0.0694807378968,1.06387630985,0.486625530944,0.525102084174,-0.50968341289,-0.477164764473,441
-0.0064253968071,-0.0694223156547,1.0638499453,0.486089469176,0.525503367531,-0.509695697448,-0.47725625682,442
-0.00653174153917,-0.0694921668125,1.06384600832,0.486155655529,0.525236606257,-0.510118966821,-0.477030214697,443
-0.0066702878384,-0.0693048256346,1.06389255888,0.485144184982,0.526500674633,-0.509468506792,-0.477361498213,444
-0.00680428477448,-0.0693470515069,1.06388021484,0.485272664686,0.526328411391,-0.509419603068,-0.477473048749,445
-0.00689264396324,-0.0693286195275,1.06388015722,0.485339705696,0.526189974066,-0.50959807548,-0.47736703147,446
-0.00697873867755,-0.0693507970141,1.0638723933,0.485353981695,0.526282002263,-0.509535174027,-0.477318209349,447
-0.00717310599512,-0.0693347858165,1.06380688213,0.485075206613,0.52658479216,-0.509425480438,-0.47738473004,448
-0.00728733852429,-0.0693912540617,1.06378559965,0.485301753167,0.526228128926,-0.509503022793,-0.477465008628,449
-0.0073863457159,-0.0694038678777,1.06379537378,0.485145198282,0.526424680216,-0.509439906119,-0.477474789593,450
-0.00749658665997,-0.0694302830568,1.06376812392,0.485386462823,0.526100479178,-0.509486687778,-0.477536995943,451
-0.00757346375102,-0.0694213510568,1.06374550114,0.485213227688,0.526308071229,-0.509563816426,-0.477401984522,452
-0.00765759721728,-0.0694557907055,1.0637313877,0.485122061591,0.526458573148,-0.509661836962,-0.47722402293,453
-0.00770731423941,-0.0694114746882,1.0638053862,0.48653510629,0.523972084561,-0.509979866646,-0.47818132603,454
-0.0076597952675,-0.0695802634003,1.06390176249,0.48695510144,0.523430738421,-0.510662787812,-0.477617533599,455
-0.00778075924376,-0.0696751883096,1.06382406565,0.485745812807,0.525676265538,-0.510261921535,-0.476810487113,456
-0.00785664342305,-0.0697141752824,1.06387137771,0.485872501007,0.525287855675,-0.510342192926,-0.4770235084,457
-0.00784419683624,-0.0696606000922,1.0637938117,0.484126647062,0.527929878614,-0.509367191456,-0.476923995139,458
-0.00802449586684,-0.0695070076354,1.0639705483,0.486333545359,0.524109672264,-0.50975627724,-0.478473898883,459
-0.00807853822864,-0.0695014933612,1.06399185611,0.486113697794,0.524183711465,-0.509960360095,-0.478398725525,460
-0.00815100000135,-0.069481622727,1.06406817252,0.485629127953,0.524597129995,-0.509890063559,-0.478512616728,461
-0.00825303067079,-0.0696624998772,1.06400090634,0.484389889037,0.52681029201,-0.509455991696,-0.477799062532,462
-0.00830039060053,-0.0696333347032,1.06404651808,0.485986384691,0.524334770997,-0.509674381475,-0.478667219147,463
-0.00836428884414,-0.069668366388,1.06407481854,0.485916206321,0.524263840591,-0.509765719267,-0.478718891777,464
-0.00844676807311,-0.0697203564419,1.0640927813,0.48580325163,0.524354547919,-0.509803914795,-0.478693510757,465
-0.00853759169381,-0.0697435807882,1.06413475298,0.485724172173,0.524353230717,-0.509797757474,-0.47878175036,466
-0.00862249415621,-0.0697556398625,1.06418564399,0.485523931042,0.524387536707,-0.509941359426,-0.478794354268,467
-0.00868615244102,-0.0698205624937,1.06421355982,0.485367352342,0.524346286075,-0.510119254604,-0.478808784007,468
-0.00874992673295,-0.0698880113453,1.06426904309,0.4854610696,0.524160922639,-0.510145695539,-0.478888553219,469
-0.00878626718057,-0.0699359396318,1.06434923853,0.485555478161,0.524115830133,-0.509986200648,-0.479012055568,470
-0.00883847463724,-0.0701028593919,1.0643407831,0.483998362583,0.526726223443,-0.509638748772,-0.47809352255,471
-0.00878387957654,-0.0702871934626,1.06437703305,0.48668778835,0.523319294759,-0.510647372605,-0.478028423063,472
-0.00891544188334,-0.0701332549118,1.06452984859,0.485674425492,0.523923512211,-0.510094997399,-0.478986011701,473
-0.00896713085027,-0.0703329904894,1.06450533621,0.484442293412,0.526154888053,-0.50969862964,-0.478209164566,474
-0.00917196049156,-0.0703399732452,1.06459369788,0.485566539173,0.523588462912,-0.510339813119,-0.479200931434,475
-0.00920286824274,-0.0703429567471,1.06463496156,0.485478648659,0.52392325589,-0.510918179216,-0.478306928426,476
-0.00909728927285,-0.0704884695168,1.06467650766,0.484568752455,0.525810288629,-0.509903018751,-0.478242172947,477
-0.00917331035993,-0.07053682354,1.06474850921,0.484492659072,0.525775546665,-0.509935187661,-0.478323156683,478
-0.00916071306044,-0.0707455197474,1.06486516932,0.486378486772,0.522826821757,-0.511392094209,-0.478085983937,479
-0.00933904306734,-0.070582142195,1.06486744372,0.485565042235,0.523532091993,-0.51046582425,-0.479129816109,480
-0.00940412955363,-0.0705368099121,1.06491232242,0.484826080955,0.524413992617,-0.510984973346,-0.478359689551,481
-0.0093981293756,-0.0706598041469,1.06497511154,0.485446298744,0.523811322388,-0.510521364381,-0.478885712968,482
-0.0094029004106,-0.0706881190136,1.0650508054,0.485268322688,0.524014159647,-0.510354117562,-0.479022431805,483
-0.00945823725268,-0.0706989618781,1.06511194735,0.484916546626,0.524322899987,-0.510519281826,-0.478864805808,484
-0.00949727318649,-0.0707756695807,1.0651729939,0.485048364213,0.524015374337,-0.510660264787,-0.478917598132,485
-0.00951650065915,-0.0708547894077,1.06536503123,0.485584410284,0.524057196398,-0.510668979954,-0.478318960847,486
-0.00956712433331,-0.0709382105526,1.06541889608,0.485225059975,0.524346171661,-0.510753297931,-0.478276909425,487
-0.00946450200543,-0.0710156046474,1.06525473155,0.483436213579,0.527113093639,-0.510084010319,-0.477760940567,488
-0.00938229523023,-0.0710672775392,1.06533256064,0.484203084233,0.526362269896,-0.509886121469,-0.478023301923,489
-0.00936143715481,-0.0710674935794,1.0654186456,0.484901336991,0.524422669251,-0.510536188757,-0.478752918873,490
-0.0093926689223,-0.0711678968648,1.06533920813,0.48414255235,0.526421311563,-0.510087825016,-0.477804355889,491
-0.00943663762244,-0.0713066118672,1.06530476958,0.483789259561,0.526772942327,-0.510096982061,-0.477764888264,492
-0.00944195925158,-0.0713423660474,1.06534231376,0.483689134552,0.526948078156,-0.509895137101,-0.477888578232,493
-0.00941676132052,-0.0713796574143,1.06535249058,0.483779448034,0.526887995145,-0.509916861447,-0.477840225017,494
-0.00940648246112,-0.0714857956236,1.06534144442,0.483785710788,0.526890580204,-0.509858024427,-0.477893813997,495
-0.00937433385119,-0.0714619692919,1.06534632119,0.483033725937,0.527517884998,-0.51077161345,-0.47698601605,496
-0.00935882037328,-0.0715999852488,1.06536561686,0.483977531574,0.526459516174,-0.509767247426,-0.478271345801,497
-0.0093318495561,-0.0715533708421,1.06533039219,0.483245973215,0.527242452732,-0.510600079932,-0.477259136929,498
-0.00924899734997,-0.0717485891182,1.06537869979,0.484130830535,0.526486004255,-0.50945040898,-0.478424609566,499
-0.0092100433898,-0.0716504679217,1.06534704741,0.483183587623,0.527276470055,-0.510436978116,-0.477459146053,500
-0.00917284522681,-0.0718696415824,1.06537033233,0.484342015887,0.526082713427,-0.509353343192,-0.478757727936,501
-0.00910359232511,-0.071927869671,1.06535857299,0.484362007934,0.526212157787,-0.509305382029,-0.478646255709,502
-0.00904802863097,-0.0719522897693,1.06537077504,0.484438196647,0.526268343233,-0.509197789701,-0.478621850215,503
-0.00901853601413,-0.0720381518044,1.06534573534,0.484659099312,0.525829514678,-0.509338441843,-0.478730854039,504
-0.00894145543184,-0.072086070281,1.06534333008,0.48455432627,0.526047297725,-0.509186788497,-0.478758978892,505
-0.00890515635508,-0.0721545091448,1.06532327069,0.484299600465,0.526175653367,-0.509251756314,-0.478806565833,506
-0.00875270977162,-0.0723685550419,1.06515561482,0.484724794266,0.5256669669,-0.509491444336,-0.478680041241,507
-0.00862818715319,-0.0724232500395,1.06519801934,0.484786758813,0.525430450474,-0.509752203542,-0.478599343061,508
-0.00856107584933,-0.0725010177327,1.06523910895,0.484923006742,0.525417407931,-0.509644373904,-0.478590469111,509
-0.00857225834925,-0.0724016577518,1.06543216213,0.484495132188,0.526037125117,-0.509420213603,-0.478581712833,510
-0.00850598023829,-0.072419835427,1.06548397103,0.484281590857,0.526374100464,-0.509457865127,-0.478387218451,511
-0.00843947385156,-0.0724715527674,1.06554457141,0.484029021652,0.526733352379,-0.509593681151,-0.478102668703,512
-0.00838696070316,-0.0726028842241,1.06559432303,0.484081100201,0.526505590585,-0.509829635726,-0.478049259017,513
-0.00826406069598,-0.0728748040358,1.06569962847,0.485135453389,0.525365065024,-0.510556389686,-0.477459226813,514
-0.00830000273631,-0.0726942006595,1.06565554941,0.483640037524,0.526943987672,-0.511232183181,-0.476512332306,515
-0.00828522800015,-0.0728908028667,1.065721927,0.484587945191,0.526118016044,-0.510110359249,-0.477662828736,516
-0.00816975492673,-0.0729711152071,1.06580430875,0.484574228429,0.525967880282,-0.511891537316,-0.475933461818,517
-0.00802676282899,-0.0731015804146,1.06596559579,0.485017418508,0.52566810054,-0.510548418061,-0.477254088127,518
-0.0079433878486,-0.0731861117184,1.06598678543,0.484973434792,0.52576126142,-0.510758093943,-0.476971731875,519
-0.00787068803667,-0.0730549465158,1.06601789282,0.483859382643,0.527062552944,-0.510024607023,-0.477451634558,520
-0.00776733879412,-0.0732021993118,1.06591013407,0.483357666542,0.528586268316,-0.509472672665,-0.476864256314,521
-0.00770296402374,-0.0732146245867,1.06595381355,0.483200153239,0.528850747911,-0.509487433489,-0.476714855507,522
-0.00745596666695,-0.0732847382383,1.06607282499,0.483369386874,0.528858478772,-0.509102738618,-0.476945643439,523
-0.00750690691106,-0.0735791371851,1.06623117414,0.485122500842,0.525739041268,-0.510642084669,-0.476968847021,524
-0.00737331918564,-0.0735550901642,1.066348184,0.48605034181,0.52400117697,-0.510817156278,-0.477748537007,525
-0.00733026060622,-0.0734462961707,1.06633136784,0.484001782175,0.527268528698,-0.509708986963,-0.477416926916,526
-0.00717657527669,-0.0736890812262,1.0663736825,0.484774323741,0.526745579946,-0.510310718426,-0.476566805085,527
-0.00708648882611,-0.0737858985776,1.06637764883,0.484802486989,0.526731363139,-0.510379253663,-0.476480468776,528
-0.00701469312865,-0.0738733619293,1.06638260878,0.484914724769,0.526615724417,-0.51028902983,-0.476590699169,529
-0.00690522361124,-0.073977302108,1.06638898967,0.48491383048,0.526468686639,-0.510407204806,-0.476627511039,530
-0.00681573635286,-0.0737109266129,1.0664541604,0.485356818539,0.525385684593,-0.509853113813,-0.477962805516,531
-0.00669845387931,-0.0738428401746,1.06646177629,0.485397420727,0.52538264503,-0.509910013298,-0.477864205179,532
-0.00676118105776,-0.0739157376767,1.06640291045,0.485643321023,0.524796984103,-0.50983680513,-0.478335784107,533
-0.00666408475658,-0.0740032492669,1.06641370477,0.485506623705,0.525069272896,-0.509702664508,-0.478318691661,534
-0.00658004752334,-0.0741057889146,1.06639654317,0.485784072414,0.524760605671,-0.509617226809,-0.478466742695,535
-0.00631319716478,-0.0742063838685,1.0664286645,0.484350505538,0.527323601169,-0.508975304891,-0.477785042092,536
-0.00621051764481,-0.0742671877669,1.06639972482,0.484307268272,0.527326744443,-0.508914815508,-0.477889825222,537
-0.00606851452595,-0.074294006534,1.06646707635,0.485686049776,0.524932584043,-0.509381460275,-0.478628635992,538
-0.00592742815758,-0.074301927306,1.06647647948,0.485594159132,0.525202565278,-0.509060736778,-0.478766899768,539
-0.0058196412997,-0.074386091133,1.06644508778,0.485768456688,0.524901044673,-0.508956397971,-0.479031611433,540
-0.00567347639828,-0.0744992801132,1.06641584479,0.486147539845,0.524715215569,-0.508851040174,-0.478962556958,541
-0.00554673867343,-0.0747248264161,1.06631893618,0.48490935982,0.526647415304,-0.508415015809,-0.478559906817,542
-0.00566117106215,-0.0747742190428,1.06617352462,0.485460109656,0.524715178077,-0.510121996324,-0.478307445786,543
-0.00534781597326,-0.0749017760545,1.0660181559,0.484163698337,0.527506139996,-0.509406141734,-0.477313490531,544
-0.0053574178637,-0.0749333944359,1.06606146937,0.485310081475,0.525201929326,-0.510080948055,-0.47796912524,545
-0.00515976452378,-0.0748963493095,1.0660406587,0.486233295114,0.524354358886,-0.509272325968,-0.478822918251,546
-0.00498560859079,-0.0751844561818,1.06598323171,0.485408368792,0.526250611031,-0.507839775992,-0.479101003774,547
-0.0047076511851,-0.0750776720834,1.06605118469,0.484798503778,0.527149630672,-0.50839663774,-0.478138616253,548
-0.00455240156492,-0.0750769486664,1.06606897866,0.486866489032,0.5242367193,-0.508520457953,-0.479107323925,549
-0.0044088887986,-0.0752560447002,1.06613647561,0.487113740509,0.523844043361,-0.507923795989,-0.479917742441,550
-0.00429529764492,-0.0753171348707,1.06612774915,0.487099831152,0.523744230095,-0.507978107598,-0.479983310268,551
-0.00417955881389,-0.0754518264741,1.06608872382,0.4873224258,0.523494110663,-0.50797505435,-0.480033450472,552
-0.00388321712754,-0.0754672409147,1.06606834743,0.487236975253,0.524587692408,-0.507419463907,-0.479513681316,553
-0.00378503694871,-0.0755281706891,1.06602346635,0.487137464806,0.524633520101,-0.507941792748,-0.479011372672,554
-0.00380197539142,-0.0757880446817,1.06585525238,0.487712609815,0.523130634206,-0.508507969363,-0.479468867475,555
-0.00355898162945,-0.0759666354101,1.06569508556,0.486094416518,0.525936599796,-0.508026602485,-0.478551859669,556
-0.00343882895328,-0.0761586462477,1.06565984035,0.486433267844,0.525654710024,-0.507370534869,-0.479212835921,557
-0.00332354109675,-0.0758769818093,1.06593747247,0.487026652635,0.522836551294,-0.509371101037,-0.479570705614,558
-0.00340308572172,-0.0760329982356,1.06587133012,0.487311709135,0.523709504575,-0.508491334386,-0.47926215771,559
-0.00332830865089,-0.07623216468,1.06588193622,0.487598986441,0.523378281907,-0.50752948394,-0.480350107089,560
-0.00314352823825,-0.0763757240641,1.06593820802,0.48764934232,0.523462892497,-0.507450968373,-0.480289739441,561
-0.00297484317787,-0.076458155916,1.06594163978,0.487628834912,0.523764116677,-0.507406274751,-0.480029313467,562
-0.00285849062752,-0.0764715195105,1.06593856885,0.487909718024,0.523542330904,-0.507281016169,-0.480118220279,563
-0.0027363078693,-0.0766088868401,1.06593163728,0.487700888244,0.523800322008,-0.50732750314,-0.479999865445,564
-0.00263544109386,-0.076639698635,1.06598297651,0.488250977664,0.523104260595,-0.507935562564,-0.479556440517,565
-0.00256398673847,-0.0767108300968,1.06602476816,0.487839132785,0.523608324518,-0.507990030646,-0.4793677417,566
-0.00248506969328,-0.0767882284595,1.06602798893,0.488084414093,0.523239319353,-0.508062542232,-0.479444128741,567
-0.0023600244939,-0.0769530715661,1.06598028887,0.488308249769,0.522925891682,-0.507768676935,-0.479869290265,568
-0.00229349896301,-0.0769481008251,1.06588897473,0.488288791514,0.523818953092,-0.507603789581,-0.479088878254,569
-0.00220982929789,-0.0771046331808,1.06587748901,0.488502040444,0.523440041823,-0.507448421608,-0.479450079264,570
-0.00200961513631,-0.0772631835154,1.06590813728,0.488170632976,0.523881477078,-0.507486905874,-0.479264719588,571
-0.00192073001999,-0.0773169269735,1.06591234343,0.488146115323,0.523844036093,-0.5075726461,-0.479239819793,572
-0.00152111765651,-0.0773254167953,1.06581628116,0.488448499476,0.524731367162,-0.507410212148,-0.478131710185,573
-0.00167574066376,-0.077658617677,1.0656395993,0.486756306141,0.525861381408,-0.509055610914,-0.476865275495,574
-0.00147292310678,-0.0776522727174,1.06570014424,0.486710312932,0.526126706144,-0.508294060044,-0.477431575088,575
-0.00143951370821,-0.0775563158412,1.06587158057,0.486302688593,0.526667248445,-0.508032918967,-0.477528907741,576
-0.00161647212483,-0.077556349585,1.06592649947,0.487043172739,0.5246887917,-0.50868572615,-0.478256679791,577
-0.0015279418979,-0.0776637523604,1.06598072091,0.487213290628,0.524524687506,-0.508670050343,-0.47828008689,578
-0.00143212103782,-0.0777552022867,1.06598653141,0.487361126133,0.524414924873,-0.508829543736,-0.478080134211,579
-0.00135075502257,-0.0778599278799,1.06599317719,0.48773701586,0.523920027063,-0.508981261516,-0.478077905813,580
-0.00123136689771,-0.0778318604038,1.06598430332,0.487976186939,0.524063168063,-0.508789913937,-0.477880592132,581
-0.000974416652964,-0.0782234671569,1.0660221311,0.489180445671,0.523078949289,-0.508564002658,-0.477968157501,582
-0.000915022446329,-0.0780874023476,1.06597952588,0.488453033551,0.524028009283,-0.507682802414,-0.478608871245,583
-0.000806705314156,-0.0781839977401,1.0659671632,0.488784592775,0.523659037654,-0.507611169073,-0.478750180346,584
-0.000736922491222,-0.0782600190138,1.06597713146,0.488664414749,0.52389603859,-0.507461431412,-0.478772311373,585
-0.000650078204889,-0.0783184226878,1.06599083697,0.488801821654,0.523851913929,-0.507564944266,-0.478570557779,586
-0.00056099390766,-0.0783848572653,1.06602832833,0.488926144275,0.52363859256,-0.507447065617,-0.4788019689,587
-0.000467756879074,-0.0784957681042,1.0660442473,0.48865948747,0.524055976384,-0.507135818172,-0.478947283998,588
-0.000375299192076,-0.0785958456343,1.06608376626,0.488568519799,0.524301670976,-0.507122219051,-0.478785561832,589
-0.000380986494467,-0.0786271942608,1.06612203833,0.488679966255,0.523862538666,-0.507266397412,-0.478999721524,590
-0.000280978015127,-0.0785302969739,1.06614388631,0.488467552037,0.524122480701,-0.50835192305,-0.477779654403,591
-0.00023750802016,-0.0787226734006,1.06619252532,0.489415484911,0.523327267032,-0.507067326751,-0.47904465434,592
-0.000124736405391,-0.07883997624,1.06624685106,0.489617182938,0.523224154379,-0.507029294553,-0.478991433024,593
-5.35516513397e-05,-0.0788532038498,1.06625812371,0.489477386041,0.523426269172,-0.507011590115,-0.47893222567,594
-1.94565701476e-05,-0.0787400558712,1.06625445414,0.48874947052,0.524185699598,-0.507807096835,-0.478001317788,595
2.80982396817e-05,-0.0789319830861,1.06628389881,0.489582487673,0.523354212273,-0.507096662674,-0.478813461554,596
8.33925963318e-05,-0.0790079753482,1.06629991512,0.489555680856,0.523302924145,-0.507129461193,-0.478862187391,597
0.000149079069687,-0.0790334157771,1.06630598092,0.489475809927,0.523452314645,-0.507118062908,-0.478792623232,598
0.000172209821334,-0.0790368172422,1.0663293647,0.489470774436,0.523465312885,-0.507145338432,-0.478754668788,599
0.000290680289702,-0.0791036911716,1.06630408305,0.489396166257,0.524233203444,-0.507388145652,-0.477732362847,600
0.000245901212378,-0.0790826023191,1.06637843772,0.489412773589,0.523521008149,-0.507005749048,-0.478900889023,601
0.000280228950132,-0.0791721153656,1.06642354626,0.489518298115,0.523415042019,-0.507007183766,-0.478907345118,602
0.000354476275227,-0.0791220193416,1.06648567662,0.489373919858,0.523751748319,-0.50698661692,-0.478708515654,603
0.000395487993442,-0.0792586203918,1.06656237343,0.489721396095,0.523369436229,-0.507099827055,-0.478651389666,604
0.000389882070419,-0.0792730323715,1.06665140721,0.489581658566,0.523503420734,-0.506952625804,-0.478803721023,605
0.000431597084607,-0.0792953537533,1.06672582152,0.489612557059,0.523456639499,-0.507058387596,-0.478711272171,606
0.000446689772656,-0.0792105798788,1.06674204248,0.488878693866,0.523899776253,-0.508308064061,-0.477650038351,607
0.000463372341464,-0.0792420582303,1.06676927046,0.488876257788,0.523791621916,-0.508269899036,-0.477811731873,608
0.000481725226374,-0.0792761664856,1.06681747753,0.48911789265,0.523583822717,-0.507897879398,-0.478187632402,609
0.000512587427149,-0.0793259534919,1.06682889121,0.489291646589,0.523475923088,-0.507967034539,-0.478054530724,610
0.000518223685783,-0.0793420433714,1.06685064389,0.489278519895,0.523362408611,-0.50794731361,-0.478213180305,611
0.000536768882317,-0.0794065490132,1.06685625918,0.489510760971,0.522998764514,-0.507728087166,-0.478605993185,612
0.000559374946268,-0.0793830976688,1.06687717084,0.489527058678,0.523037436339,-0.50761365638,-0.478668439388,613
0.000537958780728,-0.0794186205981,1.06686160364,0.489476318333,0.522975470475,-0.507673899591,-0.478724140552,614
0.000569677887717,-0.0794243617155,1.06687663434,0.48964052271,0.52273913789,-0.507234804834,-0.479279464409,615
0.000611657704043,-0.0794248232792,1.0668912651,0.489758009413,0.522729359024,-0.507083973693,-0.479329691396,616
0.000604653852021,-0.0794184141013,1.06689722276,0.489795851182,0.522523507803,-0.507160730541,-0.479434251338,617
0.000625390206372,-0.0794397836582,1.06692917802,0.490068409181,0.522422472745,-0.506675235031,-0.479779032993,618
0.000680087582845,-0.0794157110641,1.06676255198,0.489651858545,0.522486655972,-0.507681578863,-0.479070105765,619
0.00067897993846,-0.0793836426806,1.06677014274,0.489717530013,0.522412094463,-0.507570310047,-0.479202175199,620
0.000677744004174,-0.0793667633991,1.06678573805,0.489802636768,0.522300967761,-0.507677545975,-0.479122724783,621
0.000615020397791,-0.079280122081,1.06691057988,0.48965877904,0.522672294859,-0.507465191429,-0.479089795115,622
0.000602720230034,-0.0792882214318,1.06690838648,0.489778090194,0.522515333142,-0.507408175005,-0.47919942919,623
0.000587733459677,-0.0793619213663,1.06694553676,0.490547578908,0.521852474652,-0.506345369305,-0.480257675119,624
0.000583347573335,-0.0793330130526,1.06693815172,0.490397261463,0.52197517409,-0.506426349299,-0.480192457582,625
0.00051912525983,-0.0792747448529,1.06688579219,0.490135786177,0.521959296255,-0.507220212316,-0.479638468411,626
0.000506370518456,-0.0792500717218,1.06688239239,0.490092252821,0.522013422337,-0.50690342425,-0.479958841057,627
0.000361442759989,-0.0792181995139,1.06682157285,0.489893635759,0.521850688077,-0.507622656707,-0.479578276608,628
0.000330891640228,-0.0792045365132,1.06681471646,0.490024401701,0.521761900784,-0.507499772103,-0.479671331166,629
0.000322879058829,-0.0791893244514,1.06679688356,0.49000418166,0.521782829758,-0.507504506267,-0.479664212387,630
0.000400583278599,-0.0791249162414,1.0668741008,0.490173830544,0.521533558331,-0.506771728966,-0.480535928006,631
0.000389338137849,-0.0790588836195,1.06688875993,0.490045184331,0.52164452989,-0.50668890031,-0.480634018827,632
0.00037057819452,-0.0790508416856,1.06691640277,0.490028466984,0.521585268148,-0.506547260326,-0.480864619879,633
0.000369047487372,-0.079027391497,1.06693204635,0.489992225784,0.521523076267,-0.506398134409,-0.48112600123,634
0.000349744034633,-0.0790098416566,1.06696156057,0.490189653768,0.521332313358,-0.506084468024,-0.481461559849,635
0.000345329554124,-0.0789726267495,1.06696433511,0.490288506516,0.521254543714,-0.505859004014,-0.481681999969,636
9.18215868145e-05,-0.0790321440762,1.06690729023,0.490042065506,0.520935891446,-0.506179143658,-0.481941122507,637
8.41493997842e-05,-0.0789142026239,1.06690596435,0.490086224128,0.521045725938,-0.505912750038,-0.482057189293,638
0.000246507793171,-0.0791575501458,1.06666181493,0.489272639126,0.523475127459,-0.505838896584,-0.480326020779,639
0.000259804045983,-0.0789713202452,1.06656320136,0.488258958066,0.524358123208,-0.506543968432,-0.479650869424,640
0.000274707361999,-0.0787268126397,1.06685488549,0.489666203515,0.521719136799,-0.505574664394,-0.482110371342,641
0.000200156204954,-0.0786930957484,1.06678245716,0.489729077055,0.521702084766,-0.505507037474,-0.482135873901,642
0.000176352495647,-0.0786342827624,1.0667675048,0.489969866305,0.521480023587,-0.505513378306,-0.482124817311,643
0.000146147311403,-0.0786065335552,1.06668171749,0.489843517842,0.522000150896,-0.505229561809,-0.481987821804,644
0.000127124229782,-0.0785807842674,1.06669395214,0.489502113469,0.521880460832,-0.505571405515,-0.482105817675,645
0.000117255165579,-0.0785597589416,1.06668940591,0.489511511397,0.521861236521,-0.505491634627,-0.48220072309,646
8.19859942974e-05,-0.0786287765663,1.06649222438,0.4873330274,0.525977316485,-0.504540187179,-0.480929914301,647
9.05185506973e-05,-0.0785790282808,1.06652360863,0.488013867601,0.524613117299,-0.504616466769,-0.481649004621,648
6.04201331716e-05,-0.0786481743091,1.06651370801,0.488405126559,0.524237597468,-0.504668881094,-0.481606368529,649
5.44873348281e-05,-0.0785987725755,1.06648991645,0.488303713053,0.524488606814,-0.504391872117,-0.481726088648,650
2.39949883309e-05,-0.0785598090382,1.06651658688,0.488440011072,0.524167255102,-0.504439371099,-0.48188791762,651
-2.92397671132e-05,-0.0785414231787,1.06643483108,0.488217072112,0.524299829849,-0.504364644186,-0.482047803246,652
-5.97903052435e-05,-0.0786100568539,1.0664025738,0.488456761502,0.524039089967,-0.504946086307,-0.481479463999,653
2.96996530121e-06,-0.0785576676729,1.0663716411,0.48859127042,0.524180909278,-0.504277549084,-0.481889093369,654
-6.39006984969e-06,-0.0785293573198,1.06635996527,0.488406680474,0.524338509602,-0.50425304901,-0.48193039371,655
-4.41180522718e-05,-0.0784853106201,1.06628964059,0.488508557861,0.524295577992,-0.504325016097,-0.481798520062,656
-1.83761244974e-06,-0.0796215678087,1.06588471978,0.491744648696,0.519553575039,-0.505811990084,-0.482084550501,657
-0.000338216268434,-0.0795247639939,1.06602703631,0.490555046171,0.520743775519,-0.507162490704,-0.480591172367,658
-0.000363856018296,-0.0795070905569,1.0660286018,0.490623133018,0.520627284506,-0.507225962892,-0.480580892821,659
-0.000383298691827,-0.079509913157,1.06602671395,0.490745206738,0.520349147441,-0.507199267393,-0.480785617482,660
-0.000376699072325,-0.0795112895161,1.06599984307,0.490818334342,0.520577566009,-0.507001440898,-0.480672340966,661
-0.000154533839999,-0.079666911581,1.06575549837,0.491930236646,0.51912113147,-0.506548648003,-0.481587334074,662
-8.59236825792e-05,-0.0795903922656,1.06581729203,0.492013759886,0.519260506357,-0.505696662936,-0.482246691763,663
-0.000110682530271,-0.0796015306938,1.06583615697,0.492130541061,0.519154849666,-0.505592071253,-0.48235094082,664
-0.000120698754709,-0.0795857153234,1.06582637942,0.492210369207,0.519070915246,-0.50546458655,-0.482493408386,665
-0.000516481291227,-0.0795777094569,1.06587405794,0.491894194961,0.519964218531,-0.50503663816,-0.482302090528,666
-0.000620130145071,-0.0795522428852,1.06582918763,0.491798603846,0.519788733429,-0.505202996884,-0.482414487546,667
-0.000575684845873,-0.0795830581122,1.06587791302,0.491849749803,0.520076827405,-0.505016022422,-0.482247586113,668
-0.000617869341477,-0.0795447834151,1.06592131776,0.491570203173,0.520467349901,-0.505232781601,-0.48188412449,669
-0.000655684710113,-0.0795418687365,1.06591912995,0.491743248962,0.520212584973,-0.505296525485,-0.481915827576,670
-0.000552352412282,-0.0783320571732,1.06633484037,0.490377574902,0.52127153268,-0.505002867217,-0.482470649214,671
-0.000430990766369,-0.0783239692238,1.06636781856,0.490565269901,0.521130047393,-0.505233119858,-0.482191543133,672
-0.000479766530662,-0.0783000689787,1.06637124561,0.490423669019,0.521470187889,-0.50521242951,-0.48198949063,673
-0.000512500311675,-0.0783122356633,1.06635378313,0.490414236492,0.521428179384,-0.505438529856,-0.481807454205,674
-0.000575741902777,-0.0783871489617,1.06631267802,0.488795874996,0.523809006741,-0.505226493115,-0.481091371465,675
-0.000607954151684,-0.0782682632465,1.06638166706,0.490117837185,0.521579678424,-0.505561012929,-0.481816569801,676
-0.000638505445397,-0.0782256853203,1.06641085912,0.489924355622,0.521806153679,-0.505620879982,-0.481705293179,677
-0.000669722281344,-0.0782417693715,1.0664395824,0.489811826761,0.521901189264,-0.505677463214,-0.481657374289,678
-0.000728199570146,-0.0782962710654,1.06647969433,0.489839932606,0.521745993433,-0.505740740156,-0.481730487417,679
-0.000737609559148,-0.0782704721164,1.06653818813,0.489549606315,0.522190313499,-0.505494886396,-0.481802220077,680
-0.00078800490501,-0.0782998611032,1.06657061912,0.489750504371,0.522056268758,-0.505396245136,-0.481846792166,681
-0.0008126796774,-0.0783017958028,1.06658766243,0.489628275492,0.522124151577,-0.505532754061,-0.481754249334,682
-0.000836986862541,-0.0783522621423,1.06659783268,0.489826584449,0.521814710747,-0.505598548707,-0.481818879208,683
-0.000844505034061,-0.0783424723251,1.06658882848,0.48988643224,0.521923636165,-0.505229321613,-0.482027316759,684
-0.00105139081189,-0.0783881411133,1.06652285024,0.490074006435,0.521493941309,-0.505572841836,-0.481941530678,685
-0.00107013590601,-0.0783390586627,1.06651888535,0.490126324329,0.521487376173,-0.505460329675,-0.482013441531,686
-0.00112574878118,-0.0783744691947,1.06650075683,0.490225702118,0.521259468591,-0.505599895266,-0.482012524002,687
-0.00109696891188,-0.0784979196903,1.06632865878,0.49054402448,0.520663041143,-0.50587305919,-0.482046684068,688
-0.000904725516494,-0.0784219213707,1.0662944912,0.490585642657,0.521644632328,-0.505150211868,-0.481701015394,689
-0.00124361402296,-0.0785172812612,1.06621817449,0.490503460264,0.520475577378,-0.506491233135,-0.481641110766,690
-0.000929095167689,-0.0785189397766,1.06640079288,0.487123326397,0.526111861218,-0.505007408908,-0.480504621533,691
-0.000988915303373,-0.0785132302038,1.06640095428,0.48739235115,0.52565641171,-0.504975121832,-0.480764140924,692
-0.00100539649735,-0.0785527931798,1.06636828255,0.486876152746,0.52645015771,-0.504940136259,-0.480455307108,693
-0.00113126471614,-0.0784660813357,1.06632514686,0.488109081625,0.52549087841,-0.504664595538,-0.480543970053,694
-0.00127048229137,-0.0784768517926,1.06623633535,0.487944655129,0.525525936163,-0.505255421544,-0.480051521143,695
-0.00128864815177,-0.0782603007189,1.06644072804,0.489713332064,0.522065451155,-0.505222560768,-0.4820567199,696
-0.0012068300986,-0.0784963958759,1.06621721759,0.486626968055,0.526719923241,-0.504780649072,-0.480579663267,697
-0.00136852928534,-0.0784395615809,1.06617961502,0.487989518087,0.5250112273,-0.504927121811,-0.480913758491,698
-0.00142351303369,-0.0784152109029,1.06621756286,0.488500645962,0.523452432042,-0.50568893969,-0.48129343083,699
-0.00154586365196,-0.078377336801,1.06616741033,0.489430140454,0.522175853001,-0.505762410192,-0.481658489591,700
-0.00161426029476,-0.0783312391631,1.06608418712,0.48950695121,0.522385654441,-0.505691548574,-0.481427284699,701
-0.00169614710698,-0.0783699466861,1.06602947253,0.489515955921,0.522267003696,-0.50584775864,-0.481382748786,702
-0.00176485766734,-0.0783113328373,1.06597467067,0.489236716193,0.522430810585,-0.506080182151,-0.481244566634,703
-0.00181964884578,-0.078355257835,1.06606443084,0.489649322823,0.522508386601,-0.506171261308,-0.480644547266,704
-0.00170443777582,-0.0782938156459,1.06589191775,0.488991662634,0.523350785055,-0.505649519521,-0.480946642638,705
-0.00174706628601,-0.0783014580573,1.06585704575,0.488650726757,0.523499439916,-0.50611530915,-0.480641339765,706
-0.0018022399931,-0.0783305114921,1.06581268042,0.488826193613,0.523416268611,-0.505888601331,-0.480792143482,707
-0.00187714549085,-0.078413629269,1.06576800894,0.489080855589,0.523103752177,-0.505828457703,-0.480936536907,708
-0.0018588981423,-0.0784360468562,1.06576418967,0.489257530749,0.523065337777,-0.505559127746,-0.481081790732,709
-0.00206823899607,-0.0786018961127,1.06574059233,0.489172726026,0.521995906483,-0.506296014423,-0.481554424241,710
-0.0020690495198,-0.078619013196,1.0657090512,0.488742048012,0.522691298701,-0.506088685806,-0.481455355008,711
-0.0020048684604,-0.0788468157202,1.06558791773,0.489495797457,0.521890578822,-0.505857083156,-0.481801514558,712
-0.00203275840302,-0.078901858098,1.06558614236,0.489608217443,0.521668483739,-0.505985771248,-0.481792679252,713
-0.00205911609393,-0.0789673981902,1.06561496716,0.489694029064,0.5219167303,-0.505435426524,-0.482014226083,714
-0.0021362628714,-0.0788827786801,1.06572377017,0.489498481469,0.522289633403,-0.504963120568,-0.482303869304,715
-0.00217871454145,-0.0789113879425,1.06578579705,0.489626330354,0.521865878651,-0.505334323928,-0.482244007101,716
-0.00215690056954,-0.0789673992407,1.06579250926,0.490162056272,0.521058150255,-0.505539592485,-0.482358044479,717
-0.00254409158795,-0.0801050846666,1.06558096816,0.493150220996,0.515940562274,-0.507441744108,-0.482815774462,718
-0.00253855185388,-0.0801473183367,1.06564624218,0.493053329497,0.515916840772,-0.507348797672,-0.483037705754,719
-0.00220972020323,-0.0791439614073,1.06595498446,0.489712065913,0.521445520397,-0.505541358548,-0.482394648141,720
-0.00222327792648,-0.0791830739041,1.06601520848,0.489637972942,0.521581646454,-0.50560352687,-0.482257519539,721
-0.0022381253325,-0.0792431089915,1.06603545142,0.489184724076,0.521129370375,-0.506316711128,-0.482458156835,722
-0.00233192723917,-0.079388821821,1.06605787939,0.488754548269,0.523542240584,-0.505139210587,-0.48151520412,723
-0.00235383001535,-0.0794534563863,1.0661379248,0.488576787186,0.523712233908,-0.505399850259,-0.481237166515,724
-0.00239413006062,-0.0795399218084,1.06619584827,0.488495160571,0.523755460374,-0.505281321332,-0.481397426396,725
-0.00237267292747,-0.0807067597518,1.06596356728,0.491830533852,0.51886053966,-0.50703897291,-0.481453991889,726
-0.00247884930469,-0.0796357394249,1.06641147651,0.488577012573,0.523601311316,-0.505591217352,-0.481156617443,727
-0.00242092382218,-0.0807091343443,1.06615928334,0.493530235663,0.516463691332,-0.507207490785,-0.482113807429,728
-0.00253812245713,-0.0797568981891,1.06660952615,0.488671497866,0.523310292521,-0.505812190435,-0.481145022756,729
