0.483444372405,-0.0040300680632,0.0818366790802,-0.352746684488,-0.566687025998,-0.104275918792,0.737266657261,0
0.483974188828,-0.00381485279704,0.0830057243489,-0.326543515298,-0.55779371971,-0.143438598482,0.749440369432,1
0.483662101063,-0.00408447132417,0.0821151280131,-0.347655502955,-0.563898119547,-0.113592014018,0.740440015388,2
0.483571876862,-0.00419390179278,0.0818069420998,-0.354472708405,-0.566368020479,-0.103025666792,0.736859604237,3
0.483355245506,-0.00440571606652,0.081166795293,-0.368323031626,-0.570370830025,-0.0809763583099,0.72969725916,4
0.48337890605,-0.00427431151204,0.0815054054237,-0.358889699202,-0.567631387426,-0.095930783203,0.734704074202,5
0.483379684154,-0.00426288348508,0.0814534619281,-0.358879692954,-0.56744066035,-0.0962574822501,0.734813554637,6
0.483398215842,-0.00418815436194,0.081414586227,-0.359099414514,-0.567785038661,-0.0957035712127,0.734512482416,7
0.483568966892,-0.00398521190974,0.0818968853068,-0.345987415556,-0.563688081418,-0.115523798324,0.741082119043,8
0.483719377669,-0.00383552794356,0.0822223498835,-0.337370617769,-0.561008816129,-0.12766965515,0.745084313112,9
0.48353024768,-0.00405308934236,0.0817038191294,-0.350807563467,-0.564980378864,-0.108553075022,0.738882571736,10
0.48329033875,-0.00419791539091,0.0811336762573,-0.365556576888,-0.569218956316,-0.0862910709654,0.73137679751,11
0.483532519623,-0.00392043989938,0.0819785657136,-0.347569544572,-0.56473156171,-0.112455092212,0.740018599178,12
0.483485309644,-0.00408901564027,0.0815806267049,-0.357782297346,-0.567527849446,-0.0963751849612,0.73526579652,13
0.483561444033,-0.00393825502197,0.0819749946433,-0.348143228008,-0.565171634709,-0.111674346863,0.739531038135,14
0.483608361056,-0.00404151052717,0.0818350558495,-0.351988399962,-0.566010587126,-0.105114358456,0.738029236006,15
0.483701938572,-0.0039540461548,0.0821945399886,-0.343528160211,-0.563565274716,-0.117634225588,0.741987043854,16
0.483404549676,-0.00419592850525,0.0814954902033,-0.358870816,-0.568015501745,-0.096444518641,0.734349087304,17
0.483393087768,-0.00415976641525,0.0815414587723,-0.358409795592,-0.567709445704,-0.0969900825491,0.734738951989,18
0.483395754033,-0.00420064646315,0.0815507345929,-0.357949368254,-0.567483817113,-0.097989098343,0.735005104531,19
0.483463947875,-0.00413971073706,0.0817201561707,-0.353658698306,-0.566022495263,-0.104132598386,0.73736046946,20
0.483488212276,-0.00411793993163,0.0814802878525,-0.357399480255,-0.56716189217,-0.0994265311409,0.735328065892,21
0.483433860285,-0.00409002192279,0.0815696004106,-0.355746134487,-0.56674799731,-0.100827807698,0.736257528679,22
0.483361180535,-0.00413254672679,0.0813617172717,-0.360236330949,-0.568270186296,-0.0938603826791,0.733818104025,23
0.483282476165,-0.0042345686659,0.0811021850198,-0.366155059333,-0.569659295418,-0.0849156213644,0.730895407646,24
0.48335573714,-0.00422768721079,0.0811766189517,-0.36478836479,-0.569485146043,-0.0871796117526,0.73144776481,25
0.48335995212,-0.00435161391691,0.0808860126402,-0.372694267899,-0.571473008014,-0.0746655588743,0.727284427239,26
0.4834418127,-0.00410965406136,0.0815440079157,-0.358601347017,-0.568107018252,-0.0949156689513,0.734609083471,27
0.483454991062,-0.00412631705163,0.0816246239292,-0.356626248673,-0.567626669356,-0.0973672479731,0.735620351823,28
0.483390568393,-0.00440377871251,0.0810031176819,-0.370084328833,-0.570655690111,-0.0787737773166,0.728823960161,29
0.483263614089,-0.00430484141043,0.0811182441631,-0.367240025751,-0.570002312848,-0.0836616791895,0.730227944048,30
0.483404870811,-0.00421108808777,0.0814828187377,-0.358103384467,-0.567333481613,-0.0977469093925,0.735078382473,31
0.483417441588,-0.00421761590871,0.0814550144989,-0.359163992937,-0.56752694492,-0.0963162808518,0.734600277029,32
0.483460951865,-0.0041557524703,0.0816484713252,-0.354550749091,-0.566086178231,-0.103384787971,0.736988324705,33
0.483494054253,-0.00413446183818,0.0815397321125,-0.356099994242,-0.566524081482,-0.101429056356,0.736176205625,34
0.48352271588,-0.00407892054485,0.081656624058,-0.354115600416,-0.565971480211,-0.104624895792,0.737110613348,35
0.483448912729,-0.00410999721627,0.0814931992297,-0.358410992116,-0.567286666868,-0.0978601619003,0.734949513257,36
0.483334426347,-0.00419591209469,0.0812934732733,-0.363445900442,-0.569141435035,-0.0893998000794,0.732115277893,37
0.483338187171,-0.00420119580196,0.0812549716804,-0.365041337137,-0.569372126179,-0.08701797048,0.731428791425,38
0.483409661275,-0.0042246584056,0.0812337723879,-0.365372554855,-0.569458948164,-0.0856766283755,0.73135416719,39
0.483434242198,-0.00387462292498,0.0817082574435,-0.354453080231,-0.56719506312,-0.100303069557,0.736608490668,40
0.48338855821,-0.00390727831561,0.0816392778659,-0.355293447622,-0.567186231138,-0.099085180794,0.736375225161,41
0.483307964458,-0.00387585160217,0.0817714495701,-0.352365003789,-0.566704204438,-0.103135561727,0.737596301973,42
0.484245870387,-0.00337151926984,0.0845389338631,-0.282725756547,-0.542195991676,-0.202869124329,0.764809630947,43
0.483381544843,-0.00382933546554,0.0820102233865,-0.345552602358,-0.564422215334,-0.113835965938,0.740987405223,44
0.483332849052,-0.00377401209905,0.0819149384889,-0.347482298947,-0.564854799209,-0.111120422013,0.740167115955,45
0.483433329557,-0.00402207195714,0.0815438826524,-0.35622801178,-0.566749780102,-0.0999536164723,0.736142353714,46
0.483584802934,-0.00394668164409,0.0817579418409,-0.349234066197,-0.564258152003,-0.111629645009,0.73972097933,47
0.483505746126,-0.00414813498443,0.0816620129738,-0.354079204797,-0.565750159792,-0.104879721849,0.73726176991,48
0.483451283592,-0.00416935613915,0.0814372308081,-0.358979188726,-0.567303519509,-0.0976699065984,0.734684454824,49
0.483379039483,-0.00422940516118,0.0814146897532,-0.360383854012,-0.567920561119,-0.0946806480111,0.733910954352,50
0.483331892573,-0.00432202255423,0.0812213867346,-0.365290603961,-0.569383996525,-0.0871385507692,0.731280734143,51
0.483350624985,-0.00427705569661,0.081261211009,-0.364378978102,-0.568970375111,-0.0884841562757,0.73189563918,52
0.483303838908,-0.00431237456697,0.0811759582527,-0.366496893845,-0.569435322452,-0.0851422054769,0.73087224957,53
0.483174147761,-0.00433098630446,0.0808044408335,-0.374990037335,-0.572089226539,-0.0711241544311,0.725973652024,54
0.483140159712,-0.00436037772034,0.0807653979117,-0.375869658364,-0.572160741782,-0.0698123431678,0.725589637623,55
0.483290863484,-0.00410779227433,0.0813045323125,-0.364136845244,-0.569588611625,-0.0868149099642,0.731735158955,56
0.483335373852,-0.00424174426301,0.0811635692685,-0.365841260817,-0.569723129262,-0.0848509602182,0.731010288859,57
0.483483985603,-0.00396325050142,0.0817616113973,-0.352485688655,-0.566110947153,-0.104534148469,0.737797293714,58
0.483243240595,-0.00418601417238,0.0811009537258,-0.367690667523,-0.570385979287,-0.081759299415,0.729916998438,59
0.483259722607,-0.00410889513927,0.0811425178415,-0.366061081329,-0.569973924393,-0.0841980155927,0.730780202536,60
0.483467466837,-0.00392649620718,0.0817776278278,-0.350549186152,-0.565433138278,-0.108152680938,0.738717558903,61
0.483605412221,-0.00381577637508,0.0821592331335,-0.340794660513,-0.56220118785,-0.122638717942,0.743470623903,62
0.483627043798,-0.00384053973822,0.0821267873532,-0.341665379608,-0.562403809554,-0.122011002789,0.743020887038,63
0.48338947612,-0.00414789622295,0.0814035326365,-0.360082777399,-0.568193194581,-0.0950967647643,0.733793903207,64
0.483317915402,-0.00432482954863,0.0812526300706,-0.365033166212,-0.569460682982,-0.0875898225764,0.731295659144,65
0.483492082229,-0.00403751286889,0.0817490109602,-0.351406812817,-0.565788969158,-0.107722883695,0.738100179253,66
0.483420797294,-0.00414774464888,0.0814987011061,-0.357741621652,-0.567299828235,-0.0986393181927,0.735161289738,67
0.483271568057,-0.00426536390915,0.0810818403374,-0.367939318223,-0.570371651637,-0.0826085953936,0.729707240667,68
0.483305118868,-0.00421891274519,0.0811515485064,-0.366308567934,-0.569934986774,-0.0847239162586,0.730625760511,69
0.483528702014,-0.00400688772692,0.0818506689092,-0.350693186387,-0.565548602385,-0.107711240758,0.738625315012,70
0.483362870791,-0.00424331980838,0.0811634296258,-0.365571337828,-0.569302519728,-0.0863736467994,0.73129462676,71
0.483293264574,-0.00421647663173,0.0810351914227,-0.368245269786,-0.570211993051,-0.0813813904779,0.729815575022,72
0.483419661789,-0.00405794278245,0.081467428263,-0.357720877158,-0.567417039431,-0.0971147978463,0.735283886297,73
0.483345898616,-0.00412350412094,0.0812535365163,-0.363554940873,-0.569029541222,-0.0882173146486,0.732291534554,74
0.483422565073,-0.00409622354097,0.0815429008927,-0.356137873283,-0.56675883799,-0.0997248785943,0.736210013083,75
0.483404551784,-0.00409443346568,0.0815617870607,-0.356482109695,-0.567130604105,-0.0983329780196,0.735944297341,76
0.483456362838,-0.00408038861832,0.0816770363539,-0.353606732789,-0.566255969186,-0.10364300861,0.737275106493,77
0.483424294589,-0.00415024646751,0.0816131444973,-0.356398188374,-0.566907948351,-0.100205468139,0.735903915994,78
0.483390678337,-0.00422261282143,0.0814417852463,-0.360932735207,-0.568038423626,-0.0936523388263,0.733681912938,79
0.483435474639,-0.00418544941835,0.0815283363361,-0.359160363064,-0.567796866647,-0.0962629601438,0.734400431872,80
0.483337899551,-0.00430197888588,0.0813160665535,-0.364269215771,-0.569340663681,-0.0885745009726,0.731651354744,81
0.483303193973,-0.00435947657948,0.0811291755387,-0.369132121131,-0.570486920829,-0.0815742194494,0.72913085042,82
0.483351924023,-0.00428323287982,0.0812487046916,-0.366500410382,-0.569810349716,-0.0854661070184,0.730540319966,83
0.483715485095,-0.00385112798089,0.0824403523194,-0.338609708557,-0.561992827594,-0.126492120216,0.743980692308,84
0.483639316783,-0.00389492147875,0.0821791523546,-0.343784317975,-0.563406004482,-0.118875488482,0.741791503771,85
0.483525265545,-0.0039837881658,0.0817396416567,-0.351739194503,-0.565531607141,-0.106946744616,0.738251944929,86
0.483521452496,-0.00384232853283,0.0819045520465,-0.347479578313,-0.564514905375,-0.111849052447,0.740317940976,87
0.483954573243,-0.00339412097976,0.0832034485084,-0.316730010555,-0.554715949273,-0.157114537064,0.753184796899,88
0.483548931249,-0.00392373723681,0.081811203744,-0.349182117693,-0.564727218201,-0.109948284372,0.739639366496,89
0.4834742899,-0.00403333428244,0.0815517629288,-0.354563687761,-0.56615847159,-0.102244640858,0.737085619032,90
0.483556720114,-0.00362289285513,0.082316891633,-0.335736606776,-0.560989026277,-0.128377387378,0.745715421376,91
0.483528070861,-0.00372838111427,0.0821939351847,-0.34067520243,-0.562849083767,-0.121136207528,0.7432814639,92
0.483609583023,-0.00371501218799,0.0824038756549,-0.336420427636,-0.561827554985,-0.127349884549,0.744951744232,93
0.483115407205,-0.0052723767293,0.0805479651929,-0.379847841436,-0.573638359713,-0.0634533162889,0.722930374431,94
0.483380390868,-0.00433061829199,0.0812577775235,-0.36545736602,-0.569574528705,-0.0867394793191,0.731096459162,95
0.48333006616,-0.00434602285041,0.0810800632183,-0.370061001287,-0.570987429627,-0.0797261921269,0.728472336348,96
0.483354191361,-0.0044312140394,0.0809523937807,-0.37340029246,-0.571783875536,-0.0731716187783,0.726829646804,97
0.483284952727,-0.00432448385254,0.0809866622416,-0.372129651302,-0.571351509244,-0.0767161639595,0.727455569567,98
0.483321459266,-0.00424496663939,0.081237238823,-0.365621911273,-0.569268225292,-0.0867146031518,0.731255689394,99
0.483334360588,-0.00420319579794,0.0812813686591,-0.363737297298,-0.569033189658,-0.0888254949142,0.732124606249,100
0.483326526204,-0.00420166591266,0.0813424559741,-0.362089974422,-0.568385437669,-0.0911358282942,0.733159672562,101
0.483417968827,-0.00407071338715,0.0816456401854,-0.354155333852,-0.566147823692,-0.102964860214,0.737189852612,102
0.483412965655,-0.00406320330257,0.0816033186222,-0.35501566289,-0.566359490272,-0.101855233921,0.736767479062,103
0.483315638298,-0.00414911764716,0.0813368371325,-0.361256868752,-0.568269684867,-0.091917489571,0.733562686586,104
0.483525250884,-0.00394697925296,0.0819256917139,-0.34686350299,-0.564136217599,-0.113392670062,0.740660610984,105
0.483443093032,-0.00402132387127,0.0816700407184,-0.353261856174,-0.566154560464,-0.103855238287,0.737488416261,106
0.483433497545,-0.00414998234938,0.0815306578491,-0.357695157701,-0.567503365418,-0.0977601532841,0.735144242191,107
0.483434568198,-0.00418926267937,0.0814870425065,-0.358184699078,-0.567624885948,-0.0976676185337,0.734824296338,108
0.483659316413,-0.00420468606661,0.0816075885775,-0.355173625837,-0.566657213082,-0.101393966142,0.736526009046,109
0.483464085852,-0.00426664635438,0.0810763606092,-0.367803522719,-0.570207666919,-0.0822865029109,0.72994021447,110
0.483513659823,-0.00434120644081,0.0812425260912,-0.365186477937,-0.56950084142,-0.0864232705384,0.731326634455,111
0.483449480849,-0.00438054185541,0.0810962712262,-0.368556499486,-0.570408301973,-0.0812049119659,0.729524665792,112
0.483419420782,-0.00441491142144,0.0810018706979,-0.370136831435,-0.570785994953,-0.0787844160815,0.728694098894,113
0.48326751766,-0.00438400977032,0.0808609661386,-0.372620284039,-0.571529238104,-0.0755093621677,0.727191027268,114
0.483319652287,-0.00426486989942,0.0811218069044,-0.365695776987,-0.569802843937,-0.0855368896117,0.730941008736,115
0.48352316981,-0.00399141504337,0.0818372112997,-0.349368472469,-0.565327757573,-0.109471840167,0.739163116756,116
0.483355017221,-0.00413491906377,0.0814301721639,-0.358535376939,-0.567707188322,-0.0955381505025,0.734869643957,117
0.483415438761,-0.00398427121322,0.0817168312272,-0.352148709298,-0.566245278913,-0.104704976794,0.737830901008,118
0.483379572429,-0.00405863965053,0.0815930394738,-0.355181312627,-0.566650505041,-0.10124448732,0.736548025647,119
0.483419041751,-0.00407239216352,0.0816303146627,-0.354295454955,-0.566235899068,-0.103291184231,0.737009205143,120
0.483487140153,-0.00404422701352,0.0817834194973,-0.35063455752,-0.56520127208,-0.108597964808,0.738789152026,121
0.483373270845,-0.00415446758786,0.0814826311994,-0.358561598573,-0.567598690703,-0.0968065277611,0.734774661052,122
0.483324243048,-0.00422915785033,0.0812855092475,-0.363907425247,-0.56923944225,-0.0890249084051,0.731855456303,123
0.483409713204,-0.00433339453172,0.0812415249534,-0.365686905105,-0.569749394907,-0.085082800148,0.731040102564,124
0.483430554895,-0.00433497010962,0.0812768924089,-0.365156941136,-0.569666211082,-0.0860162055512,0.731260575086,125
0.483196373845,-0.00444593767906,0.080788050054,-0.37672898916,-0.572899133157,-0.0693031868421,0.724609495003,126
0.483165023682,-0.00508507548655,0.0803837927775,-0.385325231932,-0.574862929917,-0.0537832685138,0.719836396324,127
0.483412832088,-0.00438260010859,0.0810798540539,-0.367595253683,-0.57004697235,-0.0825750254328,0.730138030758,128
0.483252233726,-0.00435752046117,0.080905787032,-0.371057960978,-0.57118000167,-0.0773446051302,0.728070880715,129
0.48337128939,-0.00419707880741,0.0812379094713,-0.362490961725,-0.568746250091,-0.0898499594506,0.732840358101,130
0.483326675931,-0.00421163893288,0.0811536977541,-0.3646245073,-0.569276147582,-0.0867546615035,0.731742622223,131
0.483468622818,-0.00399008808382,0.0816708433544,-0.35260122803,-0.566178878316,-0.104514384301,0.737692751229,132
0.483606091768,-0.00386005713238,0.0820573670621,-0.343185156926,-0.563302943936,-0.118573109552,0.742195499252,133
0.483379964454,-0.00380710766693,0.0819341997766,-0.345809504421,-0.564116799271,-0.11391001488,0.741088747683,134
0.48336867544,-0.00377391449675,0.0820043572108,-0.344962193016,-0.564287675779,-0.11501426416,0.741182989142,135
0.483423605953,-0.00371907149845,0.082227826317,-0.340615817024,-0.563358189251,-0.121040627532,0.742938478128,136
0.483401857623,-0.00408037458681,0.0815335755807,-0.356328574538,-0.566947798543,-0.100332970379,0.735889554043,137
0.48350839753,-0.00415154501961,0.0815276763034,-0.357408801185,-0.567004267615,-0.0979536163436,0.735642711095,138
0.483470974203,-0.00413336475945,0.0814446777471,-0.360312551786,-0.568105316103,-0.093188700765,0.733993924287,139
0.483462413772,-0.00405854307329,0.0816211002717,-0.355010842721,-0.56675987121,-0.102316063408,0.736397971959,140
0.483307258289,-0.0043641089763,0.0810689424884,-0.369384687973,-0.570984055902,-0.0807951704618,0.728700418984,141
0.483372687007,-0.00428095769385,0.0812457016162,-0.364956656003,-0.569412465428,-0.0877811617225,0.731348447117,142
0.483669023336,-0.00372711442222,0.0824942666673,-0.33417580536,-0.560900098678,-0.130120324117,0.746181152045,143
0.48362092724,-0.00365363548947,0.0825038775882,-0.333776611512,-0.560815166113,-0.131875556514,0.746115514287,144
0.483426377871,-0.00367625348887,0.0821347550254,-0.341271554795,-0.56294418735,-0.119827578336,0.7431479794,145
0.483369435919,-0.0041179616124,0.0813797700197,-0.359499473225,-0.567623397855,-0.0948159076742,0.734556839605,146
0.483519170657,-0.00388458007186,0.0818475774102,-0.348258778028,-0.565020817812,-0.11050979938,0.739766776225,147
0.483247100587,-0.00376647354659,0.0817115296372,-0.350857489679,-0.566207820174,-0.105239331503,0.738398543752,148
0.483293269632,-0.00381406562241,0.0817420617509,-0.350239907589,-0.565653455011,-0.107217603331,0.738831889879,149
0.483020277008,-0.00483314508191,0.0809258485106,-0.368829414358,-0.571219679852,-0.0785463425006,0.729042805694,150
0.483309041401,-0.00483943487132,0.081303169261,-0.361487802325,-0.569291670399,-0.0905231793168,0.732829527783,151
0.482948759626,-0.00534785678184,0.0802501440176,-0.386163485997,-0.575164657733,-0.053457358327,0.719170139409,152
0.48328501417,-0.00496598596617,0.0809505642056,-0.37186748477,-0.571487904147,-0.0763218555354,0.727523967682,153
0.483452300588,-0.00439884245924,0.0811780128904,-0.365285875122,-0.569372641987,-0.086224249767,0.73140030267,154
0.483377619076,-0.00506829171567,0.0809710857674,-0.371078654043,-0.571088341763,-0.07679691467,0.72819020339,155
0.483428472474,-0.00434506758545,0.0811704560494,-0.365781482113,-0.5697810116,-0.0850968883899,0.730966501113,156
0.483308315914,-0.00429542333027,0.0811196759079,-0.367571466926,-0.570292065641,-0.0837020674391,0.729830213457,157
0.483293153323,-0.00429168266692,0.0811074817923,-0.367240578073,-0.569909062394,-0.0845493250873,0.730198212847,158
0.483438204657,-0.00411414707684,0.0815421087478,-0.356666828367,-0.566894921584,-0.0997759474232,0.73584215817,159
0.483368223497,-0.00414762343536,0.0814091050555,-0.360094399034,-0.56786875847,-0.0944015329153,0.734129040102,160
0.483666267213,-0.00370359422042,0.0823554065013,-0.33773929134,-0.561892260877,-0.126602220655,0.744433432872,161
0.483517322443,-0.00388412465032,0.0818416128483,-0.350456713991,-0.565767320831,-0.107752965435,0.738563963877,162
0.483601393199,-0.00379500144611,0.0821306969466,-0.343134747675,-0.563881363299,-0.117826321005,0.741898450693,163
0.483536800784,-0.00393918883767,0.0819082476422,-0.348725527096,-0.565292047444,-0.10970759569,0.739459026111,164
0.483533115637,-0.00394270669533,0.0818791957784,-0.349214335851,-0.565575977681,-0.109059771047,0.739106979703,165
0.48330563938,-0.00420747244268,0.081180795299,-0.365104228511,-0.569826030173,-0.0858124196878,0.731186314346,166
0.483402215229,-0.00430171065642,0.0810662795928,-0.368164012704,-0.570346247968,-0.0816510260433,0.729721540812,167
0.483440917937,-0.00431703024706,0.0811356018972,-0.366507925685,-0.570028556022,-0.0837680838145,0.730562997874,168
0.483319712285,-0.00451642950052,0.0807943613203,-0.375384370048,-0.572005094825,-0.0710523959072,0.725843167119,169
0.483430202265,-0.00441628664565,0.0810729781127,-0.368015882734,-0.570370008569,-0.081812092348,0.729759648739,170
0.483337160811,-0.00433005822731,0.0811351884939,-0.367474881871,-0.570145312452,-0.0838502052722,0.729976490689,171
0.48331968523,-0.00435565584532,0.0810980913316,-0.367573628768,-0.569955675734,-0.0840719680265,0.730049354034,172
0.483552442259,-0.00415861243213,0.0816377380937,-0.353639397415,-0.565581616339,-0.105580809284,0.737502070889,173
0.483515751108,-0.00412310408412,0.08169219237,-0.351904636993,-0.56539230304,-0.107167151562,0.738247838976,174
0.483170913977,-0.00509585593937,0.0808735705248,-0.370238960962,-0.570758696977,-0.0783923224168,0.728705884014,175
0.48347348925,-0.00408023617756,0.0816893419518,-0.352683113504,-0.565767002313,-0.105837755306,0.737780922832,176
0.482967998103,-0.00512478339648,0.0804966318336,-0.379608844973,-0.573690293701,-0.0625451715827,0.723093820499,177
0.483678898097,-0.00375796454345,0.0824064032412,-0.336646069121,-0.561683015722,-0.127825076172,0.744877415348,178
0.48362684411,-0.00379489411588,0.0822321660605,-0.341784320316,-0.563267351231,-0.120459051321,0.742565139485,179
0.483480096868,-0.00395745293679,0.0818097617759,-0.352162839222,-0.566393053976,-0.104981671558,0.737671398196,180
0.483595652056,-0.00396919084519,0.0818344119588,-0.35121263922,-0.565959194869,-0.106283905381,0.73827068427,181
0.483375147758,-0.0042521638183,0.0811431047731,-0.367633823086,-0.570162505251,-0.0821859659561,0.730072295549,182
0.483095411733,-0.00434781814615,0.0806483221667,-0.378921377468,-0.573359950064,-0.0651904117412,0.723482665706,183
0.483328209946,-0.0042505607748,0.0809531954414,-0.371363831496,-0.571004400043,-0.0767893062409,0.728111449048,184
0.483503988421,-0.00406757770104,0.0814134181062,-0.359716034016,-0.56795009562,-0.0945745345956,0.734229338261,185
0.483349977424,-0.00428645792002,0.0808616599816,-0.371797505113,-0.571030552555,-0.076736632624,0.727875135208,186
0.483396316526,-0.00410541429875,0.081322728918,-0.36079791503,-0.567951423096,-0.0939509550297,0.733777393739,187
0.483151848263,-0.0050597945102,0.0806845939189,-0.374030930305,-0.57187468653,-0.0724810583664,0.726503064178,188
0.483397740708,-0.00411878560014,0.0813513122093,-0.360329424655,-0.567980655507,-0.0942671465359,0.733944402378,189
0.483557789216,-0.00400743805707,0.0818490164756,-0.34873145647,-0.564305252032,-0.111851842614,0.7398885856,190
0.483391603885,-0.00413473525114,0.0813821243898,-0.359767377256,-0.567829326141,-0.0947930188854,0.734269415275,191
0.48333948717,-0.00414481540164,0.0813078735201,-0.362212348144,-0.5684634205,-0.0910958248967,0.733043726589,192
0.483342485435,-0.00411100857487,0.0813973574927,-0.360110753236,-0.56820264492,-0.0935101957737,0.733976731918,193
0.483370435575,-0.00412939834839,0.0813961178264,-0.360165677244,-0.568205257074,-0.0936230132901,0.733933377188,194
0.483647344706,-0.00390254132495,0.0822356055632,-0.341625145196,-0.563073428365,-0.120870731503,0.742718547436,195
0.483410026051,-0.00415881332481,0.0815096750297,-0.357946374101,-0.567528221593,-0.0971195138472,0.735087689323,196
0.483265186488,-0.00427580875631,0.0810950411361,-0.368045394297,-0.570587323407,-0.0815916713853,0.729599543082,197
0.483361967794,-0.00432201992112,0.081071345958,-0.368061804621,-0.570607129768,-0.0808382231021,0.729659641972,198
0.483246176707,-0.00431054138887,0.0807674258895,-0.374789476486,-0.572149749488,-0.0710781894225,0.726034023627,199
0.483314773797,-0.00426910890238,0.0808642822583,-0.372111128869,-0.571378515142,-0.0753764454826,0.727583872603,200
0.483477914371,-0.00409754012539,0.0813215053727,-0.360570574475,-0.568147128251,-0.0935225273737,0.733792367333,201
0.483204154425,-0.0042748605149,0.0808482478999,-0.372872834256,-0.571550148618,-0.0747633463912,0.72712221746,202
0.483199967669,-0.00425362738477,0.0808646804784,-0.372014280155,-0.571585950525,-0.0755496681512,0.727452489284,203
0.483438059425,-0.00417968622091,0.0812705935568,-0.361511312208,-0.568487444667,-0.0917032288117,0.73329537993,204
0.483412604152,-0.00402375918416,0.0815135417951,-0.357132268969,-0.567040435328,-0.0990973975795,0.735595944087,205
0.483358453481,-0.00411326711742,0.0813715256651,-0.361041345459,-0.56816807552,-0.0930154643612,0.733609097693,206
0.483451452189,-0.00411579681925,0.0816464507553,-0.355178614687,-0.566524700806,-0.102382586748,0.736488778582,207
0.483345359663,-0.0041998692494,0.081376837202,-0.361911899059,-0.568632002453,-0.0915057746076,0.733010311196,208
0.483322163884,-0.00424785466032,0.0812713481458,-0.364564686565,-0.569490704958,-0.0872408143247,0.731547651621,209
0.48349723162,-0.00406052067856,0.0817926351664,-0.351576756317,-0.565636099364,-0.107150017539,0.738219791969,210
0.483399992274,-0.00419219130179,0.0814073568448,-0.36022182523,-0.568120986283,-0.0943713123345,0.733875218944,211
0.483375040549,-0.0041651091137,0.0813976493821,-0.359946178863,-0.568258307015,-0.0943686158393,0.73390449595,212
0.483385135915,-0.00421641431903,0.0813427804342,-0.361105806451,-0.568217582453,-0.0929220434511,0.733550863526,213
0.483503163041,-0.0041435684229,0.081566007437,-0.355639175254,-0.566764978558,-0.101053263483,0.736265219907,214
0.483499973566,-0.00415456858947,0.0815463679751,-0.355671163819,-0.566827469211,-0.101161627141,0.736186775601,215
0.483490977538,-0.00411359154806,0.0815967253919,-0.354735251237,-0.566599587374,-0.102481466156,0.736631086916,216
0.483399224821,-0.00417300302792,0.0813098289961,-0.361834272486,-0.5688250988,-0.0914643952709,0.732903970946,217
0.483245935945,-0.00418569630862,0.0810254022047,-0.368886950247,-0.570682503906,-0.0806988563588,0.729199281579,218
0.483304125828,-0.00411967812591,0.0812264376515,-0.36473142737,-0.569405765277,-0.0870317886807,0.731555553678,219
0.483217388992,-0.00421245841317,0.0810245504864,-0.37040476226,-0.570890656905,-0.0784646958038,0.72851044019,220
0.48356669602,-0.00367135655988,0.0823389415125,-0.337931027923,-0.562369010163,-0.124121009476,0.744404252931,221
0.48346444751,-0.00356408562789,0.0825026958868,-0.335352828783,-0.561606358496,-0.128339698745,0.745429876012,222
0.483522900679,-0.00360143670333,0.0824252248493,-0.337539977152,-0.562602486534,-0.12353720762,0.744502360173,223
0.483756163696,-0.00370537889376,0.0825358963225,-0.335117035808,-0.560999067126,-0.131066126774,0.745518805536,224
0.483698249534,-0.00377681684233,0.0823657860845,-0.33900400234,-0.561875003431,-0.125688321183,0.744026352245,225
0.483763500902,-0.00372107625582,0.0825151649059,-0.335374777489,-0.560830226363,-0.130759347145,0.745583804113,226
0.483392515638,-0.00410108089801,0.0814526926217,-0.358320366573,-0.567180886736,-0.0975665476726,0.735114362121,227
0.483527535022,-0.00399402535102,0.0818222881214,-0.348565233048,-0.564496291171,-0.112012441797,0.739796883237,228
0.483390760204,-0.00406135779613,0.0813972620974,-0.359014091195,-0.56761900035,-0.0962350535427,0.734613073145,229
0.483389099279,-0.0040749818226,0.0813642628602,-0.359440007932,-0.567854001709,-0.0953480262271,0.734338796017,230
0.483503182023,-0.00410839864289,0.0813582212349,-0.358631216172,-0.567799973003,-0.095852307458,0.734710267112,231
0.483312901951,-0.00426373789322,0.0810306366482,-0.368323110622,-0.570584323448,-0.0818733030666,0.729430173671,232
0.483344165215,-0.00416502557534,0.0811501713165,-0.365202065734,-0.569650931785,-0.0869018787544,0.731145218523,233
0.483278327222,-0.00433646851487,0.0809763076887,-0.370510474163,-0.571148714986,-0.0785853236359,0.728241361647,234
0.483960678071,-0.00381083585979,0.0827580836704,-0.329640601122,-0.559214922519,-0.138633182788,0.747928195186,235
0.483558603932,-0.00393659361824,0.0818879268629,-0.350921625185,-0.566044774894,-0.107235076264,0.738205909087,236
0.483440058767,-0.0039554712251,0.0816513272028,-0.355599175738,-0.567370213361,-0.0998375675498,0.735984189579,237
0.483628679889,-0.00390887557721,0.0820258331455,-0.346607360958,-0.564592501018,-0.113325359073,0.740443116056,238
0.483429877905,-0.00402420187922,0.0815909037754,-0.355067598525,-0.566437818665,-0.101268810229,0.736763073272,239
0.48346092248,-0.00399289671189,0.0816732325812,-0.353360671718,-0.566033551767,-0.103893183317,0.737528616677,240
0.483461035937,-0.00396727884557,0.0816754123427,-0.353309234971,-0.565966549371,-0.104101259669,0.737575336635,241
0.483532977554,-0.00390774223607,0.0819484275612,-0.346394783509,-0.563956556671,-0.114449303154,0.740854245552,242
0.483513217731,-0.0039405482374,0.0818996667831,-0.34764292827,-0.564410673781,-0.112955845565,0.740152661752,243
0.483402437793,-0.00400833896331,0.0815685535219,-0.355920559444,-0.566973447717,-0.100358374694,0.736063761897,244
0.483288173867,-0.00412681402553,0.0812722961599,-0.362880124408,-0.568837185085,-0.0902698437419,0.732525513198,245
0.48323014238,-0.00423960697909,0.0810337743033,-0.368623169282,-0.570305438375,-0.081723163418,0.729513530094,246
0.483357272974,-0.00425637337761,0.0812556884175,-0.363356468199,-0.568865817356,-0.0900168199531,0.732298252755,247
0.483211362331,-0.00439810375715,0.0808512934291,-0.374003524718,-0.571989913177,-0.0733663350059,0.726337582402,248
0.483297095358,-0.00428442460627,0.0811135046615,-0.367820670753,-0.570581333425,-0.0823215981869,0.729635560116,249
0.484493078902,-0.00342631849154,0.0850559443035,-0.271072337561,-0.537038560392,-0.220069167758,0.767905550093,250
0.483437568102,-0.00380268406192,0.0820745314763,-0.34533448575,-0.564855613639,-0.113953078634,0.74074079445,251
0.483479454053,-0.00375837047323,0.0821804942531,-0.342623098229,-0.563699875632,-0.117954317533,0.742252411076,252
0.484379416014,-0.00335584081052,0.0847742292053,-0.276392977284,-0.539317375337,-0.211851410404,0.766722029603,253
0.483473392229,-0.00374847290204,0.0821084860957,-0.342562799895,-0.563295936122,-0.118080411293,0.742566786859,254
0.483535666899,-0.00365880066083,0.0823403397432,-0.337222152182,-0.561744522073,-0.12568845677,0.744934039921,255
0.483727750593,-0.00349216490644,0.0827500378129,-0.326010191105,-0.557839239898,-0.142587768528,0.749800950914,256
0.483705767552,-0.00346832687785,0.0828314187366,-0.324293101842,-0.557393693523,-0.144850665203,0.750442895435,257
0.483861141787,-0.00363186110706,0.0828190098329,-0.326305740638,-0.558091938393,-0.14305506715,0.749395222623,258
0.483299857095,-0.00433609745294,0.0810452837486,-0.36890917576,-0.570110384113,-0.081724624668,0.72952125102,259
0.483381721305,-0.0043022320287,0.0812475754747,-0.364325256387,-0.568639732803,-0.0893788166072,0.732070617481,260
0.483693276006,-0.00391303769504,0.0823375091705,-0.340850654008,-0.562659598291,-0.123440901508,0.742965242759,261
0.483668898019,-0.00393858665864,0.0822715378492,-0.342333174793,-0.563399584586,-0.120593263096,0.742190117436,262
0.483218345117,-0.00427732371503,0.081042555824,-0.370410606156,-0.570983418135,-0.0790522082902,0.72837124286,263
0.483471297689,-0.00368063370485,0.0823106580032,-0.340840515984,-0.563521724157,-0.119193354869,0.743010062665,264
0.483518678509,-0.00355406595883,0.0826330131033,-0.332907338437,-0.560860296359,-0.131648319542,0.746509981142,265
0.48352175537,-0.00355100332114,0.0825765402771,-0.333346105236,-0.560889643395,-0.131075946649,0.746392844464,266
0.483546031535,-0.00390471666606,0.0820017824508,-0.347519313787,-0.565050039246,-0.111765937101,0.739903476811,267
0.483671521937,-0.00383764072861,0.082239908489,-0.341006990019,-0.562805035873,-0.121270729897,0.743140723164,268
0.483436550565,-0.00413682645922,0.0814670471789,-0.357303932575,-0.566983832014,-0.0982490441192,0.735670007089,269
0.483371686799,-0.00420578597235,0.0812116312793,-0.362830544185,-0.568537951799,-0.0900352322771,0.732811197049,270
0.483378279536,-0.00421752207096,0.0812409477206,-0.362538057188,-0.568496744258,-0.0907792009442,0.732896135571,271
0.483335707331,-0.00427784623625,0.081073958792,-0.366681014552,-0.569539635467,-0.0851784621714,0.730694373033,272
0.483363513774,-0.00435877234845,0.0808645322517,-0.372339690516,-0.571382641731,-0.0756618254616,0.727434065577,273
0.483417827442,-0.00422023106371,0.0812673832561,-0.36357682632,-0.568907870602,-0.0901097389551,0.73214476784,274
0.483573467815,-0.00366694095104,0.0825533458321,-0.333296702494,-0.561077676662,-0.131390848709,0.746218194454,275
0.483407400655,-0.00378771483373,0.0820830606083,-0.346091047709,-0.56532957201,-0.112546017817,0.740241079365,276
0.483359073588,-0.00381275586275,0.0820927886795,-0.345802966257,-0.565087668591,-0.113096689655,0.740476450755,277
0.483349411857,-0.00425042818517,0.0813577208228,-0.362675576085,-0.568992351877,-0.0904528386645,0.732483729508,278
0.483356701823,-0.00427380492555,0.0811330133196,-0.366678281803,-0.569718739211,-0.0852289917508,0.730550213751,279
0.483415236505,-0.00415875413422,0.081362102997,-0.361081621432,-0.568060497934,-0.0938564266637,0.733565473919,280
0.4835066118,-0.00391329813229,0.0819557705463,-0.346676733472,-0.564123564435,-0.114165101345,0.740639032291,281
0.483472733786,-0.00389483990069,0.0818351469552,-0.348944658038,-0.565075969897,-0.10986783434,0.739497013415,282
0.483690156178,-0.00379444315468,0.0823317713156,-0.336257137286,-0.560667817499,-0.12917498307,0.745584710006,283
0.483420443529,-0.00403593830775,0.0815080618994,-0.356423781344,-0.566747856593,-0.0997006661652,0.736083373203,284
0.483403955422,-0.00363013359024,0.0820894102801,-0.342995026279,-0.563628842086,-0.116860747434,0.742307554876,285
0.483467212566,-0.00362141626161,0.0821763710558,-0.340985352669,-0.562967655879,-0.120437081129,0.743163048858,286
0.483607498428,-0.00371029046204,0.0821843522503,-0.341042316813,-0.562833837946,-0.120791987875,0.743180667584,287
0.483313344243,-0.00438483325674,0.0807779413744,-0.374756596746,-0.572069111347,-0.0713513310179,0.726087744423,288
0.483407067786,-0.00425755782106,0.0812724687658,-0.363762001902,-0.568991714411,-0.0888459213516,0.732142088097,289
0.483407854847,-0.0042594328032,0.0813080856685,-0.363707427687,-0.56914619048,-0.0888760751233,0.732045465923,290
0.483391489451,-0.00426065435257,0.0813221082319,-0.363294332476,-0.569223955128,-0.089253290116,0.732144225616,291
0.483434460514,-0.00419129261277,0.0815817625142,-0.35691599069,-0.567258536544,-0.0992618052487,0.735510586141,292
0.483861485878,-0.00378764115307,0.0826736990251,-0.331895592644,-0.560195508927,-0.135573940786,0.746756997919,293
0.483666727669,-0.00379175826291,0.0822795199756,-0.340514578274,-0.562663671879,-0.123147152821,0.743164983757,294
0.483549946821,-0.0039546355435,0.0819773527451,-0.345539493245,-0.563718289146,-0.115786230445,0.741227156768,295
0.483494631867,-0.00400128803479,0.0817635430684,-0.350231325105,-0.564830247459,-0.109416015702,0.739143386616,296
0.483767394492,-0.00380991214739,0.0824718730348,-0.332637493107,-0.559342623076,-0.135170708977,0.747139215692,297
0.483588023363,-0.00393224604644,0.0819399982861,-0.34496097676,-0.563156258813,-0.117274838801,0.741689668835,298
0.483407122609,-0.00408586922094,0.0813164134048,-0.360395581418,-0.568032627772,-0.0940956289175,0.733893705723,299
0.483652209301,-0.00376630719708,0.0822859304941,-0.339057461709,-0.562232230658,-0.12462605701,0.743910816149,300
0.484521184554,-0.00366792190654,0.0840195909354,-0.292093724834,-0.545203441601,-0.190608911319,0.762300928836,301
0.484594851793,-0.00366692999669,0.0842725125983,-0.286106748454,-0.543194597917,-0.197927412819,0.764138270562,302
0.484589765005,-0.00343545297927,0.0852770138058,-0.263461357719,-0.5350491325,-0.226708005732,0.770009103152,303
0.483409735008,-0.00373646145272,0.0819333415527,-0.349165406359,-0.565620211594,-0.107693360934,0.739296581386,304
0.48473888994,-0.00350978417771,0.085296137249,-0.263249594875,-0.534510441366,-0.227500639486,0.770221849795,305
0.484529590845,-0.00360582180539,0.084533754492,-0.281315914593,-0.541475377729,-0.204886931243,0.765301977599,306
0.484621190517,-0.00365830898473,0.0847758776967,-0.274972628534,-0.539415559395,-0.212818665152,0.766895771016,307
0.48332340974,-0.00409912004864,0.0813377148537,-0.362069730056,-0.56904358147,-0.0904366559861,0.732745606756,308
0.483462465217,-0.00393716389288,0.0818028166133,-0.350708393316,-0.565816540363,-0.107246870881,0.738480449434,309
0.483511638996,-0.00393243184579,0.0818516706704,-0.348645960708,-0.564931568392,-0.110660573816,0.739630011911,310
0.483486325369,-0.00401246364615,0.08167482436,-0.352845608123,-0.565897938421,-0.105140354704,0.737702518589,311
0.483620188403,-0.00392230715677,0.0819664167933,-0.34477572676,-0.563224810227,-0.117670850521,0.741661029258,312
0.483804328001,-0.00340428514155,0.0832011474197,-0.31593561014,-0.554759308607,-0.156432318942,0.753628376157,313
0.483500719048,-0.00353344697527,0.0825239848036,-0.332241507274,-0.560688744632,-0.132198908765,0.746838108969,314
0.483586676341,-0.00352189064373,0.0827735625637,-0.327008622755,-0.559001646059,-0.139961300702,0.74899489628,315
0.483289227528,-0.00433039375101,0.0810817046155,-0.36795462772,-0.570229493131,-0.0827431488262,0.729795374352,316
0.483748298785,-0.00382701488023,0.0824335344918,-0.337952008998,-0.562135875625,-0.126570328437,0.744158349351,317
0.483386320818,-0.00420839934194,0.0813232000272,-0.362921072903,-0.568797184589,-0.0906365011625,0.732491011756,318
0.483533567141,-0.00392111549521,0.0820059145242,-0.347788971486,-0.56509256766,-0.112045851783,0.739701932124,319
0.483362678915,-0.00416635130432,0.0813326171733,-0.362331008427,-0.568883868888,-0.0905409592742,0.732727588361,320
0.48337918111,-0.0041231445915,0.081430076685,-0.359725821738,-0.568290031717,-0.0940699537215,0.734026305273,321
0.483400916341,-0.00408993276496,0.0814284034886,-0.359593644741,-0.568031818795,-0.094579668402,0.734225408048,322
0.48333884991,-0.00412643710646,0.081427067619,-0.360146203008,-0.568349135249,-0.093763623133,0.733813570259,323
0.483224793763,-0.004248508478,0.0810718852456,-0.368461796397,-0.570685152864,-0.0808205593481,0.729398655114,324
0.483332571077,-0.0042235504155,0.0812579801114,-0.363741411191,-0.569246193605,-0.0883468476626,0.732014884657,325
0.483329083866,-0.00423870372081,0.0812068474282,-0.364815937963,-0.569495985853,-0.0868698625427,0.731462425889,326
0.483305733222,-0.00425445514509,0.0811989565839,-0.365658750739,-0.569632463176,-0.0862957260328,0.731003134448,327
0.483356041673,-0.00422334140926,0.0813372367334,-0.362094982034,-0.568813949974,-0.0913200057552,0.732801863296,328
0.483258537615,-0.00434594892345,0.0810189010925,-0.370111603253,-0.571004919046,-0.079477495314,0.728460095888,329
0.483445359889,-0.00420465176429,0.0814536810999,-0.358986746813,-0.567950076503,-0.0963801378073,0.734351479367,330
0.483417623488,-0.00427804641876,0.0813513867913,-0.361871846569,-0.568422172654,-0.0923048174686,0.733092641463,331
0.483422786197,-0.00418377472082,0.0814008694917,-0.360694156176,-0.568291610095,-0.0937196624656,0.73359457227,332
0.483395953851,-0.00416288726172,0.0814306753271,-0.35998090837,-0.567991595693,-0.0951466402697,0.733993467053,333
0.483801993926,-0.00366510520751,0.0827512013751,-0.327961803792,-0.558530665225,-0.140637461207,0.748802815007,334
0.483397678597,-0.00414307902461,0.0814204369924,-0.359412484373,-0.56786369093,-0.0950288741461,0.734386143441,335
0.483638102432,-0.00373928298014,0.0822498985711,-0.338957830875,-0.56206037011,-0.124168003389,0.744162640942,336
0.483329040767,-0.00413051150453,0.0811910817274,-0.362855126968,-0.568644406114,-0.0896555210704,0.732762979257,337
0.483291527243,-0.0041331001907,0.0811522510607,-0.364358578699,-0.569451105548,-0.0863116044063,0.731791344211,338
0.48346598131,-0.00400917772846,0.0815786736225,-0.354076749947,-0.56632829681,-0.102520129923,0.737150960347,339
0.483417656574,-0.00418943478281,0.0813739668916,-0.360068044434,-0.568075788422,-0.0937545453462,0.734064702334,340
0.483340499968,-0.00425792052084,0.0811855919415,-0.365474100718,-0.569990387944,-0.0856978328801,0.730886804365,341
0.483412098054,-0.00421068831605,0.0813921432223,-0.361533928726,-0.568623118924,-0.0921793828818,0.733119313876,342
0.483512758105,-0.00426264998498,0.0813838716335,-0.362075477858,-0.568901235977,-0.0905681435081,0.732837051069,343
0.483398654024,-0.0041909676235,0.0814441658428,-0.361432183861,-0.568721870546,-0.0926855447301,0.733029058244,344
0.483466063261,-0.00409182415461,0.0816868184388,-0.355242597371,-0.567111920486,-0.101865125329,0.736077620158,345
0.483555408084,-0.00396837430401,0.081794885933,-0.351766376168,-0.56601271572,-0.105302019207,0.73810670434,346
0.483387402446,-0.0042298389513,0.0812909565206,-0.364143969489,-0.569385738877,-0.08753004692,0.731804304944,347
0.483464461806,-0.00406828576938,0.0815508200679,-0.356631931214,-0.567080588511,-0.0984287420949,0.73589744836,348
0.483499216767,-0.00393808783543,0.0817926685208,-0.350177842141,-0.565103777228,-0.10943686081,0.738956543602,349
0.483672908127,-0.00372632233631,0.0824013145703,-0.335644751625,-0.560989990361,-0.129916613314,0.745489439903,350
0.483435184943,-0.00410142946076,0.0814743187999,-0.356903919532,-0.566887971063,-0.0998139871184,0.735727387327,351
0.483465982135,-0.00405721957165,0.0816047260867,-0.35419436538,-0.566128870633,-0.103447785831,0.737118042769,352
0.483512510087,-0.00401947054129,0.0816631986263,-0.352810793903,-0.565528858449,-0.105786908313,0.737909739736,353
0.483482102571,-0.00403983846077,0.081620158106,-0.354082449446,-0.565988459946,-0.103410365316,0.737284869333,354
0.483485107043,-0.00406806387602,0.0815891679472,-0.354970745914,-0.566625090319,-0.101870360132,0.736582789843,355
0.483490577349,-0.00405954124278,0.0815389542406,-0.356479473655,-0.567207111256,-0.0993873232462,0.735744954302,356
0.483485833117,-0.00409986730881,0.0815101439265,-0.357327297335,-0.567455642193,-0.0985007872408,0.735261104395,357
0.483541466435,-0.00407503303542,0.0816276497069,-0.354793737675,-0.566676742507,-0.102369985398,0.73655906708,358
0.483623726133,-0.00422573484596,0.0814897176861,-0.358388835894,-0.567709796129,-0.0962429447016,0.73484714416,359
0.483376754561,-0.00428429734628,0.0809732376902,-0.369944221307,-0.570986587383,-0.0786583610944,0.728648373621,360
0.48345087747,-0.00432642294093,0.0811667404786,-0.367375116845,-0.570292976905,-0.0825477910461,0.730059796324,361
0.483494622222,-0.00421947504698,0.0812754009963,-0.363910472418,-0.56911747734,-0.088429594049,0.732020950483,362
0.483466982632,-0.00413148934874,0.0815235824492,-0.357089127648,-0.567240560681,-0.0992324084628,0.735444376105,363
0.483447562144,-0.00407238305332,0.0815454678427,-0.356215911344,-0.566925516422,-0.100310347306,0.735964345304,364
0.483497708038,-0.00396207541214,0.0817326792005,-0.351239681557,-0.565439050392,-0.107856493578,0.738428292514,365
0.484494006629,-0.00360118549409,0.0845128465077,-0.28092565506,-0.541154207555,-0.205408589593,0.765532632418,366
0.484514568721,-0.00360838264649,0.084518673648,-0.280938428406,-0.541199578138,-0.20554082021,0.765460376045,367
0.484488790348,-0.003606487056,0.0845195595481,-0.281624289483,-0.541276737649,-0.205178674631,0.765250915929,368
0.483531252095,-0.00391629514644,0.0819343435861,-0.347398953849,-0.564393292377,-0.113198843567,0.740243338504,369
0.483547519565,-0.0038970336095,0.0819917695724,-0.345997771296,-0.564028057698,-0.115129505423,0.740879942615,370
0.483441699904,-0.00398356603568,0.0816087188055,-0.355727274846,-0.566888716777,-0.10080970176,0.736160779146,371
0.483364630319,-0.00410106336823,0.0813871282882,-0.360139140918,-0.568226426993,-0.0943346876314,0.733838874383,372
0.483384875636,-0.00407777675715,0.0814029603909,-0.359535557316,-0.568107433059,-0.0952597494757,0.734107422424,373
0.483365108195,-0.0040525569857,0.0813294558318,-0.360910914936,-0.568949226895,-0.0919612311012,0.73320066876,374
0.483356529176,-0.0040641567669,0.0812329777223,-0.36309109861,-0.569619836005,-0.0887709144622,0.731995779554,375
0.483561818477,-0.00424432302704,0.0812296894941,-0.363096155098,-0.568764737413,-0.0902105043549,0.732482027447,376
0.483518851767,-0.0041551826258,0.0811359320839,-0.363860503824,-0.568879441318,-0.0889571717463,0.732166877561,377
0.483469635887,-0.00417984602325,0.0812552736574,-0.361812643347,-0.568770373485,-0.0917934796222,0.732915977762,378
0.483376509045,-0.00421575348151,0.0811298118138,-0.364918102234,-0.569529974958,-0.0868829612855,0.731383440696,379
0.48339135562,-0.00418326570236,0.08121155838,-0.363336873651,-0.56930542151,-0.0893204724891,0.732051573647,380
0.48338611848,-0.00410788670675,0.0813183061181,-0.361807041074,-0.568806094069,-0.0915633095033,0.732919813303,381
0.483374790772,-0.00407956224538,0.0814459924403,-0.359430126598,-0.568138214842,-0.0949907075911,0.734170088196,382
0.483414952237,-0.00400486125884,0.0816174001787,-0.355766089374,-0.567151080766,-0.100265502862,0.736014245904,383
0.483512503541,-0.00392109308712,0.0820180108305,-0.345976408586,-0.564141419186,-0.115000976263,0.74082356828,384
0.483465888584,-0.00399619171302,0.0819326044162,-0.34926275862,-0.565171183048,-0.110186852746,0.739226566605,385
0.483725578717,-0.00380088299126,0.0825875185893,-0.334225937037,-0.560578362881,-0.132647714627,0.745955431568,386
0.483462688281,-0.0040628550788,0.0818667286607,-0.350829581376,-0.565604357423,-0.108228893339,0.738442159104,387
0.483358441138,-0.00416334335508,0.0814623005142,-0.360253204045,-0.568085653487,-0.094680972835,0.733847281565,388
0.483288766855,-0.00427385016236,0.0811419031056,-0.366650594516,-0.569773237757,-0.0851715788039,0.730528302834,389
0.483373311255,-0.00425432433181,0.081236315294,-0.363982088494,-0.568875609592,-0.0891298726788,0.732088413966,390
0.483478171283,-0.00420515170628,0.0813724529655,-0.359720406632,-0.567657076338,-0.0957977698182,0.734295213136,391
0.483460534064,-0.00419185858153,0.081314155529,-0.360452623315,-0.568042386369,-0.0944416519522,0.733813687532,392
0.483423113094,-0.00424333241708,0.0811519639394,-0.364646107959,-0.568989635582,-0.0882813641372,0.731772103388,393
0.483346468264,-0.00423955189421,0.0810893201279,-0.365926902522,-0.569932940596,-0.0849416952267,0.730793304325,394
0.483341962925,-0.00426013241956,0.0810462133444,-0.366890244033,-0.570120728333,-0.0835675801754,0.730322095724,395
0.483322861056,-0.00426740377867,0.0810920435196,-0.365906582982,-0.569724299404,-0.0851767107988,0.730938795753,396
0.483585329664,-0.00391386475212,0.0819175727423,-0.348205018222,-0.565488965839,-0.110880754844,0.739378761532,397
0.483595332101,-0.00394260341708,0.081768556978,-0.35232037044,-0.566298444959,-0.104613527898,0.737721110983,398
0.48316556564,-0.00496335213041,0.0809297840158,-0.370837286555,-0.572184743496,-0.0757800864198,0.727558729391,399
0.483580019899,-0.00396581983671,0.0819764508201,-0.348109328487,-0.565631684938,-0.111280506394,0.73925458491,400
0.483845335292,-0.00370703033145,0.0827748357565,-0.32867647017,-0.559037780864,-0.140396542659,0.748155965246,401
0.484537184377,-0.00366442646685,0.0845700313138,-0.280160627299,-0.541062661318,-0.206703876399,0.765529050344,402
0.484499220373,-0.00364487598756,0.0844658244463,-0.282480299571,-0.54172135545,-0.204126774305,0.764902028638,403
0.48443786021,-0.00360284735894,0.0843559447116,-0.285474407424,-0.54253935221,-0.200604505904,0.76414216362,404
0.483543655287,-0.00397227799551,0.0818281047915,-0.348964512653,-0.564431945041,-0.111651050357,0.739712370641,405
0.483518862063,-0.00411157552781,0.0816886206276,-0.352642685155,-0.565438506262,-0.106308241099,0.737984410484,406
0.48355042673,-0.00392992033422,0.0818281026449,-0.347922067693,-0.564147677867,-0.112829706972,0.740241237431,407
0.483456522211,-0.00400015092861,0.0815691158179,-0.354314487548,-0.566559833328,-0.102201864953,0.736902963743,408
0.483354100796,-0.00414156313105,0.0812664751064,-0.362389427374,-0.568667401878,-0.0908330922871,0.732830565898,409
0.483479376015,-0.00415659882838,0.0815374985544,-0.356774049231,-0.567231813448,-0.0992271081574,0.735604736672,410
0.483400727908,-0.00421007364849,0.0813261118878,-0.362049248257,-0.568885029802,-0.0908880221053,0.732822988273,411
0.483254704453,-0.00421443804824,0.0810601784662,-0.368624224641,-0.571083438518,-0.0800209362396,0.729092954994,412
0.483395371011,-0.00420517832788,0.0810776854297,-0.368398469375,-0.570301515836,-0.0811828202135,0.729690412777,413
0.483227357484,-0.0042550378604,0.0809307039231,-0.371442997988,-0.571668597217,-0.0759345441134,0.727639374424,414
0.483242830557,-0.00426581964127,0.0809540868379,-0.370953167497,-0.571356021319,-0.0769961441708,0.728023102799,415
0.483292691706,-0.00422622839863,0.0810532906472,-0.367827879746,-0.570486078658,-0.0819749300315,0.729745432178,416
0.48345128628,-0.00406644938002,0.0815180851848,-0.356413850223,-0.567209615327,-0.0996811589369,0.735735065226,417
0.483381704384,-0.00411973838114,0.0813096442281,-0.36089197595,-0.568362334078,-0.0930544583075,0.733527168335,418
0.483362637247,-0.00412860863277,0.0812508483631,-0.362073534704,-0.568529327178,-0.0915463209352,0.733005068692,419
0.483462917173,-0.00406644118966,0.0815604366827,-0.354698400186,-0.566138728286,-0.103221395152,0.736899809216,420
0.483733395054,-0.00344439608217,0.0831525466125,-0.317847082441,-0.555548943124,-0.153555047232,0.752834278874,421
0.483590345735,-0.00350586267166,0.0828737936816,-0.324256888897,-0.557736544052,-0.144550938364,0.750261583483,422
0.483545366653,-0.00354739545742,0.0827693302675,-0.327806419198,-0.559026493927,-0.13922116605,0.748765515729,423
0.483771169275,-0.00369023284859,0.0827800261246,-0.328725805967,-0.558717104381,-0.139968166274,0.748454042807,424
0.484573201328,-0.00358641445208,0.0848411649916,-0.275861751651,-0.539592569471,-0.212235028562,0.766613622106,425
0.484747055488,-0.00362854600026,0.0850657917693,-0.26966172608,-0.536974540199,-0.219551269603,0.768594910652,426
0.484726598773,-0.00359871375205,0.0851934394995,-0.266265269069,-0.535995006289,-0.223766874959,0.769246738954,427
0.483435005735,-0.00394586688508,0.0817669860963,-0.353304232654,-0.566816915835,-0.102991864474,0.737080306998,428
0.483228513727,-0.0042236901947,0.0810243642565,-0.368956999873,-0.570836627458,-0.0795875744983,0.72916534132,429
0.48339646685,-0.00420155758345,0.0810243326618,-0.368138920962,-0.570246487832,-0.081873370933,0.729787249217,430
0.483297818617,-0.00420245521625,0.08106590042,-0.366890733031,-0.570026635129,-0.0834430482287,0.730409530991,431
0.483433578125,-0.00425761114191,0.0808912832305,-0.369931144223,-0.570815308338,-0.079445002122,0.728703865736,432
0.483267756433,-0.00423063906762,0.0808421623895,-0.371458649051,-0.571180203844,-0.0768561395297,0.727918113937,433
0.48329369623,-0.00414896975828,0.0809939345173,-0.367114326382,-0.570392131738,-0.0825968099487,0.730107974482,434
0.483327005281,-0.00431369628921,0.0810085901801,-0.36834980033,-0.570346859342,-0.0819894631854,0.729589345154,435
0.483469863128,-0.00418446174516,0.0814964845663,-0.357034020783,-0.567016979014,-0.0993464465261,0.735628124174,436
0.483469965855,-0.00415700271724,0.0816059465824,-0.355068705088,-0.566533655062,-0.101894162513,0.736602614708,437
0.48345362657,-0.00411194278756,0.0817759894351,-0.35163557967,-0.565510540789,-0.106660865598,0.738358792943,438
0.483599433037,-0.00389374873607,0.0822494205028,-0.342210348171,-0.563048059053,-0.120331734883,0.742555879636,439
0.483442556183,-0.00401056343901,0.081900386199,-0.350928279708,-0.56567610591,-0.107358158759,0.738467407169,440
0.483487256254,-0.00388974497954,0.082107924438,-0.345508606383,-0.564420850231,-0.11473697742,0.740869983703,441
0.483573837878,-0.00384084415899,0.0822705729862,-0.341324766604,-0.562695577903,-0.121280117352,0.74307618953,442
0.483526045282,-0.00395137514805,0.0820776014914,-0.345823633937,-0.564226669945,-0.114550689317,0.740899735937,443
0.48333745203,-0.00415025747698,0.0814013675819,-0.360772988185,-0.568086845479,-0.0931303905469,0.733789423027,444
0.483328435831,-0.00414342654812,0.0812281652645,-0.363508304362,-0.568700005057,-0.0897161254722,0.732388581109,445
0.483417244432,-0.00419540764828,0.0812234894572,-0.363266808268,-0.568950345399,-0.0898970994351,0.732291773813,446
0.483396204114,-0.00423189880201,0.0811667685008,-0.364615157327,-0.569141447503,-0.0884619308207,0.731647651932,447
0.483362960993,-0.00420014865961,0.0809290715817,-0.368862228294,-0.570579710981,-0.08015870354,0.729351789058,448
0.483348933007,-0.00430263843636,0.0810562238742,-0.368490250053,-0.570402567044,-0.0820074102533,0.729472845135,449
0.483530432999,-0.0041076297061,0.0812723082343,-0.361185717402,-0.568424297153,-0.0922562799137,0.733435392361,450
0.483330043069,-0.00431542793099,0.0810437129074,-0.368665359944,-0.570653161915,-0.0816124307389,0.729232632514,451
0.483326335346,-0.00430620631617,0.0811043701954,-0.367787955411,-0.570475152583,-0.0822641743256,0.729741547236,452
0.483594563957,-0.00393363614852,0.0820716703753,-0.34597011321,-0.564744235692,-0.114050820013,0.740514037323,453
0.48365120865,-0.00378338752557,0.0822856232118,-0.340102922776,-0.562851244218,-0.122683073624,0.743288195956,454
0.483592611347,-0.00385682691478,0.0821335055756,-0.343698034633,-0.563716213387,-0.117610798332,0.741797406217,455
0.483574507705,-0.00385747287847,0.0821767620544,-0.341709665176,-0.562981711159,-0.12051774195,0.742806550524,456
0.483587731119,-0.00386288133409,0.0821510888785,-0.342334180326,-0.562748442098,-0.120272479596,0.742735505108,457
0.483629945756,-0.00387859907099,0.082212865366,-0.341243853931,-0.562626487,-0.121808722013,0.743079204071,458
0.483533452075,-0.00405648514585,0.0817934053768,-0.35029791405,-0.56476379933,-0.109840518715,0.739099643368,459
0.483395479322,-0.00411145161279,0.0814307955429,-0.358554835584,-0.56718371274,-0.0972823338615,0.735035518462,460
0.483341076131,-0.00425447500237,0.0812573853029,-0.363901740107,-0.568809130988,-0.0895253803977,0.73213175202,461
0.483336799518,-0.0041225751571,0.0813018153256,-0.36158612532,-0.568372614091,-0.0922962310349,0.733273108238,462
0.483357934088,-0.0042415751022,0.0812251453959,-0.364386312239,-0.569031160584,-0.0889449154207,0.731788873759,463
0.483698198833,-0.00347446013244,0.0827904186069,-0.326447541433,-0.558357830462,-0.14177342305,0.749378964457,464
0.483628795612,-0.00370343079607,0.0824891603804,-0.334913760745,-0.561063439228,-0.130206853573,0.745712253693,465
0.483633712697,-0.00374373946625,0.0824805416379,-0.336309426329,-0.561550430034,-0.128596153508,0.744996720525,466
0.483260239683,-0.00428963346391,0.0811193611113,-0.367977257132,-0.57055935277,-0.0817822147467,0.729634451319,467
0.483437671053,-0.00414399100577,0.0815646105263,-0.356696919089,-0.567500325297,-0.0984090370298,0.735544934135,468
0.483409738669,-0.00417071174599,0.0815050145581,-0.358946987977,-0.568243755117,-0.0950278017918,0.734319965328,469
0.484694874118,-0.00360654689778,0.0850128967426,-0.270187577701,-0.537697739833,-0.218510573914,0.768201108124,470
0.48456502362,-0.00366765152232,0.0845260028412,-0.280995430692,-0.541514347551,-0.20472546343,0.765435342762,471
0.484537442853,-0.00364562984123,0.0844221957426,-0.282985972325,-0.542092903211,-0.202322524798,0.764931251626,472
0.483317104557,-0.0042014605256,0.0811038662366,-0.366195602259,-0.569756736647,-0.0847596601671,0.730817242503,473
0.483401671541,-0.00417407880688,0.0812805936247,-0.361381067237,-0.568054573295,-0.0930961385159,0.733519485082,474
0.483384673952,-0.00417186888215,0.0812733448437,-0.361438151076,-0.568044415934,-0.0930251605987,0.733508230335,475
0.483688001577,-0.00378249812092,0.0824662781776,-0.33458218233,-0.560668237805,-0.131398929912,0.745949201757,476
0.483457950442,-0.00408936718269,0.0815611247881,-0.354867528302,-0.566319313039,-0.102917120005,0.736722158922,477
0.483482125239,-0.0040555375565,0.0816405198785,-0.352721157698,-0.565669048487,-0.105893279696,0.737829875927,478
0.483501171382,-0.00402448075458,0.0817939793914,-0.349645277984,-0.564785117013,-0.110524131947,0.739290448634,479
0.483423102108,-0.00404700405176,0.0816316665115,-0.35399418156,-0.56630577331,-0.103522955369,0.737067763676,480
0.483365594907,-0.0040858700598,0.0814767271001,-0.357805439759,-0.567569816622,-0.0974744694604,0.735077205701,481
0.483335220873,-0.00429414769105,0.0813104254494,-0.363647492341,-0.569350475815,-0.0887957956251,0.731926119006,482
0.483262498853,-0.00430329869544,0.081171699421,-0.36701533155,-0.570395859886,-0.0834261128975,0.730060540722,483
0.483101359664,-0.00440089021905,0.0807661075172,-0.376839978421,-0.573307472085,-0.0673589029622,0.724412141883,484
0.483325008841,-0.00433102697856,0.080948381061,-0.371843092622,-0.571502965041,-0.075156052373,0.727645960073,485
0.483342014329,-0.00432431001866,0.0808452987622,-0.373634008785,-0.571675683432,-0.0733457394387,0.726777093033,486
0.483268960156,-0.00427096599921,0.080965714068,-0.369854630681,-0.570783835681,-0.0785696846666,0.728862243322,487
0.483290191763,-0.00423640366879,0.0810650766729,-0.367254463892,-0.570075155527,-0.0823754557446,0.730310043813,488
0.483392325479,-0.00419990295803,0.0810101498001,-0.366721155418,-0.56988817375,-0.0840064348284,0.730538145819,489
0.483286045158,-0.00421803629167,0.081040395541,-0.367067843242,-0.569538532033,-0.0839494446879,0.730643243809,490
0.483448484739,-0.00405638821233,0.0815124932792,-0.355472369517,-0.566498482704,-0.101400619571,0.736503073961,491
0.483506530365,-0.00402854476348,0.0816973648832,-0.351638160535,-0.56517074207,-0.107526529092,0.738492167802,492
0.483552425707,-0.00397413392514,0.0818924520837,-0.347750805598,-0.564149698354,-0.113029126775,0.740289748378,493
0.48363208825,-0.00395107594729,0.0821316789729,-0.342195695621,-0.562585482131,-0.121768634843,0.742678989041,494
0.483360411839,-0.00430971545935,0.0814016122564,-0.36186254106,-0.568523777698,-0.092847159016,0.732949944152,495
0.483457820183,-0.00410438744844,0.0817193400886,-0.353620317081,-0.56621441898,-0.104839880433,0.737131265487,496
0.483454296062,-0.00411539308786,0.0817153870371,-0.353540420362,-0.566336658017,-0.104752688865,0.737088078273,497
0.48336819928,-0.00429147854059,0.0813647272202,-0.36320007317,-0.569036870543,-0.0900875895777,0.732234233709,498
0.483343053686,-0.00412575315324,0.0814145646849,-0.359843817784,-0.568396194599,-0.0941478100891,0.733876272013,499
0.483423193041,-0.00429445152737,0.0811062737423,-0.366249837523,-0.569724652437,-0.0844401316673,0.730852065116,500
0.483310251253,-0.00424502738832,0.0811147882877,-0.365639077566,-0.56970127181,-0.0850806666196,0.73110177542,501
0.483349879127,-0.00416634458741,0.0811601636452,-0.363999132811,-0.568939949695,-0.0876943137,0.732203299842,502
0.483324629541,-0.00413276998478,0.0811025879121,-0.365476916996,-0.56957315976,-0.0850081758015,0.731291083544,503
0.483302472118,-0.00413115670548,0.0810775451651,-0.365838701918,-0.569615518212,-0.0843611033644,0.731152111281,504
0.483225785635,-0.00423504333002,0.080869636493,-0.371429236012,-0.571175177696,-0.0759510683768,0.728032055772,505
0.48333706406,-0.00422714810807,0.0811474622852,-0.36550733787,-0.569311662814,-0.0859600530595,0.731368228613,506
0.48339849456,-0.00419610261002,0.0813396067314,-0.361875401052,-0.568564347213,-0.0913169986271,0.733104346565,507
0.483420275128,-0.004275186894,0.0812332886697,-0.366119378754,-0.569833573271,-0.0848323163169,0.730787094428,508
0.483248240053,-0.00437182855674,0.0811454517881,-0.369020610597,-0.570910444107,-0.0813990764525,0.72887532824,509
0.483532240488,-0.00399155063301,0.0818212412942,-0.350975754625,-0.565533908444,-0.108464307663,0.738392112653,510
0.483510021716,-0.00401294218546,0.0819284396808,-0.348728134402,-0.564827200819,-0.111629671171,0.739525346425,511
0.483494569752,-0.00402185338701,0.0818950353076,-0.349694554926,-0.56526244529,-0.10996766304,0.738985249707,512
0.48344591434,-0.00403710264962,0.0817619744539,-0.352461459396,-0.566064154626,-0.105594060684,0.737693830011,513
0.483474991068,-0.00405468720215,0.0818016617549,-0.350542672289,-0.565030529255,-0.109091081444,0.738890703598,514
0.483500424906,-0.00403198780096,0.0817084834665,-0.352247531974,-0.565421835342,-0.106390611361,0.738174005334,515
0.483531722682,-0.00400139423842,0.081726536084,-0.350816309811,-0.56491861262,-0.108247203851,0.738970514124,516
0.483892141466,-0.00349778117325,0.0830135060413,-0.320643163039,-0.555868610527,-0.151325480035,0.75186345098,517
0.483274506679,-0.00376984550949,0.0817262409059,-0.350160431811,-0.565828702517,-0.106059734099,0.738902486262,518
0.483365065955,-0.00377987832903,0.0817595072499,-0.348830537422,-0.565065443479,-0.10865059858,0.739738702635,519
0.483395777853,-0.00376341559622,0.081793576669,-0.348246052083,-0.565012080039,-0.109502263803,0.739929247185,520
0.48355385821,-0.00374693500677,0.0821612159904,-0.341338100702,-0.563148791828,-0.12016504579,0.742907868475,521
0.483751552263,-0.00371377889077,0.0823249488015,-0.338429727831,-0.561833146326,-0.125746323898,0.74430954383,522
0.483628003599,-0.00371595587443,0.0824195661874,-0.337679863717,-0.562601874184,-0.126033658188,0.744020804688,523
0.48346522373,-0.00431143789383,0.0811879762078,-0.366222363033,-0.570062663539,-0.0843660688783,0.730610776594,524
0.483378131493,-0.00426144257743,0.0812798665299,-0.36472765121,-0.569724260527,-0.0881716498963,0.73117287119,525
0.483467669333,-0.00397635403637,0.0816625542424,-0.354378974288,-0.566960024906,-0.102699110351,0.736494918838,526
0.483402560565,-0.00400303612217,0.0816790694597,-0.354120880939,-0.566739562537,-0.102792878316,0.736775606345,527
0.483492592756,-0.00393835122879,0.081939445759,-0.347495729746,-0.564546195026,-0.112962047264,0.740117482139,528
0.483466723635,-0.00399913185964,0.0818092732316,-0.350432187932,-0.565163002254,-0.109024304383,0.738851651956,529
0.48352927614,-0.003895393442,0.0820992918006,-0.345049449736,-0.563804325958,-0.116525979794,0.741274075697,530
0.483334943968,-0.0041869850609,0.0813335154898,-0.361799973937,-0.568271211287,-0.0919952994385,0.733284033757,531
0.483364957204,-0.00414125688856,0.0814144479926,-0.359480896636,-0.567622985181,-0.0952256047261,0.734513250971,532
0.48350373739,-0.004077092089,0.0816485347429,-0.352920091903,-0.565657925521,-0.105549163057,0.737792582102,533
0.48340198947,-0.00418186155481,0.0813477268892,-0.360362147947,-0.567876476567,-0.0942795435088,0.734007355116,534
0.483299753646,-0.00423983857648,0.0811121713766,-0.366301581471,-0.569880523418,-0.0846957312506,0.730675012265,535
0.483334571213,-0.004253158266,0.0811921869487,-0.364273679119,-0.569239717651,-0.0880736783436,0.731788123526,536
0.483379097462,-0.004252930453,0.0812388488565,-0.363968152273,-0.569168565982,-0.0882531549133,0.731973843984,537
0.483407602487,-0.00425918509246,0.081266124519,-0.36325850179,-0.569029567089,-0.0896592148272,0.732263503018,538
0.483358760105,-0.0043500507336,0.0810228470722,-0.369200850492,-0.57064279371,-0.0813577603788,0.72899825021,539
0.483505107004,-0.00429576285297,0.0812071162285,-0.365464974256,-0.569469148052,-0.0861843730091,0.73124038172,540
0.483121922122,-0.00456740187859,0.0804682963353,-0.383487401896,-0.574777493213,-0.0584640660986,0.720520783086,541
0.483345425759,-0.00430163717112,0.0812989672057,-0.363906866818,-0.569554943676,-0.0886443236982,0.731656437334,542
0.483364847136,-0.00429618287728,0.0813022419762,-0.363643900991,-0.569256357554,-0.0888523727723,0.731994240763,543
0.483560706033,-0.00417185697806,0.0815906401109,-0.356351625964,-0.566817406308,-0.0997829722119,0.736053602013,544
0.48326868201,-0.00428785122283,0.081131317023,-0.366727684572,-0.569743596861,-0.0842586166217,0.730618590463,545
0.483339880467,-0.00409939523968,0.0815098435674,-0.358200115765,-0.567751163399,-0.0963310935531,0.734895648334,546
0.483544165512,-0.00386628304486,0.0820962368275,-0.343279932666,-0.563271101701,-0.118347639259,0.742211822931,547
0.48338351587,-0.00407410646382,0.0814112340196,-0.357566679954,-0.567157792182,-0.0981638040404,0.735419591614,548
0.48338742618,-0.00404382293496,0.0815045264245,-0.355856294835,-0.566685956136,-0.100520857287,0.736294018578,549
0.483585092062,-0.00378455188569,0.0823454172886,-0.33759512942,-0.561594534164,-0.126159051618,0.7447986315,550
0.483474945268,-0.00396813191159,0.0817822779726,-0.350152833351,-0.564974567262,-0.109022221711,0.739128464353,551
0.483426472304,-0.00415510012215,0.0815929071054,-0.356528039307,-0.56683405991,-0.0999328186099,0.735935009005,552
0.483393250331,-0.00421055982258,0.0814427352542,-0.360376057544,-0.568149401662,-0.0941879856824,0.733801047896,553
0.483384546798,-0.00424400092917,0.0814694587863,-0.360737942393,-0.568600882581,-0.0933413003874,0.733381602502,554
0.483376184796,-0.0044947735466,0.0808701973598,-0.37462640915,-0.572008916646,-0.0715187586583,0.726185871526,555
0.483272262654,-0.0042690274663,0.080965380467,-0.37086842551,-0.571376113067,-0.0780396530966,0.727939393714,556
0.483391448713,-0.00433613226744,0.0811527800734,-0.367022128839,-0.570195888263,-0.0845480836772,0.730084260546,557
0.483364445667,-0.00425363896737,0.0812736064829,-0.363895708291,-0.569541498212,-0.0879827668056,0.731752299653,558
0.483385632778,-0.00419155469597,0.0813088619522,-0.362398569603,-0.568920034499,-0.0902325608312,0.732704139514,559
0.483262709293,-0.0042847097705,0.0809558418897,-0.370211861678,-0.57088881365,-0.0787888279701,0.728574951881,560
0.483290281328,-0.0042619481566,0.0809732073773,-0.369002759943,-0.570483989326,-0.0803320443499,0.729336509252,561
0.483315784295,-0.00378321046258,0.0818751639936,-0.346117939506,-0.564329134483,-0.112638953787,0.740977372134,562
0.483402889907,-0.00382650935093,0.0818339560735,-0.346841536636,-0.56515386449,-0.111770565736,0.740141471984,563
0.483202820553,-0.00378955467459,0.081853149319,-0.347897552373,-0.565428751141,-0.108798509745,0.739878709461,564
0.483333835382,-0.00414789727314,0.0813555606965,-0.360873743926,-0.568070728918,-0.09319403855,0.73374427362,565
0.483564993544,-0.00391918719258,0.0821682633018,-0.343109467813,-0.563329898908,-0.119058753253,0.742132286973,566
0.483421597229,-0.00413202800819,0.0816502735166,-0.355537678404,-0.566804206623,-0.101468295802,0.736226959257,567
0.483399404578,-0.00419531717755,0.0815921344495,-0.357618893927,-0.567391150192,-0.099099981555,0.735088568164,568
0.483317468441,-0.00429873815552,0.0813793410374,-0.363606218539,-0.569397659196,-0.0895164977064,0.73182212332,569
0.483422503573,-0.00423382139737,0.0814474002906,-0.361285538589,-0.568409109703,-0.0940169451026,0.73317437056,570
0.48336908973,-0.0042486022797,0.081372964936,-0.363009478873,-0.569033410929,-0.0909474114986,0.732225145592,571
0.483234854739,-0.00436537726484,0.0809515552032,-0.373207788772,-0.572063359004,-0.0747427936226,0.726548673171,572
0.483233164091,-0.00432933521977,0.0810466299784,-0.370499716797,-0.571275721565,-0.0784795841446,0.728158612306,573
0.483380229899,-0.00420018731306,0.0813052962634,-0.362731668952,-0.568836228091,-0.0903309942602,0.732592242265,574
0.483396408528,-0.00413002166252,0.0813402420336,-0.360632564522,-0.56845915508,-0.0925571776877,0.733642631852,575
0.483318251802,-0.00424321717781,0.0810503380379,-0.367149064095,-0.56975085885,-0.083248953109,0.730517032916,576
0.483341199105,-0.00417376052713,0.0811068990282,-0.366041527575,-0.569460183909,-0.0845843350165,0.731145805775,577
0.483361304557,-0.00419409926641,0.0811213935255,-0.364904374203,-0.569408358772,-0.0861222288008,0.731574931469,578
0.48329043081,-0.00426237210629,0.0809913406224,-0.368647035545,-0.570114041211,-0.0809143954676,0.729741189604,579
0.483356240937,-0.00421626194418,0.0811896125783,-0.365161635953,-0.569105959371,-0.0866181869621,0.73162331587,580
0.483528673649,-0.00412211679967,0.0816283458216,-0.355747658169,-0.56738692662,-0.0990772594504,0.736002293385,581
0.483362113299,-0.00427821022116,0.0813586130214,-0.362985368379,-0.568749192375,-0.0906477058045,0.732495032029,582
0.483466846299,-0.00429453958484,0.0815505842431,-0.35901011476,-0.567920029144,-0.0951471074792,0.734524067635,583
0.483380887513,-0.00426317968847,0.0815381360669,-0.35957301793,-0.5679026495,-0.0960726310191,0.734141590592,584
0.483425685058,-0.00419575221547,0.0817051900171,-0.35566816685,-0.566767728562,-0.101983741252,0.736120787283,585
0.483355297442,-0.00427903442061,0.0814980432836,-0.360127816095,-0.568012286531,-0.094999559298,0.733924438997,586
0.483582997423,-0.00383913827442,0.0822095475079,-0.340915802087,-0.562354810449,-0.122603179452,0.743304744664,587
0.483612419752,-0.00384371280505,0.0822347491925,-0.339652217138,-0.561574362649,-0.124946905436,0.744082574336,588
0.483365815866,-0.00416675122423,0.0813819389077,-0.360521886701,-0.56767920056,-0.0941455652049,0.734098703863,589
0.483443482299,-0.00400975426794,0.0816038871804,-0.354358660716,-0.56592304742,-0.103117576441,0.737243385459,590
0.483280735561,-0.00413523415167,0.0810998988347,-0.366345888418,-0.569662953615,-0.0842521764631,0.730873710075,591
0.483398815953,-0.00419433080394,0.0810133750955,-0.368581396702,-0.570404670672,-0.0811867199467,0.729516951266,592
0.483301683142,-0.00420877121648,0.0810389614028,-0.368542953677,-0.570588750093,-0.080674164916,0.729449277659,593
0.483210444533,-0.00408218113378,0.0810995815924,-0.366541808787,-0.570314268185,-0.0826041179806,0.730455541157,594
0.483346867605,-0.00400853102561,0.0814095991126,-0.359625988375,-0.568589761504,-0.0926381608656,0.7340252058,595
0.483467296933,-0.00394666657398,0.0817256745915,-0.352916889231,-0.566511309709,-0.10320400885,0.737471042024,596
0.483329162635,-0.00427194376589,0.0811889100994,-0.365881963909,-0.570176577271,-0.0848015768176,0.730642013429,597
0.483350272847,-0.00415374662266,0.0814084264277,-0.360337975044,-0.568463412999,-0.0936095510348,0.73365055972,598
0.48342788535,-0.00405198257023,0.0816962198983,-0.352962902344,-0.566285198643,-0.104588977347,0.737427561991,599
0.483428869457,-0.00420733928646,0.0816717363639,-0.35467699473,-0.566542267304,-0.102990495975,0.736632232872,600
0.483522229148,-0.0041645595416,0.0818395745747,-0.350734374962,-0.564768378421,-0.109838527352,0.738889419917,601
0.483458972926,-0.00419828163545,0.0816890106591,-0.353865918862,-0.565772974918,-0.105181196884,0.737303714993,602
0.483481068781,-0.00419580601223,0.0816587326151,-0.354507576638,-0.565691608005,-0.104542485573,0.737148730887,603
0.483435035937,-0.00419254325277,0.0815150222192,-0.357735974196,-0.566819246578,-0.0987232763602,0.735523370927,604
0.483374256177,-0.00424530579386,0.0812600649194,-0.363512899264,-0.56852314854,-0.0899454548578,0.7324954722,605
0.483338094123,-0.00426050848106,0.081155909866,-0.366298926196,-0.569292122747,-0.085493295474,0.731042045354,606
0.484103030952,-0.00336775977806,0.0837331635408,-0.307148925751,-0.55180459515,-0.169497849485,0.756598774253,607
0.483318653279,-0.00433102432157,0.0808710613648,-0.372514737265,-0.571460332194,-0.07509188038,0.727342470058,608
0.483220635823,-0.00421462000222,0.0810591336609,-0.369374048607,-0.5709727544,-0.0788953187868,0.728922804296,609
0.483241318797,-0.00387607600073,0.081694813096,-0.35467435762,-0.567386781667,-0.0994607983829,0.736468525886,610
0.483377178484,-0.00376541004653,0.0820077488906,-0.347309273705,-0.565206988858,-0.11066660518,0.740047451616,611
0.483522578182,-0.00363046321748,0.0825305629618,-0.335051161506,-0.561414838099,-0.128718827132,0.745644393982,612
0.483300563718,-0.00424207223813,0.0811122254909,-0.367720084885,-0.57036053958,-0.0824674796783,0.729842386312,613
0.483242305,-0.00413489885963,0.0810933407062,-0.367498699921,-0.570388721729,-0.0824026135552,0.729939189905,614
0.483302401608,-0.00426155412012,0.0813468769952,-0.363233539931,-0.569153823683,-0.0897350315865,0.732170024354,615
0.483046743264,-0.00526402709525,0.0805294331673,-0.381153582925,-0.573920868814,-0.0617099414071,0.7221694162,616
0.483545470148,-0.00396961801169,0.0819384542982,-0.346298123291,-0.564144008161,-0.115065965381,0.740661171841,617
0.483397430937,-0.00430270870204,0.0813516522121,-0.361690440624,-0.568201744372,-0.0935437930185,0.733195991289,618
0.483370910347,-0.004285717069,0.081262018512,-0.363195071041,-0.568753717428,-0.0907030294142,0.732380713658,619
0.48379966149,-0.00385150043737,0.0825338607726,-0.333815682456,-0.56081246017,-0.131396494936,0.746184585597,620
0.483655970489,-0.00384356965196,0.0823533896655,-0.338040181964,-0.561826386936,-0.126389969469,0.744382644839,621
0.483496925387,-0.0040675045762,0.0816091526818,-0.355656570757,-0.56727708065,-0.0994261406181,0.736083935437,622
0.483381775032,-0.00432159951224,0.0808997013424,-0.369774490875,-0.570796857332,-0.0794315457727,0.72879928862,623
0.483998037528,-0.00339374935102,0.0834156697936,-0.312789066286,-0.553730984825,-0.162057325571,0.754508064692,624
0.483974999041,-0.00338756986331,0.0833435296487,-0.314610134653,-0.554453794108,-0.159365506893,0.753793133814,625
0.483445255616,-0.00396723815959,0.0817101623175,-0.352344045863,-0.565930490329,-0.104569928833,0.737998295014,626
0.483358320705,-0.00400535649691,0.0815345901322,-0.356743935478,-0.567399584589,-0.0978154099076,0.735679020696,627
0.483815987552,-0.00360040550804,0.0828374785677,-0.328035313145,-0.558995667267,-0.139744016195,0.748590867727,628
0.483380583454,-0.00393474540195,0.0817537570337,-0.352806923925,-0.566543823279,-0.103444492424,0.737464987455,629
0.484648940426,-0.00361240098986,0.0848945690493,-0.271795203468,-0.537838811019,-0.217117647954,0.767930145052,630
0.484629420721,-0.00363924641392,0.0847657571501,-0.275526335328,-0.5391816821,-0.212808309173,0.766864378998,631
0.484590846694,-0.00364081574279,0.0847006715568,-0.277415913347,-0.5398388871,-0.211014080744,0.766216317188,632
0.483430344277,-0.00402424678636,0.0816264459462,-0.355822342742,-0.566994744374,-0.101325977298,0.735962272526,633
0.483477347766,-0.00417676226172,0.0814533651543,-0.359638567077,-0.568010015053,-0.0941036140824,0.734281440381,634
0.483385940017,-0.00438495991456,0.0811306580068,-0.367127716946,-0.569797488041,-0.0838521490206,0.730422397778,635
0.483718410374,-0.00388965831476,0.082401717249,-0.337518715947,-0.561978736752,-0.125885112254,0.744589789305,636
0.483510245293,-0.00418762113404,0.0814138682056,-0.357959059382,-0.567558630491,-0.09703287063,0.735069476158,637
0.483410676751,-0.00409883916514,0.0814514640305,-0.357470760247,-0.56708022942,-0.0983411377811,0.735502338263,638
0.483389857533,-0.00410680574864,0.0814532850072,-0.357378334003,-0.567084626222,-0.0982744084788,0.735552781061,639
0.483342248435,-0.00411706518587,0.0813294724273,-0.360419144619,-0.568026820919,-0.0931713833722,0.734004539652,640
0.483481381859,-0.00399494145098,0.0817195090293,-0.350604689569,-0.565148063156,-0.107871291413,0.738950473883,641
0.483616740605,-0.00390347022445,0.0821461493552,-0.342609371683,-0.563307282143,-0.119318788689,0.742338703683,642
0.483317516866,-0.00423857257177,0.0812554446132,-0.363216519127,-0.569215410362,-0.0886576228675,0.732261840291,643
0.483299917401,-0.00428717682508,0.0811805587927,-0.365484743192,-0.569819178398,-0.0856287100264,0.731023071074,644
0.483315885957,-0.00429672951888,0.0812304929999,-0.365102541262,-0.56996317444,-0.0862268978639,0.731031487852,645
0.483344279329,-0.00431016892966,0.0812608137326,-0.365030566594,-0.569826566626,-0.0868005591231,0.731106033592,646
0.483387216815,-0.00426172031777,0.0812829188734,-0.36460644061,-0.569627235227,-0.0879416407426,0.731336601146,647
0.483257948489,-0.00438209936321,0.0810064742397,-0.371715911021,-0.571533564376,-0.0766119931844,0.727535063613,648
0.483421263648,-0.00431746820444,0.0812161926509,-0.366895460555,-0.569997583095,-0.0835102032366,0.730422153447,649
0.483392540085,-0.00413041360396,0.0815582521285,-0.358528383502,-0.567578165168,-0.0966225898214,0.73483093279,650
0.483289370954,-0.0040882675723,0.0813767163398,-0.362002555527,-0.568550125138,-0.0910014368151,0.733091838377,651
0.483362766915,-0.0041999224903,0.0812688890274,-0.363377487531,-0.569237836604,-0.0882434358227,0.732214574403,652
0.483367529358,-0.00403047313215,0.0816286291191,-0.355110775605,-0.56626838658,-0.101289527559,0.736869651306,653
0.483376021834,-0.00404682935587,0.0815868401197,-0.355665965686,-0.56638943289,-0.100507146704,0.73661594106,654
0.484017445513,-0.00339813793766,0.083602534639,-0.308299142164,-0.551658785178,-0.169014230648,0.756345432667,655
0.483599593897,-0.00390733853989,0.0821325000953,-0.341105053419,-0.561936570052,-0.122654119311,0.743525790263,656
0.483278981731,-0.00427820120332,0.0811446341506,-0.365641018149,-0.569493350001,-0.0858714958197,0.73117033334,657
0.483331947689,-0.00428230133318,0.081235308022,-0.364233277354,-0.569178118006,-0.0885944608476,0.731793284445,658
0.483390336765,-0.00411589955949,0.0814142284891,-0.358819555004,-0.56777791856,-0.0964659351587,0.734555025506,659
0.483461654291,-0.00405049250742,0.0815831420796,-0.35509902433,-0.567035946935,-0.101578898423,0.736244962766,660
0.483284790959,-0.00443021391253,0.0809147994034,-0.372255635571,-0.57163572818,-0.0765160846759,0.727188850876,661
0.483408588146,-0.0043098039957,0.0811500191443,-0.366239736281,-0.570137334663,-0.0856648456875,0.730392640575,662
0.483353053049,-0.00434056949842,0.0810251281423,-0.369538528871,-0.571192620719,-0.0804226864768,0.728500142221,663
0.483343670192,-0.0043373812372,0.0810836177557,-0.368453851567,-0.570726663348,-0.0816523482362,0.729277539101,664
0.48339122712,-0.0044102942392,0.0809300743896,-0.371959492488,-0.571397231379,-0.0756962943451,0.727613503821,665
0.483489849968,-0.00428677140884,0.0811756145046,-0.365405343729,-0.569543510578,-0.0860740290558,0.731225263414,666
0.483329169387,-0.00416613900919,0.0812484919607,-0.364119593809,-0.569316180467,-0.0871747318991,0.731912955331,667
0.483333337225,-0.00413019567097,0.0813854412742,-0.361073912686,-0.568053373787,-0.0922283491133,0.733781251959,668
0.484007396441,-0.00332671553589,0.0837234014731,-0.306669776632,-0.551127069199,-0.170405845506,0.757082855119,669
0.484105917089,-0.00335056945528,0.0840331530864,-0.29917815048,-0.547885050253,-0.181238985927,0.759912387032,670
0.483499723731,-0.00386226417791,0.0821196455778,-0.343441895331,-0.562655145269,-0.118261688179,0.742617684373,671
0.483538787533,-0.00385025311377,0.0822096612448,-0.34189549853,-0.562420492818,-0.120646011728,0.743125290377,672
0.483180398627,-0.00445037549854,0.0818929821635,-0.347012421848,-0.56556288416,-0.109506606777,0.740087363908,673
0.483671529772,-0.00338893650877,0.0833758786623,-0.315316889791,-0.555091600479,-0.156263735825,0.753677795186,674
0.483648638085,-0.00345016193427,0.0831288927061,-0.321313726843,-0.557359937487,-0.148094748071,0.751116059355,675
0.48350709029,-0.00401564805832,0.0819454981551,-0.348437799606,-0.564796365171,-0.112293078033,0.739585309698,676
0.483387047589,-0.00436368910184,0.0812936895639,-0.365249444635,-0.569427796419,-0.0879273455462,0.731172763282,677
0.483388504751,-0.00434616829148,0.0811951389186,-0.367142489235,-0.570282712659,-0.0842740806699,0.729987602338,678
0.483250881461,-0.00443594057199,0.0809405532268,-0.372862141103,-0.571758719841,-0.0750828253451,0.726930780306,679
0.48334648798,-0.00432487778289,0.0810435648796,-0.36935001289,-0.570969167164,-0.0804862737505,0.728763842314,680
0.483348375882,-0.00429005396685,0.0810374957244,-0.368250274841,-0.570465982491,-0.0819232749486,0.729553887606,681
0.483345695012,-0.00423908314136,0.0810764182006,-0.36629585629,-0.569720789165,-0.0847283338937,0.730798657288,682
0.483364277243,-0.00415936192888,0.0811065418483,-0.365359158238,-0.569705967749,-0.0853087376044,0.731211470843,683
0.483376374466,-0.00415507640751,0.0811601258076,-0.364028133204,-0.568763843854,-0.0873463478462,0.732367273763,684
0.483970339301,-0.0034310077069,0.0832424042351,-0.315081837305,-0.554091477784,-0.158891357249,0.753962602945,685
0.483970287978,-0.00347615785603,0.0831929956441,-0.317297100525,-0.554912190091,-0.156043407991,0.753024213495,686
0.483107670983,-0.00401788036284,0.0814847168308,-0.35772404756,-0.567730018233,-0.094864513154,0.735334520024,687
0.483299360297,-0.00422284862722,0.0813066801556,-0.362789777892,-0.568649184255,-0.0901289403448,0.732733550764,688
0.483313762663,-0.00421513629721,0.0814593634957,-0.360840897065,-0.568129053077,-0.0930016075369,0.733739686163,689
0.483524782758,-0.00406429422594,0.0820771338806,-0.346865047825,-0.563950166625,-0.114282729847,0.740664772903,690
0.483489165321,-0.00415309632404,0.0819289198466,-0.35132464705,-0.564894399817,-0.108771861244,0.738670421522,691
0.483172511376,-0.00513775165081,0.0809900848627,-0.371506149089,-0.57095350202,-0.0775670624771,0.727996312174,692
0.483118678992,-0.00524488943713,0.0807594175963,-0.377310044425,-0.572521806114,-0.0690461292084,0.724629935858,693
0.483379144953,-0.00415217428013,0.0815106884249,-0.361015274494,-0.567940732069,-0.0948627328084,0.733561420988,694
0.483347877364,-0.00417116613464,0.0813166928483,-0.364848085988,-0.569049781037,-0.0888335269063,0.731557807251,695
0.483275802349,-0.00420451623535,0.0810484527587,-0.370279798589,-0.570522131852,-0.0801757899865,0.728676341405,696
0.483442708457,-0.00417749615565,0.0812117937858,-0.364620405881,-0.56962764727,-0.0867806614802,0.731467989644,697
0.483909170882,-0.00339646417745,0.0831098496124,-0.321825932412,-0.556923902139,-0.148767240579,0.751087308229,698
0.48362763793,-0.0036363554885,0.0823173126186,-0.340696419391,-0.563055540456,-0.121254356658,0.743096083402,699
0.483574879521,-0.00369279009683,0.0821439528274,-0.34387110039,-0.563811618405,-0.11657398519,0.7418083521,700
0.48370727372,-0.0037627125958,0.0820486039765,-0.344108019138,-0.564063153534,-0.116508614047,0.741517479796,701
0.48359045062,-0.00372572901029,0.0820531508657,-0.346113313877,-0.56449696053,-0.113835911329,0.740668711909,702
0.483313408154,-0.00406998484736,0.0812004578325,-0.364657567514,-0.569119632699,-0.0875550331823,0.731752566306,703
0.483559230425,-0.00383522702969,0.0819061311609,-0.349079701774,-0.565303073317,-0.110269022612,0.739199932197,704
0.483383586557,-0.00415700894996,0.0813695558154,-0.361242065975,-0.568702188246,-0.0927602373847,0.733128589822,705
0.483471572489,-0.00409911434531,0.08169085217,-0.354429377464,-0.566375004931,-0.104028895182,0.736734116997,706
0.483549995083,-0.0038409686167,0.0820180860985,-0.346483319587,-0.564107478059,-0.115760012158,0.740494214718,707
0.483665055066,-0.00372534796161,0.0824613748945,-0.338444254506,-0.560303088587,-0.127094121292,0.745226824426,708
0.483603849193,-0.00371842728319,0.0827425381816,-0.331591818652,-0.557443883107,-0.138235822523,0.748461114796,709
0.483677018485,-0.00373064126194,0.0823408815956,-0.339729312655,-0.56079469809,-0.125488255476,0.744544154805,710
0.483638629004,-0.00373290706866,0.0822915472311,-0.339106123821,-0.56130863533,-0.126730405341,0.744230513385,711
0.483417945366,-0.00401789301596,0.0815140689356,-0.358456556538,-0.567375307509,-0.0981301767488,0.734822853425,712
0.483572771925,-0.00406698294869,0.0816305602036,-0.353679325356,-0.566336173056,-0.103363811623,0.737217875767,713
0.483414706548,-0.00399374977279,0.0815245130313,-0.35793941335,-0.567349308387,-0.097418412943,0.735189629594,714
0.48338507319,-0.0040607617832,0.0813715351999,-0.361493452011,-0.568229952736,-0.0921553491252,0.733447064616,715
0.483475804145,-0.00380652768828,0.0820054185065,-0.348454260435,-0.565430513036,-0.109473168506,0.739515779878,716
0.483466991187,-0.00399361005181,0.0815815749815,-0.35791273403,-0.568139660949,-0.0955310257566,0.734839862551,717
0.483563337394,-0.00393758674372,0.081778261342,-0.35384980432,-0.566996847079,-0.101600123514,0.736873331236,718
0.48371595807,-0.00383330072597,0.0822008035653,-0.344464706755,-0.563850711422,-0.116933625233,0.741446537735,719
0.483700035184,-0.0038661161616,0.0820834762003,-0.346855360088,-0.565006886669,-0.112162494884,0.740187916637,720
0.483237632848,-0.00412591361554,0.0810847149378,-0.369016955455,-0.570653185786,-0.0805579227844,0.729172029918,721
0.483362694434,-0.00417235021235,0.0813739066045,-0.362584979439,-0.568539892027,-0.0915634210105,0.732741880741,722
0.48359771544,-0.00381135832761,0.082137619314,-0.34255500278,-0.562552953204,-0.121085599577,0.742649663359,723
0.483409580376,-0.0041139380706,0.0815768725497,-0.357287371416,-0.566781072699,-0.100124479764,0.735581428809,724
0.48351308139,-0.00403314153827,0.0818347352662,-0.350644583005,-0.564831388942,-0.110558745944,0.738776449388,725
0.483820630827,-0.00372551061256,0.0826219996447,-0.329391140316,-0.558157229981,-0.140808962533,0.748421551915,726
0.483639993135,-0.00396524810706,0.082033146851,-0.344718512383,-0.562814666873,-0.11899948549,0.741786977795,727
0.483701576168,-0.00344687908769,0.0830546972144,-0.321012664076,-0.556566440991,-0.149646103026,0.751525588463,728
0.483593131444,-0.00352479378488,0.0827594643671,-0.328689103853,-0.559472721253,-0.138254397909,0.748224210141,729
0.483419649185,-0.00374752182433,0.0820828352273,-0.345087023758,-0.56499474023,-0.112700347696,0.740941644919,730
0.483337522103,-0.00423716344417,0.0810672920679,-0.369525269189,-0.570813793052,-0.0787941465908,0.728981598915,731
0.483581776641,-0.00382083605699,0.0819193390489,-0.351143313142,-0.566416817706,-0.104981195644,0.738139086363,732
0.483551590724,-0.00378653473364,0.0818703787401,-0.352887158929,-0.566690304001,-0.102797412426,0.737404532406,733
0.483605093182,-0.00358988006084,0.0823320817381,-0.340464969976,-0.563010041058,-0.120965315296,0.743283721322,734
0.483633944483,-0.00349496885239,0.0825356089086,-0.3357776706,-0.561574760609,-0.129323836842,0.74509226905,735
0.483882132423,-0.00340557680827,0.0831605322704,-0.320868083411,-0.556456783392,-0.151428240253,0.751311526145,736
0.483330169947,-0.00414587123462,0.0810763041539,-0.368375375451,-0.570195790047,-0.0829983443249,0.729580440125,737
0.483458366662,-0.00407612902913,0.0814297726125,-0.359985730928,-0.56773789575,-0.0959889073966,0.734077710406,738
0.483502781939,-0.00405214468344,0.0815901029254,-0.356333344202,-0.566697407068,-0.10189142525,0.735865975632,739
0.483496192798,-0.00410112596433,0.0815988342111,-0.355988784046,-0.566639230108,-0.102418999877,0.736004291428,740
0.483433363381,-0.00415913835835,0.0815006969079,-0.358699471883,-0.567156257305,-0.0983057944783,0.734849943487,741
0.483338863048,-0.00427925560007,0.0812539834174,-0.365065710843,-0.568997918593,-0.0888846806072,0.73148336205,742
0.483846720651,-0.00385523925555,0.0826583329656,-0.332607469281,-0.560676535732,-0.133403227708,0.746470141731,743
0.483627089886,-0.00369491014361,0.0826037633854,-0.33340714358,-0.560064800915,-0.133772184797,0.746506596059,744
0.483664265129,-0.00382069844237,0.0824402655441,-0.335598855808,-0.561459146546,-0.128377051132,0.745423616129,745
0.483522213434,-0.00388972654146,0.0820696942003,-0.344190690857,-0.563806975167,-0.11624190115,0.741715770021,746
0.483208663827,-0.00398685476996,0.081670366997,-0.354092283817,-0.566925278072,-0.0997717228506,0.737061725328,747
0.483105668805,-0.0039325038009,0.0816538133269,-0.355730381407,-0.567026085507,-0.0983475564348,0.73638649651,748
0.484017295013,-0.00327961925569,0.0835163074585,-0.312006401559,-0.553426894961,-0.163701614576,0.754700244273,749
0.483801552955,-0.00351782685026,0.0827227573032,-0.330866051985,-0.559603280835,-0.136270140976,0.747530783581,750
0.483041598773,-0.00509356248992,0.0804727950391,-0.380359637032,-0.573324223938,-0.0623711741156,0.723004645491,751
0.483387300518,-0.00397881601184,0.081405323591,-0.360338969817,-0.567829021693,-0.0942670028145,0.734057055776,752
0.483559578572,-0.0045278313042,0.0817460022553,-0.352585673023,-0.56598177938,-0.104897598682,0.737797033322,753
0.48347967974,-0.004714786324,0.081455941593,-0.359577709096,-0.56802242525,-0.0952106196122,0.734158929284,754
0.483325867729,-0.00489595007655,0.0809500994316,-0.372706642921,-0.571758561882,-0.075482712828,0.726969232706,755
0.483346163755,-0.00413464794718,0.0814148076934,-0.363001507523,-0.569176186231,-0.0908677443046,0.732128013129,756
0.483511448984,-0.00402696586657,0.0816562115062,-0.355044093916,-0.566900553414,-0.100303411761,0.736550527461,757
0.483420985645,-0.00437599343649,0.0812405077887,-0.366467659375,-0.570001988593,-0.0839613310376,0.730581742533,758
0.483486075549,-0.00410465710173,0.0816499205315,-0.356347855277,-0.566881451761,-0.102296347457,0.735660983733,759
0.483712820398,-0.00376961210897,0.0824155744119,-0.339415186458,-0.562351339106,-0.125945530483,0.743435287001,760
0.483804031433,-0.00376132267344,0.082450171816,-0.336588331953,-0.56149237103,-0.127698987015,0.745068842983,761
0.48362760461,-0.00376252018304,0.0823003443715,-0.337417918733,-0.561445907055,-0.126894434083,0.744866057871,762
0.483233854392,-0.00452113984281,0.0815271117258,-0.35396148165,-0.566254345022,-0.10279020872,0.737225514509,763
0.483374000954,-0.00437885723868,0.0818885343237,-0.344735104245,-0.563406009302,-0.116087736562,0.741791759191,764
0.483471061871,-0.00433183946148,0.0824487134924,-0.331641940421,-0.559071254999,-0.135123090496,0.747793223828,765
0.483173492456,-0.00476626422494,0.081031488951,-0.36605084365,-0.569628973606,-0.0834360653819,0.731141597288,766
0.483566768569,-0.00434812677423,0.0818799840664,-0.34699043289,-0.564219954884,-0.112629914574,0.74065375469,767
0.483358483473,-0.00479226069294,0.0811885446062,-0.365961166314,-0.569362327776,-0.0857267162881,0.731129191438,768
0.483333816711,-0.00484595051506,0.0810707936368,-0.369716558221,-0.570764113929,-0.0794674569083,0.728850407231,769
0.482969513989,-0.00534810485721,0.0802590574016,-0.388226937178,-0.57577331765,-0.0500757633904,0.717814286465,770
0.483004689137,-0.00547491292915,0.0800645507279,-0.393146224022,-0.576903607738,-0.0413705663786,0.714777413013,771
0.483433534075,-0.00503211576217,0.0812161486861,-0.365007093029,-0.569393914295,-0.0869922450327,0.731431980232,772
0.48309933159,-0.00540512271196,0.0802063241928,-0.388882541411,-0.575539027763,-0.0483278598452,0.717767103224,773
0.483068577112,-0.00520513875949,0.0805481839179,-0.382369236068,-0.573317328282,-0.0589434611676,0.722237271806,774
0.482891905356,-0.00531509372198,0.0802100257849,-0.390736239476,-0.575023120123,-0.0455621452276,0.717354649672,775
0.483181765344,-0.00470434995186,0.0812802263643,-0.361328715344,-0.569393255234,-0.0894237397215,0.732964033999,776
0.483292605541,-0.00474148192873,0.081261407056,-0.3644282635,-0.567411337381,-0.0871953202845,0.733234881258,777
0.482992302188,-0.0050393514343,0.0804712308202,-0.379426602097,-0.572960982312,-0.0643238999164,0.723611499541,778
0.483263370576,-0.00473948625012,0.0812149297587,-0.36127047136,-0.567968254863,-0.0923845717051,0.733730740055,779
0.48336533844,-0.0046727907632,0.081487751845,-0.354648878994,-0.566157021211,-0.102173468461,0.737055616832,780
0.483528806344,-0.00453596039805,0.0819064309702,-0.344571449365,-0.563101527034,-0.117010168416,0.741954046435,781
0.483307332317,-0.00475976994077,0.0812524504271,-0.361535696633,-0.568301879176,-0.0919149153529,0.733400683475,782
0.483305132285,-0.00488904730234,0.0809636416698,-0.372093726963,-0.571157273437,-0.0767989225862,0.727617724389,783
0.483032207902,-0.00522477457271,0.0804229127069,-0.384681583542,-0.574949685737,-0.0564775051002,0.719905014271,784
0.483053368657,-0.0051733343326,0.0803336303055,-0.385465054263,-0.575510315427,-0.0522969802197,0.719353595,785
0.483277179246,-0.00499552305245,0.0810633132291,-0.369722919406,-0.570842932424,-0.0811705741902,0.728597726632,786
0.483572296486,-0.00488838433136,0.0815096228203,-0.357784887744,-0.56725195684,-0.0981180856632,0.735246919632,787
0.483676705671,-0.00472440893108,0.0818004849085,-0.350590683632,-0.564883873724,-0.109314058571,0.738947101189,788
0.483341991605,-0.0044636734807,0.0816827732415,-0.353558897817,-0.567174047641,-0.101917666775,0.736832745375,789
0.483059360827,-0.00484404415173,0.080640714068,-0.375983671031,-0.573301715304,-0.0668675666148,0.724906994643,790
0.483214472989,-0.00448154909119,0.0814614684799,-0.356513636616,-0.567639996898,-0.0972972687185,0.735673910322,791
0.483789094308,-0.00409008962018,0.0828729588105,-0.322261885807,-0.556886306027,-0.148259031607,0.751028746895,792
0.483961074559,-0.00390536252118,0.0832383456372,-0.316208848371,-0.554303880454,-0.157275969686,0.753673299039,793
0.48379207671,-0.00408307641078,0.082991200812,-0.319800984341,-0.55578360285,-0.152259854898,0.752096306203,794
0.483634858857,-0.00437911676902,0.0824481110638,-0.334071969696,-0.560325850646,-0.131935057923,0.746340405346,795
0.484237072458,-0.00429612337839,0.0838870665513,-0.29580809143,-0.54642621675,-0.186031186144,0.76112309154,796
0.484178728073,-0.00431642814143,0.0837399179597,-0.300479910408,-0.548237531772,-0.17981234495,0.759483345967,797
0.484190273422,-0.00427033729467,0.0837943051478,-0.300431048792,-0.548214412407,-0.180743763367,0.759298251647,798
0.483311240007,-0.00474116572182,0.0813926524104,-0.360549889722,-0.568515958269,-0.093608820466,0.733505808393,799
0.483137387815,-0.00496354116286,0.080848786186,-0.374346635819,-0.571955402137,-0.0734888670842,0.726175599033,800
0.482814067842,-0.0053216275201,0.0800921234156,-0.393788820438,-0.576482184373,-0.040766444611,0.714798400244,801
0.483196667923,-0.00500248985821,0.0805218341354,-0.383166904646,-0.574569894334,-0.0566647531508,0.721000461483,802
0.483312408635,-0.00475550124292,0.0809420423395,-0.372878241866,-0.571958802722,-0.0726616478766,0.727011161992,803
0.484594915699,-0.00420185895038,0.0844029234279,-0.282641070473,-0.542300768225,-0.201530944057,0.765120370042,804
0.484186665409,-0.0041236569984,0.0834437433848,-0.309146572983,-0.552028537928,-0.168110455536,0.755931058011,805
0.483368230045,-0.00454453459654,0.0814368629535,-0.357458853099,-0.567992396156,-0.0953776004039,0.735194477395,806
0.483702762415,-0.00401788616693,0.0825065455978,-0.330850488588,-0.560106085027,-0.134777841267,0.747431643176,807
0.483765439995,-0.00425698191658,0.0822286418101,-0.335456101484,-0.561235459238,-0.12886483746,0.745572140666,808
0.483781426128,-0.00407383088155,0.0827034300985,-0.325362241687,-0.557694999924,-0.143812821028,0.74995571286,809
0.483801446105,-0.00426877560017,0.0823480568367,-0.333481021613,-0.561171225781,-0.131473192965,0.746050978895,810
0.48296980142,-0.00524247115038,0.080236781952,-0.386002090549,-0.574619276972,-0.054262204917,0.719632326777,811
0.483124179768,-0.00513042966314,0.0805965596898,-0.377063449749,-0.573094571215,-0.0661149118624,0.724578902354,812
0.482943925221,-0.00522319860296,0.0802991156187,-0.386637501664,-0.574999441347,-0.0544179188426,0.718975503662,813
0.483114832717,-0.00529783452095,0.0806930975438,-0.37930919098,-0.572440210373,-0.0658907756911,0.723944161428,814
0.483423129296,-0.00479107191338,0.0817502644129,-0.353859736749,-0.565535648405,-0.104118722327,0.737639484268,815
0.483144683443,-0.00519526187198,0.0810218048753,-0.373839885757,-0.570849087297,-0.0743566490968,0.727218088392,816
0.483102492272,-0.00514773694877,0.0807559835074,-0.378585635204,-0.573091381961,-0.0671363585579,0.723693232038,817
0.482912349964,-0.00531712894285,0.0803704144722,-0.386952984722,-0.575117515054,-0.0533534276067,0.718791098481,818
0.483029129854,-0.00510021971461,0.0806921585207,-0.377307677821,-0.572923012796,-0.0671324376855,0.724493874009,819
0.482892986386,-0.0051888362691,0.0802788886013,-0.386014028792,-0.574934361733,-0.0529462058375,0.719472270878,820
0.483181602926,-0.00495670895218,0.0807265599331,-0.372896852172,-0.571897814121,-0.0725163907268,0.727064096844,821
0.482768828658,-0.00524515426363,0.0798849653764,-0.392991803343,-0.576520279439,-0.041190061747,0.715181927004,822
0.482962602189,-0.00470185706405,0.0807469529757,-0.370940430741,-0.571546303525,-0.0741349911736,0.728177191934,823
0.482941069085,-0.00472009353157,0.0807089647135,-0.372410408687,-0.572038269808,-0.0719436078834,0.727259804101,824
0.483089426572,-0.00490496937207,0.0806198424697,-0.373060444121,-0.57223209102,-0.0717250698764,0.726795606336,825
0.48333609519,-0.00474652260207,0.0810258640505,-0.367797547507,-0.571404836846,-0.0797518996193,0.729288085042,826
0.482984282711,-0.00543938611111,0.0799633323842,-0.39237337234,-0.576818198409,-0.0421589549981,0.715224807439,827
0.48309237812,-0.00519544803938,0.0804509446252,-0.382081712869,-0.574043411344,-0.0610294710112,0.721639196726,828
0.483114771116,-0.00526080686173,0.0805154188027,-0.381514865493,-0.573780878227,-0.0626754682999,0.722006715247,829
0.483335343936,-0.00504691299542,0.0812867285839,-0.36540625237,-0.568737762464,-0.0870297826431,0.731738645425,830
0.483642306027,-0.00424061494856,0.0829270170399,-0.326610285924,-0.559420552643,-0.141764948741,0.748516576782,831
0.484007974135,-0.00395692166726,0.0839703997397,-0.299677577224,-0.54965102606,-0.179275433831,0.758905407864,832
0.483720290499,-0.00419238233782,0.0831749031449,-0.319347026089,-0.556620340665,-0.152246176575,0.751673050604,833
0.483271057754,-0.00493475903217,0.0812563039273,-0.362946923699,-0.568674901657,-0.0906936710699,0.732566068577,834
0.483358385642,-0.00434167898945,0.0821316185966,-0.341752273114,-0.563660048598,-0.118880046711,0.74253637482,835
0.483192250122,-0.00448168071139,0.0816702576092,-0.350900923247,-0.566133991936,-0.105470965984,0.738401463009,836
0.483115324981,-0.00475113488159,0.0810207147552,-0.364492433926,-0.569736362369,-0.085381379926,0.731611756991,837
0.483575827466,-0.00416735742727,0.0823031174838,-0.336963247934,-0.56205087097,-0.126414337835,0.744697256054,838
0.483599625173,-0.00408571461543,0.082394843254,-0.334716156585,-0.561662207945,-0.129313791385,0.745505601619,839
