1,1453147191,732000000,-0.00141208067462,-0.00256462089728,0.000403159994157,0.681951803539,-0.00331188573525,0.000258404166895,0.731389569443,0
1,1453147191,758000000,-0.00178228178885,-0.00292804691744,0.0005306287903,0.682260087646,-0.00411153041844,0.000494601109313,0.731097820741,1
1,1453147191,764000000,-0.00178228178885,-0.00292804691744,0.0005306287903,0.682260087646,-0.00411153041844,0.000494601109313,0.731097820741,2
1,1453147191,785000000,-0.00206585422872,-0.00344107579247,0.000689006372247,0.682689790804,-0.00517319013417,0.000567939596144,0.730689787174,3
1,1453147191,808000000,-0.00223438576153,-0.00381531051571,0.000791022152969,0.683009260836,-0.00594428462967,0.000578578025501,0.730385295813,4
1,1453147191,849000000,-0.00264923706941,-0.00457904654791,0.00101197388771,0.683658976151,-0.00761117693468,0.00071920646036,0.729761575486,5
1,1453147191,849000000,-0.00264923706941,-0.00457904654791,0.00101197388771,0.683658976151,-0.00761117693468,0.00071920646036,0.729761575486,6
1,1453147191,785000000,-0.00206585422872,-0.00344107579247,0.000689006372247,0.682689790804,-0.00517319013417,0.000567939596144,0.730689787174,7
1,1453147191,870000000,-0.00289252678481,-0.00496202565197,0.00111352181657,0.683935286414,-0.00855513679288,0.00081476584463,0.729492062869,8
1,1453147191,873000000,-0.00289252678481,-0.00496202565197,0.00111352181657,0.683935286414,-0.00855513679288,0.00081476584463,0.729492062869,9
1,1453147191,889000000,-0.00318768082572,-0.00530622297823,0.00121926967034,0.684161568456,-0.00949726447162,0.00103652948233,0.729267904012,10
1,1453147191,927000000,-0.00375638952145,-0.00579939683142,0.00138780171824,0.68449594887,-0.0110305195348,0.00149300039368,0.728931680316,11
1,1453147191,927000000,-0.00375638952145,-0.00579939683142,0.00138780171824,0.68449594887,-0.0110305195348,0.00149300039368,0.728931680316,12
1,1453147191,937000000,-0.00398344913321,-0.00595174964692,0.00144451225904,0.684587787317,-0.011544444591,0.00169474724487,0.728837029168,13
1,1453147191,977000000,-0.00532429924194,-0.00666863302407,0.00171702512308,0.684955504568,-0.014177096462,0.00309228516765,0.728440391844,14
1,1453147191,985000000,-0.00532429924194,-0.00666863302407,0.00171702512308,0.684955504568,-0.014177096462,0.00309228516765,0.728440391844,15
1,1453147192,10000000,-0.00633822230319,-0.00707554442196,0.00187282967789,0.685063628149,-0.0158531434613,0.00418863199722,0.728298674029,16
1,1453147192,13000000,-0.00633822230319,-0.00707554442196,0.00187282967789,0.685063628149,-0.0158531434613,0.00418863199722,0.728298674029,17
1,1453147192,34000000,-0.00750013072996,-0.00742262395289,0.00198521938907,0.684977484686,-0.0178477082078,0.00534629914356,0.728325972261,18
1,1453147192,38000000,-0.00750013072996,-0.00742262395289,0.00198521938907,0.684977484686,-0.0178477082078,0.00534629914356,0.728325972261,19
1,1453147192,56000000,-0.00833994584456,-0.00752538678412,0.00198803529304,0.684679981168,-0.0194802209653,0.00601799645961,0.7285585962,20
1,1453147192,87000000,-0.00922638401218,-0.0074715575928,0.00189852951451,0.684041555878,-0.021353832549,0.00660521273156,0.729100497073,21
1,1453147192,87000000,-0.00922638401218,-0.0074715575928,0.00189852951451,0.684041555878,-0.021353832549,0.00660521273156,0.729100497073,22
1,1453147192,100000000,-0.0101486386881,-0.0071798840661,0.00168632479899,0.68306774994,-0.0235509559972,0.0070163108921,0.729941485905,23
1,1453147192,133000000,-0.0116126053714,-0.00605606013217,0.00109279693973,0.680816419536,-0.0275879192348,0.00735624422971,0.731897393952,24
1,1453147192,158000000,-0.0127062997889,-0.00471994324969,0.00071264759507,0.678875460699,-0.030229318047,0.00789550981182,0.733588411929,25
1,1453147192,173000000,-0.0148170029477,-0.00221836783688,0.000309771525971,0.675629925562,-0.0326179187359,0.0105700602197,0.736443174243,26
1,1453147192,183000000,-0.0148170029477,-0.00221836783688,0.000309771525971,0.675629925562,-0.0326179187359,0.0105700602197,0.736443174243,27
1,1453147192,223000000,-0.0179244022445,0.00205653920791,-0.000433772023252,0.669868210246,-0.0348756148238,0.0146991910879,0.741514805094,28
1,1453147192,227000000,-0.0179244022445,0.00205653920791,-0.000433772023252,0.669868210246,-0.0348756148238,0.0146991910879,0.741514805094,29
1,1453147192,229000000,-0.0179244022445,0.00205653920791,-0.000433772023252,0.669868210246,-0.0348756148238,0.0146991910879,0.741514805094,30
1,1453147192,259000000,-0.0207471999675,0.00786760141241,-0.00128031358145,0.661790554367,-0.0378380830089,0.0168521539404,0.748543616988,31
1,1453147192,262000000,-0.0207471999675,0.00786760141241,-0.00128031358145,0.661790554367,-0.0378380830089,0.0168521539404,0.748543616988,32
1,1453147192,294000000,-0.0233533826645,0.0162308951971,-0.00271352084369,0.649653252127,-0.040529221741,0.0180508457726,0.75893491233,33
1,1453147192,325000000,-0.0239634888774,0.0188250462849,-0.00312551568268,0.645649702106,-0.0413789113681,0.0177823615496,0.762304424415,34
1,1453147192,325000000,-0.0239634888774,0.0188250462849,-0.00312551568268,0.645649702106,-0.0413789113681,0.0177823615496,0.762304424415,35
1,1453147192,379000000,-0.0268300398724,0.0384444805516,-0.00414022277579,0.61965621319,-0.0517963313429,0.00501853538396,0.783146302945,36
1,1453147192,379000000,-0.0268300398724,0.0384444805516,-0.00414022277579,0.61965621319,-0.0517963313429,0.00501853538396,0.783146302945,37
1,1453147192,379000000,-0.0268300398724,0.0384444805516,-0.00414022277579,0.61965621319,-0.0517963313429,0.00501853538396,0.783146302945,38
1,1453147192,393000000,-0.0280398441328,0.0488926844941,-0.0030642331276,0.609848323159,-0.0583592657381,-0.0057626966843,0.790345500505,39
1,1453147192,434000000,-0.0282705497911,0.0604730695859,-0.00108748436446,0.606285240598,-0.0632990652641,-0.0175644447297,0.792529447813,40
1,1453147192,434000000,-0.0282705497911,0.0604730695859,-0.00108748436446,0.606285240598,-0.0632990652641,-0.0175644447297,0.792529447813,41
1,1453147192,434000000,-0.0282705497911,0.0604730695859,-0.00108748436446,0.606285240598,-0.0632990652641,-0.0175644447297,0.792529447813,42
1,1453147192,434000000,-0.0282705497911,0.0604730695859,-0.00108748436446,0.606285240598,-0.0632990652641,-0.0175644447297,0.792529447813,43
1,1453147192,463000000,-0.0276423693939,0.0726920311107,0.00159900446243,0.609631699506,-0.067630218687,-0.0300018010455,0.789224452493,44
1,1453147192,466000000,-0.0276423693939,0.0726920311107,0.00159900446243,0.609631699506,-0.067630218687,-0.0300018010455,0.789224452493,45
1,1453147192,489000000,-0.0248365549777,0.0857180714048,0.00441466930186,0.619724343693,-0.0713230015264,-0.0415830906993,0.780464998482,46
1,1453147192,514000000,-0.0219477400509,0.095065314556,0.00614237272661,0.62873396056,-0.073986865314,-0.0483244286879,0.772582875937,47
1,1453147192,514000000,-0.0219477400509,0.095065314556,0.00614237272661,0.62873396056,-0.073986865314,-0.0483244286879,0.772582875937,48
1,1453147192,535000000,-0.0171276946297,0.10993533527,0.00839570192578,0.644508458314,-0.0754150371512,-0.0555041515741,0.758841688689,49
1,1453147192,561000000,-0.013698364864,0.120520251969,0.00990736766007,0.656847129686,-0.0740111536982,-0.0574782907852,0.748178082704,50
1,1453147192,567000000,-0.013698364864,0.120520251969,0.00990736766007,0.656847129686,-0.0740111536982,-0.0574782907852,0.748178082704,51
1,1453147192,591000000,-0.00793320792082,0.138003656801,0.0127077869825,0.677022679359,-0.0698410096366,-0.0567054728651,0.730443026083,52
1,1453147192,595000000,-0.00793320792082,0.138003656801,0.0127077869825,0.677022679359,-0.0698410096366,-0.0567054728651,0.730443026083,53
1,1453147192,623000000,-0.000343870707532,0.161243066989,0.0172280940005,0.704777391376,-0.0676661699622,-0.0560470860524,0.703966506442,54
1,1453147192,627000000,-0.000343870707532,0.161243066989,0.0172280940005,0.704777391376,-0.0676661699622,-0.0560470860524,0.703966506442,55
1,1453147192,661000000,0.00653416705928,0.178580870952,0.0228796225546,0.72448524168,-0.0692996518719,-0.0573709643952,0.683393931259,56
1,1453147192,658000000,0.00653416705928,0.178580870952,0.0228796225546,0.72448524168,-0.0692996518719,-0.0573709643952,0.683393931259,57
1,1453147192,700000000,0.0169013256501,0.201721015264,0.0277145632195,0.747520564739,-0.0741921295176,-0.0635786227317,0.657013159641,58
1,1453147192,700000000,0.0169013256501,0.201721015264,0.0277145632195,0.747520564739,-0.0741921295176,-0.0635786227317,0.657013159641,59
1,1453147192,731000000,0.0255916606995,0.218500305399,0.030332621058,0.760519020898,-0.082434273168,-0.0747866059634,0.639704910899,60
1,1453147192,731000000,0.0255916606995,0.218500305399,0.030332621058,0.760519020898,-0.082434273168,-0.0747866059634,0.639704910899,61
1,1453147192,734000000,0.0255916606995,0.218500305399,0.030332621058,0.760519020898,-0.082434273168,-0.0747866059634,0.639704910899,62
1,1453147192,761000000,0.034171838743,0.234046230743,0.0316999564546,0.768876624914,-0.0947528101658,-0.0927964043075,0.625491381214,63
1,1453147192,761000000,0.034171838743,0.234046230743,0.0316999564546,0.768876624914,-0.0947528101658,-0.0927964043075,0.625491381214,64
1,1453147192,785000000,0.0439501039106,0.249203571922,0.0311926418737,0.772119703367,-0.109485496665,-0.116107415619,0.615112313102,65
1,1453147192,825000000,0.055653039092,0.268706199286,0.0274839634102,0.769191268346,-0.127084559618,-0.14583488937,0.609037348977,66
1,1453147192,825000000,0.055653039092,0.268706199286,0.0274839634102,0.769191268346,-0.127084559618,-0.14583488937,0.609037348977,67
1,1453147192,839000000,0.0578403360326,0.273564924569,0.0259783062057,0.767425725768,-0.130191689928,-0.151417569739,0.609245926435,68
1,1453147192,865000000,0.0652035671139,0.288359513788,0.0202749061228,0.759466809691,-0.135768611122,-0.163144113078,0.614948003964,69
1,1453147192,865000000,0.0652035671139,0.288359513788,0.0202749061228,0.759466809691,-0.135768611122,-0.163144113078,0.614948003964,70
1,1453147192,896000000,0.0713625315198,0.302701416283,0.0123491838642,0.747023838051,-0.137082485415,-0.169346652479,0.628080798043,71
1,1453147192,902000000,0.0713625315198,0.302701416283,0.0123491838642,0.747023838051,-0.137082485415,-0.169346652479,0.628080798043,72
1,1453147192,932000000,0.076613219358,0.315892896824,0.00298107340805,0.732737255159,-0.137859573376,-0.176522747147,0.642596741876,73
1,1453147192,936000000,0.0789112003394,0.320386803606,0.000821577334826,0.730099942242,-0.139334489623,-0.180791656473,0.644091881093,74
1,1453147192,960000000,0.0838754210803,0.331574705667,-0.00214915308064,0.724704376553,-0.141873399053,-0.185885998506,0.648168111531,75
1,1453147192,965000000,0.0838754210803,0.331574705667,-0.00214915308064,0.724704376553,-0.141873399053,-0.185885998506,0.648168111531,76
1,1453147193,2000000,0.0930251688742,0.356955799984,-0.00831477450276,0.7061940919,-0.137889189958,-0.188980553263,0.66825356441,77
1,1453147193,2000000,0.0930251688742,0.356955799984,-0.00831477450276,0.7061940919,-0.137889189958,-0.188980553263,0.66825356441,78
1,1453147193,52000000,0.101966634454,0.385270220826,-0.0151434851747,0.689040162783,-0.113341490391,-0.173421902349,0.694479808499,79
1,1453147193,52000000,0.101966634454,0.385270220826,-0.0151434851747,0.689040162783,-0.113341490391,-0.173421902349,0.694479808499,80
1,1453147193,74000000,0.104994781057,0.394369199893,-0.0190142865064,0.68201404247,-0.105261590611,-0.170802287147,0.703280471875,81
1,1453147193,76000000,0.104994781057,0.394369199893,-0.0190142865064,0.68201404247,-0.105261590611,-0.170802287147,0.703280471875,82
1,1453147193,52000000,0.101966634454,0.385270220826,-0.0151434851747,0.689040162783,-0.113341490391,-0.173421902349,0.694479808499,83
1,1453147193,109000000,0.111992935265,0.40896052763,-0.0256991225904,0.668580040546,-0.0968904795075,-0.173000212049,0.716717441531,84
1,1453147193,139000000,0.117257612744,0.419208115303,-0.0298388028723,0.65964625955,-0.0902054505988,-0.174527936376,0.725444545343,85
1,1453147193,137000000,0.117257612744,0.419208115303,-0.0298388028723,0.65964625955,-0.0902054505988,-0.174527936376,0.725444545343,86
1,1453147193,113000000,0.111992935265,0.40896052763,-0.0256991225904,0.668580040546,-0.0968904795075,-0.173000212049,0.716717441531,87
1,1453147193,161000000,0.122427896743,0.428954233108,-0.0331646975383,0.651473025522,-0.0827390872431,-0.175061163275,0.733546678523,88
1,1453147193,189000000,0.126051359437,0.434939126596,-0.0354389024767,0.645899240674,-0.0790430799421,-0.176737074344,0.738464873208,89
1,1453147193,169000000,0.122427896743,0.428954233108,-0.0331646975383,0.651473025522,-0.0827390872431,-0.175061163275,0.733546678523,90
1,1453147193,196000000,0.126051359437,0.434939126596,-0.0354389024767,0.645899240674,-0.0790430799421,-0.176737074344,0.738464873208,91
1,1453147193,228000000,0.133298043242,0.445832440791,-0.0394578180867,0.633749316564,-0.0774417719091,-0.184026727411,0.747327732201,92
1,1453147193,270000000,0.139760254517,0.455256218027,-0.0426395219041,0.622434448397,-0.0812292584796,-0.19290114457,0.754165972077,93
1,1453147193,265000000,0.139760254517,0.455256218027,-0.0426395219041,0.622434448397,-0.0812292584796,-0.19290114457,0.754165972077,94
1,1453147193,226000000,0.133298043242,0.445832440791,-0.0394578180867,0.633749316564,-0.0774417719091,-0.184026727411,0.747327732201,95
1,1453147193,289000000,0.142278951436,0.459602661547,-0.0435860949037,0.618684150691,-0.0811941445642,-0.194621784102,0.756808954575,96
1,1453147193,322000000,0.145797644386,0.467052512043,-0.0445624674992,0.614798487039,-0.0777747083151,-0.194099815239,0.760459845623,97
1,1453147193,322000000,0.145797644386,0.467052512043,-0.0445624674992,0.614798487039,-0.0777747083151,-0.194099815239,0.760459845623,98
1,1453147193,355000000,0.148697767062,0.471624160715,-0.0450474336071,0.612768627004,-0.0765374281567,-0.194988801716,0.761994750019,99
1,1453147193,359000000,0.148697767062,0.471624160715,-0.0450474336071,0.612768627004,-0.0765374281567,-0.194988801716,0.761994750019,100
1,1453147193,365000000,0.148697767062,0.471624160715,-0.0450474336071,0.612768627004,-0.0765374281567,-0.194988801716,0.761994750019,101
1,1453147193,380000000,0.152657884093,0.476046340576,-0.0457642204866,0.609715049936,-0.0773065769819,-0.198125571318,0.763555832292,102
1,1453147193,404000000,0.155639401182,0.479243237813,-0.0463784161391,0.607523974836,-0.0776980730803,-0.20063641361,0.764606211702,103
1,1453147193,431000000,0.15864981163,0.482791298171,-0.0470762207682,0.60514802146,-0.0776865847417,-0.202852407536,0.765905717064,104
1,1453147193,462000000,0.163066968805,0.488674849435,-0.0480410937388,0.60167509801,-0.076930997337,-0.205530748106,0.768001178167,105
1,1453147193,484000000,0.167377614329,0.494779402701,-0.0489587487026,0.59780902058,-0.0772961291581,-0.208482853343,0.770184772112,106
1,1453147193,494000000,0.167377614329,0.494779402701,-0.0489587487026,0.59780902058,-0.0772961291581,-0.208482853343,0.770184772112,107
1,1453147193,509000000,0.168890660701,0.497011979143,-0.0493095693194,0.596209602026,-0.0775216944105,-0.209669469338,0.771079250774,108
1,1453147193,538000000,0.174069349028,0.507229844098,-0.0507322890495,0.58923206984,-0.0768327560718,-0.213549550115,0.775434642708,109
1,1453147193,538000000,0.174069349028,0.507229844098,-0.0507322890495,0.58923206984,-0.0768327560718,-0.213549550115,0.775434642708,110
1,1453147193,538000000,0.174069349028,0.507229844098,-0.0507322890495,0.58923206984,-0.0768327560718,-0.213549550115,0.775434642708,111
1,1453147193,564000000,0.17756322324,0.516088497645,-0.0523824536913,0.583135349921,-0.0733290041623,-0.214249666784,0.780175045168,112
1,1453147193,569000000,0.17756322324,0.516088497645,-0.0523824536913,0.583135349921,-0.0733290041623,-0.214249666784,0.780175045168,113
1,1453147193,600000000,0.181383096124,0.525174816764,-0.0542777784618,0.575873750065,-0.0697146534248,-0.214705596058,0.785754922418,114
1,1453147193,600000000,0.181383096124,0.525174816764,-0.0542777784618,0.575873750065,-0.0697146534248,-0.214705596058,0.785754922418,115
1,1453147193,639000000,0.188058156519,0.537494844919,-0.0565166065811,0.56272827971,-0.071644419307,-0.221766448698,0.793110082289,116
1,1453147193,645000000,0.189898622547,0.540755263653,-0.0572785825521,0.558353842157,-0.0737559244349,-0.224221740485,0.795314819209,117
1,1453147193,645000000,0.189898622547,0.540755263653,-0.0572785825521,0.558353842157,-0.0737559244349,-0.224221740485,0.795314819209,118
1,1453147193,669000000,0.195596817253,0.55182069883,-0.0596357322887,0.544131897426,-0.0767509364257,-0.231053569546,0.802897266131,119
1,1453147193,673000000,0.195596817253,0.55182069883,-0.0596357322887,0.544131897426,-0.0767509364257,-0.231053569546,0.802897266131,120
1,1453147193,703000000,0.201827457136,0.564652649509,-0.0617807854683,0.527875722081,-0.0776294206141,-0.236630774284,0.811989391405,121
1,1453147193,728000000,0.206803018833,0.574114472657,-0.0632199332044,0.514369544964,-0.0797231338294,-0.241709828627,0.818928905273,122
1,1453147193,728000000,0.206803018833,0.574114472657,-0.0632199332044,0.514369544964,-0.0797231338294,-0.241709828627,0.818928905273,123
1,1453147193,759000000,0.215753829824,0.589741949533,-0.0649957218433,0.490395138827,-0.087410990541,-0.250836514874,0.830031908636,124
1,1453147193,759000000,0.215753829824,0.589741949533,-0.0649957218433,0.490395138827,-0.087410990541,-0.250836514874,0.830031908636,125
1,1453147193,787000000,0.226614647555,0.608255098922,-0.0662172824646,0.460938682691,-0.0952280505935,-0.260078709087,0.843105102736,126
1,1453147193,787000000,0.226614647555,0.608255098922,-0.0662172824646,0.460938682691,-0.0952280505935,-0.260078709087,0.843105102736,127
1,1453147193,822000000,0.246484780396,0.639236755009,-0.0667856324148,0.412615702727,-0.104839464552,-0.274416738095,0.862236871392,128
1,1453147193,822000000,0.246484780396,0.639236755009,-0.0667856324148,0.412615702727,-0.104839464552,-0.274416738095,0.862236871392,129
1,1453147193,855000000,0.270713589364,0.665782276237,-0.0676001056076,0.368559105732,-0.119398468231,-0.29259252067,0.874241275744,130
1,1453147193,855000000,0.270713589364,0.665782276237,-0.0676001056076,0.368559105732,-0.119398468231,-0.29259252067,0.874241275744,131
1,1453147193,890000000,0.302074402606,0.695417658038,-0.0684494775708,0.317401267561,-0.1396079535,-0.317452883991,0.882603943519,132
1,1453147193,913000000,0.324594318592,0.71692999386,-0.0677861843388,0.284086771858,-0.154243789052,-0.335048792727,0.885011788671,133
1,1453147193,917000000,0.324594318592,0.71692999386,-0.0677861843388,0.284086771858,-0.154243789052,-0.335048792727,0.885011788671,134
1,1453147193,938000000,0.358740797041,0.752616066951,-0.0637399383692,0.246413040678,-0.169262435984,-0.355969517402,0.885390616524,135
1,1453147193,938000000,0.358740797041,0.752616066951,-0.0637399383692,0.246413040678,-0.169262435984,-0.355969517402,0.885390616524,136
1,1453147193,957000000,0.392436631485,0.791477439067,-0.0576696521002,0.226225538729,-0.171941123695,-0.371866717984,0.883726993853,137
1,1453147193,991000000,0.414361526173,0.817898206653,-0.0536186569945,0.219651617105,-0.171142289292,-0.383349393739,0.880628597219,138
1,1453147194,7000000,0.425362222895,0.831187212063,-0.0518453934886,0.217868634765,-0.171101730205,-0.389876965583,0.878210343604,139
1,1453147193,991000000,0.414361526173,0.817898206653,-0.0536186569945,0.219651617105,-0.171142289292,-0.383349393739,0.880628597219,140
1,1453147194,32000000,0.474575065964,0.884960412641,-0.0461933358425,0.232433609025,-0.173723899947,-0.412043354228,0.863721539745,141
1,1453147194,35000000,0.474575065964,0.884960412641,-0.0461933358425,0.232433609025,-0.173723899947,-0.412043354228,0.863721539745,142
1,1453147194,81000000,0.515327660678,0.925601142561,-0.0435947788327,0.262550254017,-0.181472324531,-0.423379698849,0.847870739056,143
1,1453147194,81000000,0.515327660678,0.925601142561,-0.0435947788327,0.262550254017,-0.181472324531,-0.423379698849,0.847870739056,144
1,1453147194,104000000,0.572016689484,0.985049209097,-0.0403688347627,0.313753722347,-0.204495926768,-0.436032903309,0.818300265722,145
1,1453147194,132000000,0.617254831101,1.02879711779,-0.038899736309,0.362688712464,-0.226479899684,-0.441499838468,0.788822949415,146
1,1453147194,136000000,0.617254831101,1.02879711779,-0.038899736309,0.362688712464,-0.226479899684,-0.441499838468,0.788822949415,147
1,1453147194,159000000,0.662202636985,1.07051512532,-0.0377935745504,0.415041486696,-0.253452410084,-0.444835194111,0.752079842985,148
1,1453147194,192000000,0.70626479567,1.10822703692,-0.0366291260467,0.463982549348,-0.290012058482,-0.449755131825,0.705927419238,149
1,1453147194,209000000,0.70626479567,1.10822703692,-0.0366291260467,0.463982549348,-0.290012058482,-0.449755131825,0.705927419238,150
1,1453147194,209000000,0.70626479567,1.10822703692,-0.0366291260467,0.463982549348,-0.290012058482,-0.449755131825,0.705927419238,151
1,1453147194,239000000,0.761920240168,1.15286256874,-0.0346587317688,0.523534934451,-0.341930320264,-0.455213571205,0.633857581074,152
1,1453147194,236000000,0.761920240168,1.15286256874,-0.0346587317688,0.523534934451,-0.341930320264,-0.455213571205,0.633857581074,153
1,1453147194,266000000,0.799024073182,1.18336687937,-0.0331432504242,0.563985059096,-0.374753144448,-0.455995354364,0.577537159533,154
1,1453147194,270000000,0.799024073182,1.18336687937,-0.0331432504242,0.563985059096,-0.374753144448,-0.455995354364,0.577537159533,155
1,1453147194,294000000,0.832208628997,1.21244930138,-0.0317091286116,0.601476969345,-0.400377163906,-0.450074337128,0.524744388277,156
1,1453147194,300000000,0.832208628997,1.21244930138,-0.0317091286116,0.601476969345,-0.400377163906,-0.450074337128,0.524744388277,157
1,1453147194,322000000,0.861822111701,1.24042471731,-0.0307190046644,0.630699182195,-0.421924840619,-0.441115231898,0.479181930622,158
1,1453147194,326000000,0.861822111701,1.24042471731,-0.0307190046644,0.630699182195,-0.421924840619,-0.441115231898,0.479181930622,159
1,1453147194,345000000,0.880058245468,1.2588877432,-0.0304797019777,0.644143902365,-0.432955716033,-0.435195165729,0.456325704653,160
1,1453147194,368000000,0.898058059575,1.27753180946,-0.031444886521,0.652964455461,-0.438334847366,-0.430483347298,0.442926708598,161
1,1453147194,372000000,0.898058059575,1.27753180946,-0.031444886521,0.652964455461,-0.438334847366,-0.430483347298,0.442926708598,162
1,1453147194,412000000,0.93626639517,1.31592325808,-0.0416457556622,0.646157056007,-0.428824000326,-0.439914798205,0.452842142515,163
1,1453147194,417000000,0.93626639517,1.31592325808,-0.0416457556622,0.646157056007,-0.428824000326,-0.439914798205,0.452842142515,164
1,1453147194,440000000,0.961237345751,1.34241114563,-0.0526113562749,0.625147586633,-0.416644548808,-0.459488353834,0.473780822286,165
1,1453147194,440000000,0.961237345751,1.34241114563,-0.0526113562749,0.625147586633,-0.416644548808,-0.459488353834,0.473780822286,166
1,1453147194,456000000,0.979132669763,1.35981789446,-0.0575460800317,0.614863705711,-0.412394393457,-0.468509116024,0.482050511717,167
1,1453147194,481000000,1.0088743514,1.38646398376,-0.0592660743251,0.612546926945,-0.39733206469,-0.456532684507,0.508420495885,168
1,1453147194,489000000,1.0088743514,1.38646398376,-0.0592660743251,0.612546926945,-0.39733206469,-0.456532684507,0.508420495885,169
1,1453147194,521000000,1.04597733447,1.4220125425,-0.0655268117442,0.609297619579,-0.361705729831,-0.438467592593,0.552875705768,170
1,1453147194,543000000,1.06104257407,1.43840045979,-0.0693602768679,0.605458638723,-0.345792962725,-0.434841116766,0.56987741392,171
1,1453147194,554000000,1.06793949155,1.44597443279,-0.070877885099,0.60322203036,-0.339442984864,-0.433472852001,0.577064059436,172
1,1453147194,571000000,1.08077097019,1.45945074167,-0.0736128876758,0.596656909895,-0.331428061014,-0.434598048854,0.587605742126,173
1,1453147194,578000000,1.08077097019,1.45945074167,-0.0736128876758,0.596656909895,-0.331428061014,-0.434598048854,0.587605742126,174
1,1453147194,599000000,1.09272882952,1.47080069884,-0.0766463988202,0.587088641418,-0.328643349124,-0.440758337269,0.594182265238,175
1,1453147194,628000000,1.11003303751,1.4859588223,-0.0810224095987,0.572558760662,-0.325887948232,-0.450590859468,0.602446170333,176
1,1453147194,628000000,1.11003303751,1.4859588223,-0.0810224095987,0.572558760662,-0.325887948232,-0.450590859468,0.602446170333,177
1,1453147194,660000000,1.130531239,1.50594297227,-0.0852970370047,0.560785636333,-0.318409193707,-0.456561457728,0.612932859914,178
1,1453147194,665000000,1.130531239,1.50594297227,-0.0852970370047,0.560785636333,-0.318409193707,-0.456561457728,0.612932859914,179
1,1453147194,704000000,1.1484295802,1.52470492799,-0.0881919267487,0.55041594987,-0.314992149777,-0.462679437389,0.619475557165,180
1,1453147194,704000000,1.1484295802,1.52470492799,-0.0881919267487,0.55041594987,-0.314992149777,-0.462679437389,0.619475557165,181
1,1453147194,716000000,1.1484295802,1.52470492799,-0.0881919267487,0.55041594987,-0.314992149777,-0.462679437389,0.619475557165,182
1,1453147194,736000000,1.16083989576,1.53788394722,-0.0895581652787,0.542395503712,-0.316221861437,-0.468461921384,0.6215740343,183
1,1453147194,748000000,1.16083989576,1.53788394722,-0.0895581652787,0.542395503712,-0.316221861437,-0.468461921384,0.6215740343,184
1,1453147194,765000000,1.1729795702,1.55109240314,-0.0903301184471,0.535325480895,-0.318127191669,-0.473627820684,0.62281490581,185
1,1453147194,768000000,1.1729795702,1.55109240314,-0.0903301184471,0.535325480895,-0.318127191669,-0.473627820684,0.62281490581,186
1,1453147194,801000000,1.18508026244,1.56478989983,-0.0909631586286,0.529846790573,-0.31893717864,-0.477263408009,0.624308492635,187
1,1453147194,825000000,1.19709469662,1.57977447308,-0.0915640140558,0.525119864794,-0.318488700668,-0.480130161778,0.626329867479,188
1,1453147194,831000000,1.20107443857,1.58536457787,-0.0916943188621,0.523651888642,-0.317942656066,-0.480937564111,0.627216251704,189
1,1453147194,853000000,1.20947055838,1.59696752062,-0.092136655453,0.52081766703,-0.315866168801,-0.482170254671,0.62967401616,190
1,1453147194,853000000,1.20947055838,1.59696752062,-0.092136655453,0.52081766703,-0.315866168801,-0.482170254671,0.62967401616,191
1,1453147194,875000000,1.21838489004,1.60912507849,-0.0927617352668,0.51787758147,-0.312769316608,-0.483082761517,0.632936972158,192
1,1453147194,900000000,1.23366729604,1.62629399337,-0.0950238813163,0.512060887766,-0.307537887472,-0.485143833963,0.638631000936,193
1,1453147194,903000000,1.23366729604,1.62629399337,-0.0950238813163,0.512060887766,-0.307537887472,-0.485143833963,0.638631000936,194
1,1453147194,937000000,1.25680444462,1.64904452951,-0.0995646980779,0.499735367107,-0.302062054838,-0.491621976102,0.646011540534,195
1,1453147194,947000000,1.25680444462,1.64904452951,-0.0995646980779,0.499735367107,-0.302062054838,-0.491621976102,0.646011540534,196
1,1453147194,961000000,1.25680444462,1.64904452951,-0.0995646980779,0.499735367107,-0.302062054838,-0.491621976102,0.646011540534,197
1,1453147194,980000000,1.28175030008,1.67223385447,-0.103709592406,0.483425654095,-0.297358941831,-0.500187428125,0.653979994665,198
1,1453147194,983000000,1.28175030008,1.67223385447,-0.103709592406,0.483425654095,-0.297358941831,-0.500187428125,0.653979994665,199
1,1453147195,11000000,1.30270851149,1.69117771154,-0.107362790494,0.467912120728,-0.292929524233,-0.506768185494,0.662145412488,200
1,1453147195,11000000,1.30270851149,1.69117771154,-0.107362790494,0.467912120728,-0.292929524233,-0.506768185494,0.662145412488,201
1,1453147195,31000000,1.31887104587,1.7045244457,-0.110746482776,0.457348072667,-0.287976939466,-0.510056928246,0.669136721987,202
1,1453147195,33000000,1.31887104587,1.7045244457,-0.110746482776,0.457348072667,-0.287976939466,-0.510056928246,0.669136721987,203
1,1453147195,69000000,1.35587796283,1.73276985818,-0.11991696752,0.431173868783,-0.273230463999,-0.515685152704,0.688115565659,204
1,1453147195,69000000,1.35587796283,1.73276985818,-0.11991696752,0.431173868783,-0.273230463999,-0.515685152704,0.688115565659,205
1,1453147195,92000000,1.37615603651,1.74741248464,-0.124246943953,0.413873004404,-0.267225508611,-0.520893902604,0.697114915923,206
1,1453147195,126000000,1.40971077064,1.76918236763,-0.129616732823,0.380128497965,-0.2631678175,-0.532136249469,0.709278532643,207
1,1453147195,131000000,1.40971077064,1.76918236763,-0.129616732823,0.380128497965,-0.2631678175,-0.532136249469,0.709278532643,208
1,1453147195,138000000,1.40971077064,1.76918236763,-0.129616732823,0.380128497965,-0.2631678175,-0.532136249469,0.709278532643,209
1,1453147195,161000000,1.4581864013,1.7880116596,-0.134643033546,0.325777186535,-0.264351264873,-0.551814780611,0.720755216001,210
1,1453147195,164000000,1.4581864013,1.7880116596,-0.134643033546,0.325777186535,-0.264351264873,-0.551814780611,0.720755216001,211
1,1453147195,201000000,1.5239285248,1.8065321059,-0.138894306572,0.25900454478,-0.255777637177,-0.577944185698,0.730393705012,212
1,1453147195,210000000,1.5239285248,1.8065321059,-0.138894306572,0.25900454478,-0.255777637177,-0.577944185698,0.730393705012,213
1,1453147195,250000000,1.60376972973,1.82523334856,-0.139437424378,0.194634817155,-0.247887739468,-0.603926390886,0.732080508526,214
1,1453147195,250000000,1.60376972973,1.82523334856,-0.139437424378,0.194634817155,-0.247887739468,-0.603926390886,0.732080508526,215
1,1453147195,256000000,1.60376972973,1.82523334856,-0.139437424378,0.194634817155,-0.247887739468,-0.603926390886,0.732080508526,216
1,1453147195,279000000,1.68709123502,1.84475114872,-0.131479177881,0.156915926091,-0.250268921807,-0.622313166352,0.724892531277,217
1,1453147195,289000000,1.68709123502,1.84475114872,-0.131479177881,0.156915926091,-0.250268921807,-0.622313166352,0.724892531277,218
1,1453147195,318000000,1.74850507877,1.86179529015,-0.123194939959,0.14760591495,-0.245641894385,-0.633576074007,0.718647279297,219
1,1453147195,323000000,1.76859687065,1.86752935465,-0.120651314797,0.146173884559,-0.245443623861,-0.63820777435,0.714899615148,220
1,1453147195,351000000,1.82975128735,1.88362040427,-0.115420466091,0.152340302253,-0.251594058783,-0.651871655232,0.698967958493,221
1,1453147195,357000000,1.82975128735,1.88362040427,-0.115420466091,0.152340302253,-0.251594058783,-0.651871655232,0.698967958493,222
1,1453147195,362000000,1.85070440138,1.88876502272,-0.114369953225,0.159017010085,-0.254643565111,-0.654976889035,0.693451887359,223
1,1453147195,387000000,1.8931182807,1.89898145856,-0.113238761675,0.178090484611,-0.261906200972,-0.659114662938,0.682097340769,224
1,1453147195,387000000,1.8931182807,1.89898145856,-0.113238761675,0.178090484611,-0.261906200972,-0.659114662938,0.682097340769,225
1,1453147195,414000000,1.95633252285,1.91412056438,-0.113476437574,0.214158481751,-0.278831144533,-0.662365946492,0.661559287184,226
1,1453147195,414000000,1.95633252285,1.91412056438,-0.113476437574,0.214158481751,-0.278831144533,-0.662365946492,0.661559287184,227
1,1453147195,443000000,2.01925538979,1.92785434378,-0.115951717188,0.256978510423,-0.305240834591,-0.661637451284,0.634843257141,228
1,1453147195,448000000,2.01925538979,1.92785434378,-0.115951717188,0.256978510423,-0.305240834591,-0.661637451284,0.634843257141,229
1,1453147195,466000000,2.08234609215,1.93970807683,-0.120651762135,0.305167708773,-0.338157400579,-0.65553462898,0.602325984965,230
1,1453147195,494000000,2.12324842517,1.94647650566,-0.123972293476,0.336878588566,-0.363826712217,-0.649759229668,0.576156127715,231
1,1453147195,494000000,2.12324842517,1.94647650566,-0.123972293476,0.336878588566,-0.363826712217,-0.649759229668,0.576156127715,232
1,1453147195,517000000,2.16227423143,1.9518529852,-0.12684157,0.364142620562,-0.394162492237,-0.64486154724,0.544233099412,233
1,1453147195,536000000,2.2171017823,1.9570838677,-0.13093021176,0.39688068473,-0.443311761223,-0.637447986048,0.489510438635,234
1,1453147195,547000000,2.2171017823,1.9570838677,-0.13093021176,0.39688068473,-0.443311761223,-0.637447986048,0.489510438635,235
1,1453147195,564000000,2.250504005,1.95981693177,-0.133614236182,0.413483014645,-0.476074406759,-0.632955271474,0.449168765768,236
1,1453147195,571000000,2.250504005,1.95981693177,-0.133614236182,0.413483014645,-0.476074406759,-0.632955271474,0.449168765768,237
1,1453147195,590000000,2.29717083981,1.96392096482,-0.137669084627,0.432934151064,-0.521837806318,-0.625257900908,0.386401193182,238
1,1453147195,619000000,2.34014556942,1.96907630819,-0.140304433552,0.447008546761,-0.562202127823,-0.614489282489,0.326366432557,239
1,1453147195,622000000,2.34014556942,1.96907630819,-0.140304433552,0.447008546761,-0.562202127823,-0.614489282489,0.326366432557,240
1,1453147195,640000000,2.36700714681,1.97284893561,-0.141142121709,0.451461301787,-0.586030371724,-0.606681107975,0.291013968105,241
1,1453147195,666000000,2.40660837792,1.97831908007,-0.143916211619,0.452676086112,-0.611288569114,-0.597668047514,0.253384197047,242
1,1453147195,668000000,2.40660837792,1.97831908007,-0.143916211619,0.452676086112,-0.611288569114,-0.597668047514,0.253384197047,243
1,1453147195,688000000,2.4344420262,1.98137939779,-0.14864432875,0.452045839046,-0.615640613793,-0.597057924718,0.24528152923,244
1,1453147195,720000000,2.47724136049,1.98533097157,-0.159741443826,0.445656362471,-0.605846248495,-0.607452867481,0.255620311326,245
1,1453147195,740000000,2.50382313933,1.9885503268,-0.16762462071,0.438734071815,-0.594086095953,-0.61773418483,0.270145519519,246
1,1453147195,720000000,2.47724136049,1.98533097157,-0.159741443826,0.445656362471,-0.605846248495,-0.607452867481,0.255620311326,247
1,1453147195,746000000,2.50382313933,1.9885503268,-0.16762462071,0.438734071815,-0.594086095953,-0.61773418483,0.270145519519,248
1,1453147195,769000000,2.52988675115,1.9906005695,-0.173847160752,0.431154592896,-0.585148863459,-0.627291742211,0.279663359724,249
1,1453147195,799000000,2.57036763407,1.99050017911,-0.178507969801,0.423798004365,-0.571736400151,-0.634085304751,0.302404640404,250
1,1453147195,799000000,2.57036763407,1.99050017911,-0.178507969801,0.423798004365,-0.571736400151,-0.634085304751,0.302404640404,251
1,1453147195,831000000,2.62208901989,1.99571476663,-0.18731020497,0.428446505485,-0.542483921422,-0.635038738224,0.344776141708,252
1,1453147195,835000000,2.62208901989,1.99571476663,-0.18731020497,0.428446505485,-0.542483921422,-0.635038738224,0.344776141708,253
1,1453147195,859000000,2.6545519542,2.00466534504,-0.193831511572,0.441896069313,-0.516328922316,-0.628085696968,0.378999558272,254
1,1453147195,862000000,2.6545519542,2.00466534504,-0.193831511572,0.441896069313,-0.516328922316,-0.628085696968,0.378999558272,255
1,1453147195,881000000,2.67267540777,2.00942342124,-0.197353577111,0.445609670699,-0.505345318213,-0.626312633768,0.392161466136,256
1,1453147195,917000000,2.70343695354,2.01227363657,-0.20549931415,0.428264132715,-0.499455314506,-0.642097219918,0.393503979161,257
1,1453147195,898000000,2.67267540777,2.00942342124,-0.197353577111,0.445609670699,-0.505345318213,-0.626312633768,0.392161466136,258
1,1453147195,923000000,2.70343695354,2.01227363657,-0.20549931415,0.428264132715,-0.499455314506,-0.642097219918,0.393503979161,259
1,1453147195,944000000,2.71684683804,2.01225998367,-0.208988642208,0.413694797656,-0.501991524616,-0.653156707864,0.387617644823,260
1,1453147195,948000000,2.71684683804,2.01225998367,-0.208988642208,0.413694797656,-0.501991524616,-0.653156707864,0.387617644823,261
1,1453147195,962000000,2.72951881229,2.01293342544,-0.211955296147,0.399726897793,-0.505268981165,-0.662911994807,0.38140444543,262
1,1453147196,1000000,2.74815107523,2.01647773128,-0.215663210629,0.385176895683,-0.508194519126,-0.672076765791,0.376417202909,263
1,1453147196,1000000,2.74815107523,2.01647773128,-0.215663210629,0.385176895683,-0.508194519126,-0.672076765791,0.376417202909,264
1,1453147196,23000000,2.76696991743,2.02262448148,-0.218345415426,0.380338689414,-0.508520195028,-0.673993259568,0.377468910826,265
1,1453147196,27000000,2.76696991743,2.02262448148,-0.218345415426,0.380338689414,-0.508520195028,-0.673993259568,0.377468910826,266
1,1453147196,40000000,2.77940074754,2.02716283978,-0.219930721001,0.379091851524,-0.508548437187,-0.673719193417,0.379170546806,267
1,1453147196,57000000,2.79154123412,2.03138443254,-0.221597739298,0.376477178611,-0.509390608792,-0.674381079752,0.379468445239,268
1,1453147196,70000000,2.79749423314,2.03334565938,-0.22246053187,0.374360802713,-0.510221254179,-0.675241730751,0.378915381356,269
1,1453147196,95000000,2.80934131118,2.0369925985,-0.224263482985,0.368378601602,-0.512641793945,-0.677927273859,0.376709713626,270
1,1453147196,131000000,2.83404436505,2.04412329962,-0.227914462382,0.354404378089,-0.517807837982,-0.684132415851,0.371800238432,271
1,1453147196,160000000,2.85445448343,2.04989235584,-0.230711902474,0.346415096633,-0.519432103694,-0.68710845452,0.371576159358,272
1,1453147196,165000000,2.85445448343,2.04989235584,-0.230711902474,0.346415096633,-0.519432103694,-0.68710845452,0.371576159358,273
1,1453147196,124000000,2.8276328462,2.04230036669,-0.227015429034,0.357592397527,-0.51674710928,-0.68281534393,0.372643674809,274
1,1453147196,169000000,2.86174681596,2.05182153102,-0.231689935822,0.34458240034,-0.519259448583,-0.687749212451,0.372335353152,275
1,1453147196,198000000,2.88510137599,2.05692747868,-0.234807191685,0.339340701279,-0.516967204668,-0.689973475414,0.376203935358,276
1,1453147196,223000000,2.9100530215,2.0610101219,-0.23823137357,0.328256760032,-0.515100149677,-0.695521813961,0.37837645487,277
1,1453147196,202000000,2.88510137599,2.05692747868,-0.234807191685,0.339340701279,-0.516967204668,-0.689973475414,0.376203935358,278
1,1453147196,229000000,2.9100530215,2.0610101219,-0.23823137357,0.328256760032,-0.515100149677,-0.695521813961,0.37837645487,279
1,1453147196,261000000,2.93705192441,2.06447889597,-0.242118848316,0.313608695525,-0.512566162281,-0.703316792238,0.379830231987,280
1,1453147196,288000000,2.96621459445,2.06760162728,-0.246028795993,0.301125822408,-0.506670885989,-0.710593191388,0.384272258593,281
1,1453147196,294000000,2.96621459445,2.06760162728,-0.246028795993,0.301125822408,-0.506670885989,-0.710593191388,0.384272258593,282
1,1453147208,360000000,4.3086343513,1.05635101659,0.481844737961,0.298416172174,-0.447763307159,-0.696557321939,0.474619538369,283
1,1453147208,360000000,4.3086343513,1.05635101659,0.481844737961,0.298416172174,-0.447763307159,-0.696557321939,0.474619538369,284
1,1453147208,380000000,4.30812150957,1.05452655883,0.481128833401,0.298906348832,-0.448453970648,-0.695908498091,0.474610780665,285
1,1453147208,417000000,4.30749600096,1.05267041591,0.480395248217,0.299194329082,-0.449333749513,-0.695385282256,0.474364041866,286
1,1453147208,417000000,4.30749600096,1.05267041591,0.480395248217,0.299194329082,-0.449333749513,-0.695385282256,0.474364041866,287
1,1453147208,435000000,4.30675471531,1.05082076973,0.47965067538,0.299361710868,-0.450416934885,-0.694903634899,0.473936798571,288
1,1453147208,460000000,4.30554663179,1.04808332914,0.478448429062,0.29977911029,-0.451953691481,-0.694126633487,0.473348246511,289
1,1453147208,460000000,4.30554663179,1.04808332914,0.478448429062,0.29977911029,-0.451953691481,-0.694126633487,0.473348246511,290
1,1453147208,481000000,4.3045254784,1.04633324659,0.477370026884,0.3003496797,-0.45329124193,-0.693353458269,0.472840461255,291
1,1453147208,517000000,4.30359706921,1.04452794995,0.476084968843,0.300635062028,-0.454438379255,-0.692791225366,0.472381876234,292
1,1453147208,521000000,4.30359706921,1.04452794995,0.476084968843,0.300635062028,-0.454438379255,-0.692791225366,0.472381876234,293
1,1453147208,529000000,4.30359706921,1.04452794995,0.476084968843,0.300635062028,-0.454438379255,-0.692791225366,0.472381876234,294
1,1453147208,546000000,4.30286082062,1.04252865729,0.474643210628,0.299919885348,-0.455399394258,-0.692979416002,0.471634374362,295
1,1453147208,552000000,4.30286082062,1.04252865729,0.474643210628,0.299919885348,-0.455399394258,-0.692979416002,0.471634374362,296
1,1453147208,578000000,4.30207495075,1.04206126145,0.472542762776,0.297966854428,-0.456420900077,-0.6935932874,0.470982024401,297
1,1453147208,586000000,4.30207495075,1.04206126145,0.472542762776,0.297966854428,-0.456420900077,-0.6935932874,0.470982024401,298
1,1453147208,606000000,4.3019914394,1.04202372147,0.471483905963,0.297588610878,-0.456228146926,-0.693558035106,0.471459593781,299
1,1453147208,616000000,4.30201581509,1.04205752315,0.470960499797,0.297530027404,-0.455948120537,-0.693482693888,0.471878106559,300
1,1453147208,639000000,4.30218210091,1.04238692516,0.469614405551,0.297436435678,-0.454907498714,-0.693200601915,0.473353630861,301
1,1453147208,636000000,4.30218210091,1.04238692516,0.469614405551,0.297436435678,-0.454907498714,-0.693200601915,0.473353630861,302
1,1453147208,659000000,4.30228054396,1.04277535188,0.468898618823,0.29708746217,-0.454228449964,-0.693154401951,0.47429160874,303
1,1453147208,678000000,4.30239574629,1.04316882137,0.46819385979,0.296379407377,-0.453661438033,-0.693283064356,0.475088559325,304
1,1453147208,710000000,4.30256106717,1.04386310482,0.467157735855,0.294968089379,-0.453256004384,-0.693472407073,0.476076507892,305
1,1453147208,718000000,4.30256106717,1.04386310482,0.467157735855,0.294968089379,-0.453256004384,-0.693472407073,0.476076507892,306
1,1453147208,747000000,4.30262051475,1.04541666725,0.465555807561,0.293953923718,-0.452296850054,-0.6931178456,0.478127914132,307
1,1453147208,752000000,4.30262051475,1.04541666725,0.465555807561,0.293953923718,-0.452296850054,-0.6931178456,0.478127914132,308
1,1453147208,756000000,4.30262051475,1.04541666725,0.465555807561,0.293953923718,-0.452296850054,-0.6931178456,0.478127914132,309
1,1453147208,769000000,4.30259262426,1.04659404926,0.464665230233,0.294263349199,-0.4513168176,-0.692361100812,0.479956578819,310
1,1453147208,788000000,4.3026540951,1.04803051819,0.463708053886,0.295343164403,-0.450081777647,-0.690830205133,0.482651464668,311
1,1453147208,818000000,4.3027627135,1.0497349528,0.462773721567,0.297514566987,-0.448196947308,-0.688522780286,0.486354767511,312
1,1453147208,818000000,4.3027627135,1.0497349528,0.462773721567,0.297514566987,-0.448196947308,-0.688522780286,0.486354767511,313
1,1453147208,848000000,4.30259933107,1.05250073228,0.461396988007,0.301188522014,-0.445325806234,-0.684748181003,0.492026756511,314
1,1453147208,889000000,4.30223446352,1.05615276007,0.459853673541,0.304207383146,-0.443576828662,-0.680186614225,0.498039792529,315
1,1453147208,889000000,4.30223446352,1.05615276007,0.459853673541,0.304207383146,-0.443576828662,-0.680186614225,0.498039792529,316
1,1453147208,889000000,4.30223446352,1.05615276007,0.459853673541,0.304207383146,-0.443576828662,-0.680186614225,0.498039792529,317
1,1453147208,912000000,4.30173138268,1.05772226509,0.459397045822,0.305199163181,-0.443516844282,-0.678655625113,0.499572639498,318
1,1453147208,943000000,4.30072587068,1.06044284417,0.458718530383,0.306921975478,-0.443581191853,-0.675880103874,0.502215802609,319
1,1453147208,980000000,4.29944459633,1.06356951577,0.458008064529,0.309857536265,-0.443261794048,-0.672242938338,0.505565743511,320
1,1453147209,9000000,4.2979172849,1.066783468,0.45744870775,0.313529688829,-0.44289835046,-0.668093235623,0.509108646457,321
1,1453147209,9000000,4.2979172849,1.066783468,0.45744870775,0.313529688829,-0.44289835046,-0.668093235623,0.509108646457,322
1,1453147209,9000000,4.2979172849,1.066783468,0.45744870775,0.313529688829,-0.44289835046,-0.668093235623,0.509108646457,323
1,1453147209,54000000,4.29454951193,1.07186186255,0.456587699193,0.319485107115,-0.442847512287,-0.661686897938,0.513795480994,324
1,1453147209,9000000,4.2979172849,1.066783468,0.45744870775,0.313529688829,-0.44289835046,-0.668093235623,0.509108646457,325
1,1453147209,86000000,4.29215271825,1.07488541231,0.456083482357,0.322558688103,-0.443341378044,-0.658047089671,0.516118535822,326
1,1453147209,91000000,4.29215271825,1.07488541231,0.456083482357,0.322558688103,-0.443341378044,-0.658047089671,0.516118535822,327
1,1453147209,117000000,4.28900434699,1.07943810207,0.455191064039,0.327692996218,-0.442974134264,-0.652550151865,0.520162970525,328
1,1453147209,117000000,4.28900434699,1.07943810207,0.455191064039,0.327692996218,-0.442974134264,-0.652550151865,0.520162970525,329
1,1453147209,166000000,4.28675729011,1.08318661276,0.454573487976,0.332272250652,-0.442094342815,-0.647985101518,0.523701300083,330
1,1453147209,166000000,4.28675729011,1.08318661276,0.454573487976,0.332272250652,-0.442094342815,-0.647985101518,0.523701300083,331
1,1453147209,187000000,4.28675729011,1.08318661276,0.454573487976,0.332272250652,-0.442094342815,-0.647985101518,0.523701300083,332
1,1453147209,213000000,4.28319424637,1.08954555413,0.453847227782,0.338049822398,-0.441850760803,-0.64121759493,0.528516999449,333
1,1453147209,222000000,4.28319424637,1.08954555413,0.453847227782,0.338049822398,-0.441850760803,-0.64121759493,0.528516999449,334
1,1453147209,194000000,4.28675729011,1.08318661276,0.454573487976,0.332272250652,-0.442094342815,-0.647985101518,0.523701300083,335
1,1453147209,249000000,4.28132365949,1.0936981406,0.452996387524,0.339686243529,-0.44176959211,-0.638286961827,0.531076866194,336
1,1453147209,256000000,4.28132365949,1.0936981406,0.452996387524,0.339686243529,-0.44176959211,-0.638286961827,0.531076866194,337
1,1453147209,287000000,4.28055778447,1.09711062223,0.452058655497,0.341042408523,-0.440341456152,-0.635739122493,0.534439188041,338
1,1453147209,319000000,4.28001347591,1.10180430353,0.450448657947,0.342457801453,-0.437435098922,-0.632610542412,0.539608274663,339
1,1453147209,319000000,4.28001347591,1.10180430353,0.450448657947,0.342457801453,-0.437435098922,-0.632610542412,0.539608274663,340
1,1453147209,319000000,4.28001347591,1.10180430353,0.450448657947,0.342457801453,-0.437435098922,-0.632610542412,0.539608274663,341
1,1453147209,350000000,4.2798182336,1.10413409422,0.449596497015,0.342722855007,-0.436005265623,-0.63144862546,0.541953029708,342
1,1453147209,355000000,4.27973109628,1.10528611957,0.449159089907,0.342739046058,-0.435320005598,-0.630971467864,0.543048290463,343
1,1453147209,377000000,4.27967386568,1.10742229882,0.448366095089,0.342778292487,-0.43389934551,-0.630238113293,0.545008551051,344
1,1453147209,377000000,4.27967386568,1.10742229882,0.448366095089,0.342778292487,-0.43389934551,-0.630238113293,0.545008551051,345
1,1453147209,407000000,4.27960474175,1.1116045856,0.44681611813,0.342254646155,-0.431215665074,-0.62914970548,0.548712543572,346
1,1453147209,417000000,4.27960474175,1.1116045856,0.44681611813,0.342254646155,-0.431215665074,-0.62914970548,0.548712543572,347
1,1453147209,446000000,4.27962899694,1.11560111859,0.445281836267,0.340489732333,-0.428966053322,-0.628830651851,0.551930139208,348
1,1453147209,454000000,4.27962899694,1.11560111859,0.445281836267,0.340489732333,-0.428966053322,-0.628830651851,0.551930139208,349
1,1453147209,560000000,4.28128378573,1.12549123871,0.441179330384,0.331374879446,-0.424363327257,-0.631997421285,0.557391886595,350
1,1453147209,560000000,4.28128378573,1.12549123871,0.441179330384,0.331374879446,-0.424363327257,-0.631997421285,0.557391886595,351
1,1453147209,560000000,4.28128378573,1.12549123871,0.441179330384,0.331374879446,-0.424363327257,-0.631997421285,0.557391886595,352
1,1453147209,560000000,4.28128378573,1.12549123871,0.441179330384,0.331374879446,-0.424363327257,-0.631997421285,0.557391886595,353
1,1453147209,646000000,4.28351397818,1.13388248232,0.436561042854,0.318012814491,-0.421283651076,-0.637766449496,0.560929488486,354
1,1453147209,646000000,4.28351397818,1.13388248232,0.436561042854,0.318012814491,-0.421283651076,-0.637766449496,0.560929488486,355
1,1453147209,657000000,4.28372791996,1.13482103998,0.436072271076,0.316620114486,-0.420937934049,-0.638404135734,0.561251385975,356
1,1453147209,657000000,4.28372791996,1.13482103998,0.436072271076,0.316620114486,-0.420937934049,-0.638404135734,0.561251385975,357
1,1453147209,669000000,4.28372791996,1.13482103998,0.436072271076,0.316620114486,-0.420937934049,-0.638404135734,0.561251385975,358
1,1453147209,735000000,4.28400618332,1.14073822058,0.432979677675,0.3075173311,-0.419873287118,-0.642850165249,0.562034855571,359
1,1453147209,735000000,4.28400618332,1.14073822058,0.432979677675,0.3075173311,-0.419873287118,-0.642850165249,0.562034855571,360
1,1453147209,756000000,4.2836179084,1.14192404258,0.432340222187,0.30603961975,-0.419922605428,-0.643737477461,0.561788943204,361
1,1453147209,748000000,4.2836179084,1.14192404258,0.432340222187,0.30603961975,-0.419922605428,-0.643737477461,0.561788943204,362
1,1453147209,793000000,4.28277156082,1.14380396236,0.431346315406,0.30432065895,-0.41987392111,-0.644878743437,0.561450116369,363
1,1453147209,793000000,4.28277156082,1.14380396236,0.431346315406,0.30432065895,-0.41987392111,-0.644878743437,0.561450116369,364
1,1453147209,871000000,4.27987090312,1.14622306773,0.42843983648,0.303035248252,-0.419262925391,-0.646745982463,0.560453273589,365
1,1453147209,939000000,4.2757509862,1.14733342815,0.426392320935,0.302127610238,-0.420904686264,-0.648399803981,0.557795523835,366
1,1453147209,883000000,4.27987090312,1.14622306773,0.42843983648,0.303035248252,-0.419262925391,-0.646745982463,0.560453273589,367
1,1453147209,904000000,4.2782946213,1.1465024683,0.427469011594,0.302120024672,-0.419860526685,-0.647689589188,0.559409353587,368
1,1453147209,987000000,4.27286917514,1.14850547103,0.425486318414,0.304446263203,-0.421130610317,-0.647762109625,0.557104775792,369
1,1453147209,928000000,4.27641899894,1.14706941707,0.426632271697,0.30186837896,-0.420716123347,-0.648361533638,0.558122519737,370
1,1453147209,831000000,4.28177417258,1.14527667789,0.430091167586,0.303332918151,-0.41958617457,-0.645853388354,0.561079302441,371
1,1453147209,914000000,4.2782946213,1.1465024683,0.427469011594,0.302120024672,-0.419860526685,-0.647689589188,0.559409353587,372
1,1453147209,866000000,4.27987090312,1.14622306773,0.42843983648,0.303035248252,-0.419262925391,-0.646745982463,0.560453273589,373
1,1453147210,135000000,4.25734214872,1.14928892988,0.422569044225,0.306978737109,-0.429909398167,-0.649266759402,0.547169662414,374
1,1453147210,52000000,4.26670974929,1.14972929211,0.424051295556,0.308723870005,-0.422281987122,-0.64674690966,0.555054889436,375
1,1453147210,24000000,4.26961820794,1.14942746524,0.424625423274,0.307490233918,-0.42119207193,-0.646660658651,0.556665956513,376
1,1453147210,168000000,4.25440488604,1.14985325987,0.422211885778,0.308339769164,-0.431193450933,-0.649153608132,0.545525790108,377
1,1453147210,203000000,4.25170177695,1.1501411317,0.421864804364,0.308985086374,-0.432694692679,-0.649538983406,0.543509547627,378
1,1453147210,19000000,4.26961820794,1.14942746524,0.424625423274,0.307490233918,-0.42119207193,-0.646660658651,0.556665956513,379
1,1453147210,313000000,4.24459896768,1.15007209352,0.421745289274,0.302627988142,-0.441641908265,-0.653507774459,0.535066644801,380
1,1453147210,254000000,4.24759597896,1.14993183499,0.421711815599,0.306392212816,-0.437332967735,-0.651299819067,0.539140272046,381
1,1453147210,333000000,4.24431788679,1.15030552788,0.421492862513,0.301558033069,-0.441917811899,-0.654161568248,0.534643846729,382
1,1453147210,107000000,4.26139745581,1.14916736688,0.423145130708,0.306784666099,-0.427010461746,-0.648625560779,0.550300023724,383
1,1453147210,337000000,4.24431788679,1.15030552788,0.421492862513,0.301558033069,-0.441917811899,-0.654161568248,0.534643846729,384
1,1453147210,76000000,4.26458918009,1.14958848,0.423718961285,0.308239514378,-0.424021043667,-0.64738042234,0.553256852714,385
1,1453147210,90000000,4.26245015166,1.14928074824,0.423340470183,0.307239262913,-0.42605859114,-0.648235159132,0.551243404229,386
1,1453147210,371000000,4.24508045438,1.1506575947,0.420435403813,0.29731509234,-0.441196507791,-0.656133891416,0.535198742446,387
1,1453147210,269000000,4.24759597896,1.14993183499,0.421711815599,0.306392212816,-0.437332967735,-0.651299819067,0.539140272046,388
1,1453147210,384000000,4.24561635203,1.15070599151,0.420165009904,0.295751835016,-0.440929614383,-0.656725034556,0.535559666361,389
1,1453147210,386000000,4.24561635203,1.15070599151,0.420165009904,0.295751835016,-0.440929614383,-0.656725034556,0.535559666361,390
1,1453147210,113000000,4.26035808222,1.14910915525,0.422971194078,0.306581199594,-0.427854270489,-0.648941938662,0.549384247613,391
1,1453147210,414000000,4.24820119139,1.15083442959,0.41925258162,0.290029507041,-0.439585508628,-0.658868027154,0.537159555853,392
1,1453147210,420000000,4.24939736632,1.15086484691,0.418901301205,0.287736236425,-0.438873608596,-0.659748989834,0.537893190456,393
1,1453147210,445000000,4.25236452212,1.15083566182,0.418138562265,0.282409482424,-0.4371903993,-0.661794691364,0.539571334932,394
1,1453147210,455000000,4.25416461439,1.1507516817,0.417730095403,0.279286945823,-0.436231137288,-0.66297629687,0.540521624491,395
1,1453147210,475000000,4.26104703884,1.1500897322,0.416560977092,0.267950897214,-0.432970043566,-0.667266906928,0.543593720507,396
1,1453147210,480000000,4.26104703884,1.1500897322,0.416560977092,0.267950897214,-0.432970043566,-0.667266906928,0.543593720507,397
1,1453147210,497000000,4.26703383344,1.14973713778,0.416271015728,0.258841641497,-0.430363881461,-0.670817696302,0.545702806012,398
1,1453147210,529000000,4.27871541577,1.14860122943,0.416059116697,0.243185351251,-0.424785099578,-0.677050958165,0.549563921816,399
1,1453147210,529000000,4.27871541577,1.14860122943,0.416059116697,0.243185351251,-0.424785099578,-0.677050958165,0.549563921816,400
1,1453147210,560000000,4.29421991458,1.14656087704,0.416138674653,0.225816416071,-0.416176115323,-0.683651884405,0.555359782678,401
1,1453147210,567000000,4.29421991458,1.14656087704,0.416138674653,0.225816416071,-0.416176115323,-0.683651884405,0.555359782678,402
1,1453147210,601000000,4.32130862852,1.14298265719,0.417739424757,0.20211596975,-0.401475781559,-0.691327192747,0.565714631384,403
1,1453147210,601000000,4.32130862852,1.14298265719,0.417739424757,0.20211596975,-0.401475781559,-0.691327192747,0.565714631384,404
1,1453147210,601000000,4.32130862852,1.14298265719,0.417739424757,0.20211596975,-0.401475781559,-0.691327192747,0.565714631384,405
1,1453147210,633000000,4.34531063726,1.14089747513,0.420635961335,0.186884832445,-0.389119679261,-0.695110233511,0.574875375957,406
1,1453147210,633000000,4.34531063726,1.14089747513,0.420635961335,0.186884832445,-0.389119679261,-0.695110233511,0.574875375957,407
1,1453147210,683000000,4.38895431392,1.14162183995,0.428052719311,0.179299416658,-0.363507977121,-0.693801287511,0.595275938707,408
1,1453147210,694000000,4.38895431392,1.14162183995,0.428052719311,0.179299416658,-0.363507977121,-0.693801287511,0.595275938707,409
1,1453147210,725000000,4.42992680963,1.14655197288,0.436600120884,0.19360098001,-0.32608111962,-0.683306735384,0.623924409961,410
1,1453147210,733000000,4.43778849447,1.14712377548,0.438520492286,0.196184838161,-0.323148564327,-0.681342526851,0.626784552899,411
1,1453147210,733000000,4.43778849447,1.14712377548,0.438520492286,0.196184838161,-0.323148564327,-0.681342526851,0.626784552899,412
1,1453147210,772000000,4.46374128857,1.14619779511,0.443911050418,0.207522363261,-0.328954023081,-0.672515138656,0.629640459091,413
1,1453147210,767000000,4.46374128857,1.14619779511,0.443911050418,0.207522363261,-0.328954023081,-0.672515138656,0.629640459091,414
1,1453147210,761000000,4.45471595817,1.14692848729,0.442233229818,0.202792543077,-0.325396081883,-0.67639119916,0.628877985038,415
1,1453147210,803000000,4.49110438805,1.14214863619,0.448412619351,0.224075376751,-0.346517089769,-0.659291248277,0.628530971375,416
1,1453147210,818000000,4.49110438805,1.14214863619,0.448412619351,0.224075376751,-0.346517089769,-0.659291248277,0.628530971375,417
1,1453147210,835000000,4.52639286985,1.13321610867,0.454666761887,0.249412930736,-0.39327725388,-0.641293175259,0.609810835366,418
1,1453147210,841000000,4.52639286985,1.13321610867,0.454666761887,0.249412930736,-0.39327725388,-0.641293175259,0.609810835366,419
1,1453147210,875000000,4.56379566876,1.12259144669,0.460020345181,0.290793438009,-0.441770393943,-0.611553054985,0.588456418425,420
1,1453147210,899000000,4.58165768227,1.1176082482,0.463378697645,0.314904326707,-0.464776268683,-0.593011132815,0.577196744142,421
1,1453147210,902000000,4.58165768227,1.1176082482,0.463378697645,0.314904326707,-0.464776268683,-0.593011132815,0.577196744142,422
1,1453147210,923000000,4.60720486704,1.10999449407,0.470077501313,0.352333598809,-0.497595500046,-0.560543452338,0.560402347893,423
1,1453147210,940000000,4.61525955392,1.10743413007,0.472634358373,0.364665880255,-0.507749460586,-0.5488605169,0.554942712396,424
1,1453147210,956000000,4.63038911298,1.10241589583,0.478146014628,0.388314937813,-0.527233109791,-0.525020982864,0.54368163898,425
1,1453147210,972000000,4.64430775707,1.09756639149,0.483999387713,0.410676609959,-0.544586079712,-0.500966981649,0.532731458724,426
1,1453147211,1000000,4.65688907043,1.09302972678,0.489814127405,0.432055907487,-0.559382438429,-0.477465310647,0.52196346377,427
1,1453147211,8000000,4.66266760827,1.09087873721,0.492555151412,0.441969913883,-0.56589853002,-0.466485888082,0.516538832194,428
1,1453147211,30000000,4.67331854438,1.08664897264,0.497466289774,0.459234495185,-0.577358789222,-0.447192080455,0.505746725267,429
1,1453147211,39000000,4.67822746819,1.08452134476,0.499543869523,0.466166713567,-0.582388010871,-0.439372904934,0.500464035037,430
1,1453147211,58000000,4.68718354168,1.0801993408,0.502852672566,0.476146513201,-0.59179757224,-0.428009751954,0.489762987259,431
1,1453147211,63000000,4.68718354168,1.0801993408,0.502852672566,0.476146513201,-0.59179757224,-0.428009751954,0.489762987259,432
1,1453147211,82000000,4.69890805714,1.07336938881,0.505542092904,0.482010131994,-0.603874241323,-0.422138134277,0.474132395973,433
1,1453147211,112000000,4.7059647004,1.06873992377,0.505315238959,0.479734143194,-0.609439063357,-0.426130057822,0.46567408531,434
1,1453147211,115000000,4.70919400002,1.06653435161,0.504501579836,0.477043807383,-0.611289180017,-0.430133588171,0.462320062899,435
1,1453147211,130000000,4.71489186218,1.06256972891,0.501610557114,0.469615685283,-0.612643120633,-0.440928383743,0.457942873388,436
1,1453147211,159000000,4.71931885981,1.05944786814,0.497347518025,0.460339919695,-0.611074075479,-0.453914650158,0.456768128248,437
1,1453147211,162000000,4.71931885981,1.05944786814,0.497347518025,0.460339919695,-0.611074075479,-0.453914650158,0.456768128248,438
1,1453147211,180000000,4.72274059615,1.05678630521,0.492773159619,0.451881619116,-0.609173883715,-0.466056625657,0.45552321937,439
1,1453147211,227000000,4.73446711313,1.04800872697,0.486929484019,0.441801671727,-0.60385845634,-0.482905105687,0.45493835458,440
1,1453147211,227000000,4.73446711313,1.04800872697,0.486929484019,0.441801671727,-0.60385845634,-0.482905105687,0.45493835458,441
1,1453147211,231000000,4.73769498698,1.04640126225,0.486004136311,0.440902249081,-0.600781488732,-0.485883650335,0.456709850878,442
1,1453147211,256000000,4.74481328949,1.04423163322,0.483878632251,0.442076742924,-0.590023173608,-0.49014639386,0.464970236206,443
1,1453147211,276000000,4.75171429479,1.04342403497,0.481791321669,0.447357213548,-0.574450635615,-0.490619088414,0.478717976279,444
1,1453147211,283000000,4.75171429479,1.04342403497,0.481791321669,0.447357213548,-0.574450635615,-0.490619088414,0.478717976279,445
1,1453147211,306000000,4.75998648401,1.04182237852,0.478663528346,0.454011538161,-0.552762429444,-0.492129459217,0.496120766732,446
1,1453147211,311000000,4.75998648401,1.04182237852,0.478663528346,0.454011538161,-0.552762429444,-0.492129459217,0.496120766732,447
1,1453147211,325000000,4.76383887891,1.03969335102,0.476294350917,0.454350684693,-0.543254686666,-0.497240743919,0.501190027156,448
1,1453147211,349000000,4.76642232556,1.0372617656,0.474001309281,0.454002124416,-0.53555035847,-0.503130894472,0.503911884754,449
1,1453147211,413000000,4.76864726115,1.03116743598,0.468923599983,0.459571907747,-0.515399879303,-0.511841642442,0.511052599139,450
1,1453147211,413000000,4.76864726115,1.03116743598,0.468923599983,0.459571907747,-0.515399879303,-0.511841642442,0.511052599139,451
1,1453147211,422000000,4.76862721098,1.0298801906,0.468015729942,0.461734632667,-0.511042269835,-0.512657604378,0.512658861341,452
1,1453147211,430000000,4.76822335114,1.02722965567,0.466382786003,0.466241732333,-0.502702662119,-0.51382945857,0.515643256559,453
1,1453147211,463000000,4.76668627161,1.02284464462,0.464391412169,0.471412209092,-0.492976840241,-0.517300599693,0.516860187732,454
1,1453147211,465000000,4.76668627161,1.02284464462,0.464391412169,0.471412209092,-0.492976840241,-0.517300599693,0.516860187732,455
1,1453147211,465000000,4.76668627161,1.02284464462,0.464391412169,0.471412209092,-0.492976840241,-0.517300599693,0.516860187732,456
1,1453147211,501000000,4.76379416559,1.01793276583,0.46294223219,0.473313130179,-0.487549091643,-0.523776043879,0.513740420734,457
1,1453147211,501000000,4.76379416559,1.01793276583,0.46294223219,0.473313130179,-0.487549091643,-0.523776043879,0.513740420734,458
1,1453147211,532000000,4.75711378027,1.00781371527,0.461062469323,0.469903496726,-0.484643108457,-0.539680598142,0.503047326978,459
1,1453147211,537000000,4.75711378027,1.00781371527,0.461062469323,0.469903496726,-0.484643108457,-0.539680598142,0.503047326978,460
1,1453147211,537000000,4.75711378027,1.00781371527,0.461062469323,0.469903496726,-0.484643108457,-0.539680598142,0.503047326978,461
1,1453147211,566000000,4.7531191307,1.00050845854,0.460649902354,0.462671072134,-0.488141201842,-0.552608094783,0.492217370331,462
1,1453147211,613000000,4.7462301243,0.9886206498,0.460791384284,0.44869156809,-0.496725983779,-0.572758738395,0.473166568299,463
1,1453147211,580000000,4.7531191307,1.00050845854,0.460649902354,0.462671072134,-0.488141201842,-0.552608094783,0.492217370331,464
1,1453147211,632000000,4.74354573258,0.984403330178,0.460726428094,0.443070100171,-0.499013640675,-0.579974155964,0.467230404798,465
1,1453147211,635000000,4.74354573258,0.984403330178,0.460726428094,0.443070100171,-0.499013640675,-0.579974155964,0.467230404798,466
1,1453147211,666000000,4.73953531498,0.979204509458,0.460822656824,0.437779700586,-0.500374629996,-0.587929310091,0.460774662658,467
1,1453147211,668000000,4.73953531498,0.979204509458,0.460822656824,0.437779700586,-0.500374629996,-0.587929310091,0.460774662658,468
1,1453147211,691000000,4.73551504904,0.975110152328,0.46078704683,0.433991736972,-0.500336226002,-0.594214329594,0.45631585957,469
1,1453147211,695000000,4.73551504904,0.975110152328,0.46078704683,0.433991736972,-0.500336226002,-0.594214329594,0.45631585957,470
1,1453147211,726000000,4.73117676428,0.971624734858,0.460897193886,0.430586869809,-0.500238222879,-0.599571467889,0.452626471621,471
1,1453147211,726000000,4.72814123242,0.969483366997,0.460862216972,0.427799656222,-0.500223816742,-0.603309312343,0.450312625784,472
1,1453147211,742000000,4.72814123242,0.969483366997,0.460862216972,0.427799656222,-0.500223816742,-0.603309312343,0.450312625784,473
1,1453147211,766000000,4.72557418391,0.967288404772,0.460715441188,0.424052340897,-0.500446179855,-0.607348899447,0.448174684235,474
1,1453147211,770000000,4.72557418391,0.967288404772,0.460715441188,0.424052340897,-0.500446179855,-0.607348899447,0.448174684235,475
1,1453147211,820000000,4.71886408996,0.961866796638,0.460072918769,0.413390750653,-0.499313515431,-0.618332719819,0.444363306523,476
1,1453147211,831000000,4.71886408996,0.961866796638,0.460072918769,0.413390750653,-0.499313515431,-0.618332719819,0.444363306523,477
1,1453147211,831000000,4.71886408996,0.961866796638,0.460072918769,0.413390750653,-0.499313515431,-0.618332719819,0.444363306523,478
1,1453147211,855000000,4.71564284749,0.959572176,0.459832608777,0.408485046565,-0.498298899262,-0.623317879533,0.443072222986,479
1,1453147211,861000000,4.71564284749,0.959572176,0.459832608777,0.408485046565,-0.498298899262,-0.623317879533,0.443072222986,480
1,1453147211,882000000,4.71331554588,0.957105925547,0.45963316187,0.401556135517,-0.497773985157,-0.629198671262,0.441681742675,481
1,1453147211,886000000,4.71331554588,0.957105925547,0.45963316187,0.401556135517,-0.497773985157,-0.629198671262,0.441681742675,482
1,1453147211,930000000,4.71148977601,0.954862884276,0.459565090013,0.393489110593,-0.497677391351,-0.635417248663,0.440145946346,483
1,1453147211,930000000,4.71148977601,0.954862884276,0.459565090013,0.393489110593,-0.497677391351,-0.635417248663,0.440145946346,484
1,1453147211,957000000,4.71096964334,0.953296918442,0.459437385554,0.3863074581,-0.494985085738,-0.641356912018,0.440928139405,485
1,1453147211,964000000,4.71096964334,0.953296918442,0.459437385554,0.3863074581,-0.494985085738,-0.641356912018,0.440928139405,486
1,1453147211,989000000,4.71199129906,0.953014655926,0.459123467536,0.383552712925,-0.489814052359,-0.643669822304,0.445711420512,487
1,1453147211,992000000,4.71199129906,0.953014655926,0.459123467536,0.383552712925,-0.489814052359,-0.643669822304,0.445711420512,488
1,1453147212,18000000,4.7135884791,0.95166576384,0.458723223613,0.377553035666,-0.485733444702,-0.648056950566,0.448930857461,489
1,1453147212,50000000,4.71596908542,0.949408163183,0.458199342823,0.368083677059,-0.482398438164,-0.654355044992,0.451248965244,490
1,1453147212,50000000,4.71596908542,0.949408163183,0.458199342823,0.368083677059,-0.482398438164,-0.654355044992,0.451248965244,491
1,1453147212,65000000,4.71838925219,0.947793574457,0.457683913017,0.3614496161,-0.479238183681,-0.658558401737,0.453856552034,492
1,1453147212,70000000,4.71838925219,0.947793574457,0.457683913017,0.3614496161,-0.479238183681,-0.658558401737,0.453856552034,493
1,1453147212,95000000,4.72594356638,0.943725858759,0.456229336221,0.348171234127,-0.467433882548,-0.668194550481,0.462383390575,494
1,1453147212,111000000,4.72594356638,0.943725858759,0.456229336221,0.348171234127,-0.467433882548,-0.668194550481,0.462383390575,495
1,1453147212,133000000,4.72906942648,0.94145314292,0.455594873006,0.341577258401,-0.462925914201,-0.672726631746,0.465256330901,496
1,1453147212,143000000,4.72906942648,0.94145314292,0.455594873006,0.341577258401,-0.462925914201,-0.672726631746,0.465256330901,497
1,1453147212,162000000,4.73224664628,0.938748035178,0.454723445008,0.333716217652,-0.458674362629,-0.677971226551,0.467553559618,498
1,1453147212,167000000,4.73407220124,0.937400716894,0.454202329374,0.329204689626,-0.456609761323,-0.680536092496,0.469044161037,499
1,1453147212,188000000,4.73798627105,0.935051373896,0.453243350373,0.321783581385,-0.451764038609,-0.685152923989,0.472154689609,500
1,1453147212,215000000,4.7446821809,0.932733913096,0.452182426358,0.31496780269,-0.442276996457,-0.690410029662,0.478038003318,501
1,1453147212,215000000,4.7446821809,0.932733913096,0.452182426358,0.31496780269,-0.442276996457,-0.690410029662,0.478038003318,502
1,1453147212,252000000,4.74971392012,0.932047856401,0.451789342107,0.312431815205,-0.435179324906,-0.692945484435,0.482526550175,503
1,1453147212,258000000,4.74971392012,0.932047856401,0.451789342107,0.312431815205,-0.435179324906,-0.692945484435,0.482526550175,504
1,1453147212,285000000,4.7622310621,0.931114179209,0.452361987594,0.308093348893,-0.416467410596,-0.698943977111,0.493062573251,505
1,1453147212,280000000,4.7622310621,0.931114179209,0.452361987594,0.308093348893,-0.416467410596,-0.698943977111,0.493062573251,506
1,1453147212,323000000,4.77206840157,0.925663982897,0.4551167293,0.289805722819,-0.410752037211,-0.709813697475,0.493416580412,507
1,1453147212,331000000,4.77206840157,0.925663982897,0.4551167293,0.289805722819,-0.410752037211,-0.709813697475,0.493416580412,508
1,1453147212,334000000,4.77206840157,0.925663982897,0.4551167293,0.289805722819,-0.410752037211,-0.709813697475,0.493416580412,509
1,1453147212,351000000,4.78107718347,0.918222319416,0.458512964825,0.267157337694,-0.410423725808,-0.721365850164,0.489704637948,510
1,1453147212,358000000,4.78107718347,0.918222319416,0.458512964825,0.267157337694,-0.410423725808,-0.721365850164,0.489704637948,511
1,1453147212,384000000,4.79461589967,0.910574757006,0.463097196061,0.243637744093,-0.407782780449,-0.731743767113,0.48877900212,512
1,1453147212,384000000,4.79461589967,0.910574757006,0.463097196061,0.243637744093,-0.407782780449,-0.731743767113,0.48877900212,513
1,1453147212,428000000,4.82180805522,0.899444982801,0.470441781895,0.219857467409,-0.393968796908,-0.742657020899,0.494885674067,514
1,1453147212,428000000,4.82180805522,0.899444982801,0.470441781895,0.219857467409,-0.393968796908,-0.742657020899,0.494885674067,515
1,1453147212,428000000,4.82180805522,0.899444982801,0.470441781895,0.219857467409,-0.393968796908,-0.742657020899,0.494885674067,516
1,1453147212,454000000,4.8489848823,0.886740282214,0.476473589765,0.194763711438,-0.382508581589,-0.753528564295,0.497944760499,517
1,1453147212,451000000,4.8489848823,0.886740282214,0.476473589765,0.194763711438,-0.382508581589,-0.753528564295,0.497944760499,518
1,1453147212,489000000,4.89504507794,0.863285414248,0.483387360379,0.145448521936,-0.365176326924,-0.774281272013,0.495963193725,519
1,1453147212,517000000,4.92210195879,0.85100838629,0.486955629013,0.123920008442,-0.351853783146,-0.784685362524,0.495087495938,520
1,1453147212,521000000,4.93662510898,0.845046336958,0.489107955574,0.11550346554,-0.344367899617,-0.789080012553,0.495401284769,521
1,1453147212,485000000,4.88251561204,0.869474642537,0.481793111968,0.157927646561,-0.370774074423,-0.768764322077,0.496575131565,522
1,1453147212,547000000,4.96753774806,0.833399577641,0.494360511972,0.103427643218,-0.330210193341,-0.795736426029,0.497058840704,523
1,1453147212,547000000,4.96753774806,0.833399577641,0.494360511972,0.103427643218,-0.330210193341,-0.795736426029,0.497058840704,524
1,1453147212,563000000,5.00029078453,0.821939984394,0.500669024116,0.0978227962795,-0.319025308319,-0.799435313247,0.499556536453,525
1,1453147212,583000000,5.03339020566,0.811005017921,0.507728157744,0.0975601142789,-0.308513754419,-0.800983029714,0.503713682111,526
1,1453147212,613000000,5.06536458616,0.800488445831,0.515447362685,0.098819712149,-0.299150461897,-0.80292933621,0.506012002517,527
1,1453147212,613000000,5.06536458616,0.800488445831,0.515447362685,0.098819712149,-0.299150461897,-0.80292933621,0.506012002517,528
1,1453147212,633000000,5.11231531443,0.782721665027,0.526927565168,0.0977945603826,-0.298043212279,-0.807839993426,0.499000012621,529
1,1453147212,668000000,5.15993925154,0.761522817732,0.537086649953,0.100793001954,-0.31714250416,-0.808803810115,0.484868847788,530
1,1453147212,668000000,5.15993925154,0.761522817732,0.537086649953,0.100793001954,-0.31714250416,-0.808803810115,0.484868847788,531
1,1453147212,707000000,5.22401861129,0.732488628773,0.548965102519,0.110795698044,-0.363291297408,-0.802497462014,0.460153854687,532
1,1453147212,721000000,5.24052906766,0.725183764352,0.551719081165,0.115857612602,-0.376871219193,-0.798911768014,0.454186178428,533
1,1453147212,725000000,5.24052906766,0.725183764352,0.551719081165,0.115857612602,-0.376871219193,-0.798911768014,0.454186178428,534
1,1453147212,743000000,5.29076178481,0.70346094808,0.560169284992,0.137756925115,-0.419882034335,-0.783154380958,0.437482939567,535
1,1453147212,753000000,5.29076178481,0.70346094808,0.560169284992,0.137756925115,-0.419882034335,-0.783154380958,0.437482939567,536
1,1453147212,771000000,5.33925995181,0.683504612719,0.56995454262,0.160152257618,-0.467790375083,-0.761887087301,0.418391545761,537
1,1453147212,776000000,5.33925995181,0.683504612719,0.56995454262,0.160152257618,-0.467790375083,-0.761887087301,0.418391545761,538
1,1453147212,809000000,5.40199613567,0.658497870574,0.583875578077,0.192190035507,-0.52766753992,-0.726942425229,0.395202059671,539
1,1453147212,809000000,5.40199613567,0.658497870574,0.583875578077,0.192190035507,-0.52766753992,-0.726942425229,0.395202059671,540
1,1453147212,845000000,5.44710130571,0.643243786773,0.595084550221,0.222684544874,-0.562550752773,-0.697657027566,0.38369638507,541
1,1453147212,852000000,5.44710130571,0.643243786773,0.595084550221,0.222684544874,-0.562550752773,-0.697657027566,0.38369638507,542
1,1453147212,855000000,5.44710130571,0.643243786773,0.595084550221,0.222684544874,-0.562550752773,-0.697657027566,0.38369638507,543
1,1453147212,869000000,5.48978771184,0.631093035395,0.606369914614,0.254887986708,-0.588336043404,-0.668238571599,0.377293023644,544
1,1453147212,894000000,5.51613044039,0.624599310556,0.613749368815,0.274569094387,-0.60351551625,-0.648908836715,0.373226681369,545
1,1453147212,894000000,5.51613044039,0.624599310556,0.613749368815,0.274569094387,-0.60351551625,-0.648908836715,0.373226681369,546
1,1453147212,915000000,5.54051772194,0.618936706053,0.620620367455,0.291558524715,-0.619014292311,-0.630334515574,0.366733324171,547
1,1453147212,948000000,5.57385108108,0.611330396902,0.629757481434,0.312856403143,-0.641452661583,-0.605230066252,0.352641348773,548
1,1453147212,948000000,5.57385108108,0.611330396902,0.629757481434,0.312856403143,-0.641452661583,-0.605230066252,0.352641348773,549
1,1453147212,986000000,5.61266829596,0.603847093746,0.639184724635,0.337809208821,-0.665399352108,-0.577525613507,0.331048042425,550
1,1453147212,986000000,5.61266829596,0.603847093746,0.639184724635,0.337809208821,-0.665399352108,-0.577525613507,0.331048042425,551
1,1453147213,2000000,5.63021299041,0.60125180245,0.641467753576,0.349684202125,-0.67321058952,-0.566472296658,0.321896874886,552
1,1453147213,5000000,5.63021299041,0.60125180245,0.641467753576,0.349684202125,-0.67321058952,-0.566472296658,0.321896874886,553
1,1453147213,34000000,5.65488924166,0.598704872325,0.640796739479,0.365913328215,-0.67885075689,-0.554921859214,0.311978871514,554
1,1453147213,37000000,5.65488924166,0.598704872325,0.640796739479,0.365913328215,-0.67885075689,-0.554921859214,0.311978871514,555
1,1453147213,65000000,5.67748611719,0.597393146321,0.636630154585,0.38045120653,-0.681208998661,-0.544634068583,0.30754659961,556
1,1453147213,67000000,5.67748611719,0.597393146321,0.636630154585,0.38045120653,-0.681208998661,-0.544634068583,0.30754659961,557
1,1453147213,88000000,5.69110085648,0.597135550445,0.631965993604,0.388595440443,-0.681752050488,-0.538688888371,0.306630081478,558
1,1453147213,110000000,5.70945069596,0.597369263105,0.622256250447,0.397546162022,-0.680748401419,-0.532255277928,0.308614617516,559
1,1453147213,136000000,5.72060258792,0.598004206627,0.614457188435,0.40141369936,-0.67879758194,-0.529388927435,0.31280704632,560
1,1453147213,136000000,5.72060258792,0.598004206627,0.614457188435,0.40141369936,-0.67879758194,-0.529388927435,0.31280704632,561
1,1453147213,185000000,5.74052159465,0.60184086505,0.59816000529,0.41403322992,-0.670793668578,-0.517352785159,0.33310423955,562
1,1453147213,216000000,5.75609691097,0.607640208921,0.582606816196,0.435732807756,-0.657400546793,-0.498245596848,0.360156586145,563
1,1453147213,216000000,5.75609691097,0.607640208921,0.582606816196,0.435732807756,-0.657400546793,-0.498245596848,0.360156586145,564
1,1453147213,249000000,5.76490034983,0.610890236865,0.57099398607,0.448231393194,-0.649040776607,-0.490050027028,0.371060183079,565
1,1453147213,249000000,5.76490034983,0.610890236865,0.57099398607,0.448231393194,-0.649040776607,-0.490050027028,0.371060183079,566
1,1453147213,249000000,5.76490034983,0.610890236865,0.57099398607,0.448231393194,-0.649040776607,-0.490050027028,0.371060183079,567
1,1453147213,276000000,5.77158021196,0.611988734688,0.559479741357,0.454200734006,-0.645879356115,-0.490213741095,0.369096245733,568
1,1453147213,286000000,5.77158021196,0.611988734688,0.559479741357,0.454200734006,-0.645879356115,-0.490213741095,0.369096245733,569
1,1453147213,304000000,5.77625747125,0.610867745394,0.548000675703,0.452324984179,-0.647410020016,-0.499842318734,0.355555946474,570
1,1453147213,313000000,5.77625747125,0.610867745394,0.548000675703,0.452324984179,-0.647410020016,-0.499842318734,0.355555946474,571
1,1453147213,337000000,5.77958018018,0.608171176877,0.536732196114,0.443278253593,-0.651680314759,-0.516097583831,0.33535122068,572
1,1453147213,379000000,5.78495401122,0.603832063189,0.520484430077,0.427160263571,-0.653058969565,-0.539815233014,0.315670089971,573
1,1453147213,379000000,5.78495401122,0.603832063189,0.520484430077,0.427160263571,-0.653058969565,-0.539815233014,0.315670089971,574
1,1453147213,400000000,5.78918559433,0.600747921961,0.507814451289,0.418977261192,-0.648618345761,-0.552012024044,0.314698302278,575
1,1453147213,405000000,5.78918559433,0.600747921961,0.507814451289,0.418977261192,-0.648618345761,-0.552012024044,0.314698302278,576
1,1453147213,427000000,5.79254431541,0.596600564385,0.494679001616,0.414075887206,-0.642548834741,-0.559734231717,0.319952722215,577
1,1453147213,408000000,5.78918559433,0.600747921961,0.507814451289,0.418977261192,-0.648618345761,-0.552012024044,0.314698302278,578
1,1453147213,448000000,5.79503683092,0.590555585757,0.489163940441,0.411783791838,-0.64723418884,-0.56297498856,0.307540527137,579
1,1453147213,448000000,5.79503683092,0.590555585757,0.489163940441,0.411783791838,-0.64723418884,-0.56297498856,0.307540527137,580
1,1453147213,471000000,5.79723308814,0.586353508336,0.488211261884,0.40913358157,-0.649599466175,-0.565156602868,0.302040163244,581
1,1453147213,499000000,5.80954376755,0.570086132956,0.485111775656,0.3877457366,-0.652305036778,-0.584868358438,0.286496747,582
1,1453147213,510000000,5.80954376755,0.570086132956,0.485111775656,0.3877457366,-0.652305036778,-0.584868358438,0.286496747,583
1,1453147213,541000000,5.82534564364,0.559987503498,0.483339549581,0.378071948318,-0.640288001319,-0.600398661412,0.294303116934,584
1,1453147213,550000000,5.82534564364,0.559987503498,0.483339549581,0.378071948318,-0.640288001319,-0.600398661412,0.294303116934,585
1,1453147213,550000000,5.82534564364,0.559987503498,0.483339549581,0.378071948318,-0.640288001319,-0.600398661412,0.294303116934,586
1,1453147213,567000000,5.83538615366,0.557193485495,0.482936701474,0.379871290488,-0.627637071847,-0.604566727088,0.310271786027,587
