1,1453147191,756000000,2.65828085621,-0.968018229221,-0.739025076587,0.185903043435,0.653306095322,0.717405594485,0.154791528381,0
1,1453147191,763000000,2.65828085621,-0.968018229221,-0.739025076587,0.185903043435,0.653306095322,0.717405594485,0.154791528381,1
1,1453147191,785000000,2.65877676719,-0.9676996261,-0.738879264857,0.187024099138,0.653473517227,0.71700293224,0.154599947555,2
1,1453147191,785000000,2.65877676719,-0.9676996261,-0.738879264857,0.187024099138,0.653473517227,0.71700293224,0.154599947555,3
1,1453147191,806000000,2.65910395888,-0.967449094622,-0.738784178903,0.18784033896,0.653603517768,0.716692529099,0.154500056162,4
1,1453147191,848000000,2.65983509548,-0.9669709693,-0.738581573835,0.1895947318,0.653841279474,0.716082528908,0.154179216245,5
1,1453147191,848000000,2.65983509548,-0.9669709693,-0.738581573835,0.1895947318,0.653841279474,0.716082528908,0.154179216245,6
1,1453147191,868000000,2.66023251817,-0.966747194033,-0.738491270851,0.190568552943,0.653885607074,0.715821118097,0.154004436227,7
1,1453147191,872000000,2.66023251817,-0.966747194033,-0.738491270851,0.190568552943,0.653885607074,0.715821118097,0.154004436227,8
1,1453147191,888000000,2.66065810518,-0.966581845547,-0.738400132047,0.191528530357,0.653877882466,0.715633230892,0.153719275708,9
1,1453147191,921000000,2.66139780837,-0.966412782181,-0.73826117245,0.19308249458,0.653829516559,0.715377542355,0.153170119333,10
1,1453147191,926000000,2.66167202344,-0.966384399148,-0.738216629938,0.193598497202,0.653792134872,0.71532072087,0.152943560029,11
1,1453147191,935000000,2.66167202344,-0.966384399148,-0.738216629938,0.193598497202,0.653792134872,0.71532072087,0.152943560029,12
1,1453147191,975000000,2.66320380819,-0.966376575139,-0.738017534728,0.196215718466,0.653490072592,0.715200691013,0.151453254916,13
1,1453147191,975000000,2.66320380819,-0.966376575139,-0.738017534728,0.196215718466,0.653490072592,0.715200691013,0.151453254916,14
1,1453147191,979000000,2.66320380819,-0.966376575139,-0.738017534728,0.196215718466,0.653490072592,0.715200691013,0.151453254916,15
1,1453147192,11000000,2.66468949522,-0.966546582941,-0.737894986396,0.198438996227,0.653006795855,0.715345899263,0.149947770074,16
1,1453147192,11000000,2.66468949522,-0.966546582941,-0.737894986396,0.198438996227,0.653006795855,0.715345899263,0.149947770074,17
1,1453147192,33000000,2.66549181378,-0.966720767036,-0.737872068376,0.199756653469,0.652579354584,0.715526331705,0.149196293527,18
1,1453147192,35000000,2.66549181378,-0.966720767036,-0.737872068376,0.199756653469,0.652579354584,0.715526331705,0.149196293527,19
1,1453147192,54000000,2.6662828928,-0.96701727416,-0.737918230858,0.201269796025,0.651881766783,0.715864397905,0.148589350748,20
1,1453147192,85000000,2.66703820658,-0.967470962625,-0.738060862443,0.202945293889,0.650794725139,0.716472363203,0.148144477404,21
1,1453147192,85000000,2.66703820658,-0.967470962625,-0.738060862443,0.202945293889,0.650794725139,0.716472363203,0.148144477404,22
1,1453147192,98000000,2.66770899424,-0.968147670567,-0.738330598736,0.204909616049,0.649180051054,0.717429490775,0.147892651374,23
1,1453147192,133000000,2.66862389159,-0.970578997615,-0.739279333811,0.209766740839,0.644133099601,0.720589671751,0.147786973045,24
1,1453147192,133000000,2.66862389159,-0.970578997615,-0.739279333811,0.209766740839,0.644133099601,0.720589671751,0.147786973045,25
1,1453147192,156000000,2.6687846233,-0.971471241667,-0.73948788152,0.210901624127,0.642799292931,0.721491989833,0.14757670058,26
1,1453147192,172000000,2.66947712626,-0.974645304145,-0.740054363008,0.212787561984,0.638613976558,0.725013014034,0.145773014962,27
1,1453147192,182000000,2.66947712626,-0.974645304145,-0.740054363008,0.212787561984,0.638613976558,0.725013014034,0.145773014962,28
1,1453147192,219000000,2.67021423865,-0.979835131735,-0.741056947608,0.214201270458,0.631647035723,0.73119162313,0.143173490078,29
1,1453147192,226000000,2.67021423865,-0.979835131735,-0.741056947608,0.214201270458,0.631647035723,0.73119162313,0.143173490078,30
1,1453147192,228000000,2.67021423865,-0.979835131735,-0.741056947608,0.214201270458,0.631647035723,0.73119162313,0.143173490078,31
1,1453147192,260000000,2.66997104706,-0.986247358466,-0.742185989751,0.21592009755,0.622272831769,0.738748366454,0.142849170028,32
1,1453147192,260000000,2.66997104706,-0.986247358466,-0.742185989751,0.21592009755,0.622272831769,0.738748366454,0.142849170028,33
1,1453147192,293000000,2.66831722623,-0.994783090556,-0.743973542541,0.215994025558,0.608345268734,0.749958388521,0.144308802288,34
1,1453147192,314000000,2.66762780511,-0.997337559483,-0.744494096306,0.215994025558,0.608345268734,0.749958388521,0.144308802288,35
1,1453147192,373000000,2.66176601478,-1.01636152006,-0.746370284684,0.220932525005,0.57307143833,0.772154711554,0.162957194962,36
1,1453147192,391000000,2.65823985959,-1.02668918607,-0.745852132709,0.225452163548,0.560975715952,0.77702542402,0.175240002541,37
1,1453147192,323000000,2.66762780511,-0.997337559483,-0.744494096306,0.215989662065,0.603783269828,0.753423417298,0.14542139878,38
1,1453147192,378000000,2.66176601478,-1.01636152006,-0.746370284684,0.220932525005,0.57307143833,0.772154711554,0.162957194962,39
1,1453147192,429000000,2.65348142154,-1.03747175821,-0.744275402742,0.22978220731,0.55558517715,0.776689936782,0.187824360074,40
1,1453147192,429000000,2.65348142154,-1.03747175821,-0.744275402742,0.22978220731,0.55558517715,0.776689936782,0.187824360074,41
1,1453147192,429000000,2.65348142154,-1.03747175821,-0.744275402742,0.22978220731,0.55558517715,0.776689936782,0.187824360074,42
1,1453147192,433000000,2.65348142154,-1.03747175821,-0.744275402742,0.22978220731,0.55558517715,0.776689936782,0.187824360074,43
1,1453147192,465000000,2.64462147223,-1.05279954612,-0.741302551355,0.237193566662,0.558947341963,0.768158544024,0.203099808198,44
1,1453147192,465000000,2.64462147223,-1.05279954612,-0.741302551355,0.237193566662,0.558947341963,0.768158544024,0.203099808198,45
1,1453147192,486000000,2.63861754856,-1.06063748435,-0.739315101294,0.242222624753,0.565066704053,0.760210822501,0.210017440656,46
1,1453147192,510000000,2.63189927347,-1.06873041768,-0.73735978478,0.247297915093,0.573050890354,0.750979838894,0.215605426252,47
1,1453147192,513000000,2.62834542414,-1.07287355223,-0.736452360876,0.249525517157,0.577566750122,0.746136413212,0.217793751794,48
1,1453147192,534000000,2.62094723135,-1.08142474821,-0.734734523987,0.252945697915,0.587740870074,0.736099473259,0.220763921463,49
1,1453147192,565000000,2.61312526745,-1.09043413179,-0.732958706752,0.254871237474,0.599763221065,0.725509445692,0.22127081863,50
1,1453147192,560000000,2.61312526745,-1.09043413179,-0.732958706752,0.254871237474,0.599763221065,0.725509445692,0.22127081863,51
1,1453147192,594000000,2.59568611075,-1.10908640248,-0.728331303217,0.256497232504,0.630235047331,0.700677367083,0.214625679008,52
1,1453147192,594000000,2.59568611075,-1.10908640248,-0.728331303217,0.256497232504,0.630235047331,0.700677367083,0.214625679008,53
1,1453147192,625000000,2.58092758748,-1.1227514716,-0.723974499304,0.260644244363,0.652924030632,0.679578407665,0.209590018701,54
1,1453147192,621000000,2.58092758748,-1.1227514716,-0.723974499304,0.260644244363,0.652924030632,0.679578407665,0.209590018701,55
1,1453147192,657000000,2.56512450404,-1.13605693387,-0.718918234975,0.26631483728,0.674427103032,0.6574613534,0.204863512919,56
1,1453147192,660000000,2.55974162695,-1.14037324579,-0.717204385847,0.268438959838,0.681040264037,0.650085150984,0.203749797722,57
1,1453147192,699000000,2.54331594981,-1.15287941481,-0.712289655154,0.276034893615,0.698598260759,0.628163678137,0.20291771988,58
1,1453147192,694000000,2.54331594981,-1.15287941481,-0.712289655154,0.276034893615,0.698598260759,0.628163678137,0.20291771988,59
1,1453147192,727000000,2.52642513668,-1.16439689319,-0.708117710616,0.286763137272,0.711452515153,0.606729841942,0.208521271533,60
1,1453147192,730000000,2.52642513668,-1.16439689319,-0.708117710616,0.286763137272,0.711452515153,0.606729841942,0.208521271533,61
1,1453147192,733000000,2.52642513668,-1.16439689319,-0.708117710616,0.286763137272,0.711452515153,0.606729841942,0.208521271533,62
1,1453147192,761000000,2.50296314287,-1.17745867012,-0.705070874111,0.306297206108,0.720041037704,0.579359165372,0.228179497439,63
1,1453147192,761000000,2.50296314287,-1.17745867012,-0.705070874111,0.306297206108,0.720041037704,0.579359165372,0.228179497439,64
1,1453147192,783000000,2.49126912405,-1.18332143542,-0.704722604754,0.316632212563,0.720710849113,0.567264864301,0.241930749735,65
1,1453147192,818000000,2.47981612785,-1.18903413046,-0.705207695609,0.326063934009,0.719314825602,0.557260549233,0.256377013158,66
1,1453147192,836000000,2.46324759071,-1.1977325166,-0.708262795108,0.33654406658,0.713530393173,0.549138961581,0.275787726596,67
1,1453147192,836000000,2.46324759071,-1.1977325166,-0.708262795108,0.33654406658,0.713530393173,0.549138961581,0.275787726596,68
1,1453147192,861000000,2.44757677235,-1.20695389895,-0.713874849197,0.340867291027,0.704601986007,0.550688591637,0.289978630702,69
1,1453147192,864000000,2.44757677235,-1.20695389895,-0.713874849197,0.340867291027,0.704601986007,0.550688591637,0.289978630702,70
1,1453147192,895000000,2.43309770033,-1.21625677547,-0.721826897843,0.340270060766,0.692196399974,0.560709198985,0.301140538258,71
1,1453147192,898000000,2.43309770033,-1.21625677547,-0.721826897843,0.340270060766,0.692196399974,0.560709198985,0.301140538258,72
1,1453147192,959000000,2.40448665141,-1.23401254141,-0.73649945983,0.340798877503,0.669289279245,0.574718736457,0.32497132142,73
1,1453147192,964000000,2.40448665141,-1.23401254141,-0.73649945983,0.340798877503,0.669289279245,0.574718736457,0.32497132142,74
1,1453147192,935000000,2.41505947796,-1.22757229061,-0.733354520798,0.339694706126,0.675328603653,0.571803166685,0.31871605276,75
1,1453147192,931000000,2.41505947796,-1.22757229061,-0.733354520798,0.339694706126,0.675328603653,0.571803166685,0.31871605276,76
1,1453147193,1000000,2.38257762891,-1.25007775471,-0.743569861718,0.332355264913,0.650383021924,0.595226053141,0.335034100263,77
1,1453147193,1000000,2.38257762891,-1.25007775471,-0.743569861718,0.332355264913,0.650383021924,0.595226053141,0.335034100263,78
1,1453147193,45000000,2.35917724369,-1.27069406863,-0.75175718282,0.303949344335,0.637363544354,0.627299625675,0.328447390056,79
1,1453147193,51000000,2.35512134881,-1.27404043296,-0.753686200482,0.2985228171,0.634748553379,0.63273829108,0.328055874288,80
1,1453147193,76000000,2.34752036039,-1.279479474,-0.757389295963,0.290075036723,0.628987452454,0.64173161633,0.329259457462,81
1,1453147193,76000000,2.34752036039,-1.279479474,-0.757389295963,0.290075036723,0.628987452454,0.64173161633,0.329259457462,82
1,1453147193,113000000,2.33305092122,-1.28783636556,-0.763758392987,0.278735661544,0.617247842545,0.654616244016,0.335840892282,83
1,1453147193,113000000,2.33305092122,-1.28783636556,-0.763758392987,0.278735661544,0.617247842545,0.654616244016,0.335840892282,84
1,1453147193,136000000,2.32622627216,-1.2918684152,-0.766660653892,0.272298886954,0.612758670086,0.660333149563,0.338142366447,85
1,1453147193,138000000,2.32622627216,-1.2918684152,-0.766660653892,0.272298886954,0.612758670086,0.660333149563,0.338142366447,86
1,1453147193,161000000,2.31659510151,-1.29741517896,-0.770926925545,0.262232402082,0.606480043041,0.668767372825,0.340831814442,87
1,1453147193,168000000,2.31659510151,-1.29741517896,-0.770926925545,0.262232402082,0.606480043041,0.668767372825,0.340831814442,88
1,1453147193,188000000,2.31029237711,-1.30057713809,-0.773805329852,0.256782061219,0.601741753347,0.673653218232,0.343745802709,89
1,1453147193,195000000,2.31029237711,-1.30057713809,-0.773805329852,0.256782061219,0.601741753347,0.673653218232,0.343745802709,90
1,1453147193,227000000,2.29831738068,-1.3059455446,-0.778846520863,0.251078128178,0.590190939033,0.681091248677,0.353198442818,91
1,1453147193,227000000,2.29831738068,-1.3059455446,-0.778846520863,0.251078128178,0.590190939033,0.681091248677,0.353198442818,92
1,1453147193,263000000,2.28795208163,-1.31063702625,-0.782282060927,0.25090564315,0.578025522196,0.686028823894,0.363726967259,93
1,1453147193,269000000,2.28795208163,-1.31063702625,-0.782282060927,0.25090564315,0.578025522196,0.686028823894,0.363726967259,94
1,1453147193,269000000,2.28795208163,-1.31063702625,-0.782282060927,0.25090564315,0.578025522196,0.686028823894,0.363726967259,95
1,1453147193,288000000,2.28360970272,-1.31317579473,-0.783192245143,0.249680787694,0.57423707546,0.688379365201,0.366121748863,96
1,1453147193,321000000,2.27689583017,-1.3179588364,-0.784130245991,0.245109760331,0.571094267269,0.692353313673,0.366632557649,97
1,1453147193,321000000,2.27689583017,-1.3179588364,-0.784130245991,0.245109760331,0.571094267269,0.692353313673,0.366632557649,98
1,1453147193,354000000,2.27212873025,-1.32053437595,-0.78456017318,0.243440267541,0.569439865497,0.693617090422,0.36792717703,99
1,1453147193,358000000,2.27212873025,-1.32053437595,-0.78456017318,0.243440267541,0.569439865497,0.693617090422,0.36792717703,100
1,1453147193,362000000,2.27036526581,-1.32119995846,-0.784737340899,0.243260632861,0.568549474728,0.693881401958,0.368923243105,101
1,1453147193,380000000,2.26649829862,-1.32244823991,-0.785182205988,0.243042107789,0.566345026236,0.694410583337,0.37145361332,102
1,1453147193,403000000,2.26232237053,-1.32377157918,-0.785727345468,0.242763634579,0.563943351112,0.695002890943,0.374172013977,103
1,1453147193,428000000,2.25794971268,-1.32538792923,-0.786364017359,0.242053370976,0.56145681279,0.695911745507,0.376673937825,104
1,1453147193,452000000,2.25120913466,-1.32835934302,-0.787254870052,0.240309055329,0.55800598894,0.69756659537,0.37984433556,105
1,1453147193,486000000,2.24445644434,-1.33157601083,-0.788116850408,0.238806444561,0.553911819719,0.699257839957,0.38365564152,106
1,1453147193,486000000,2.24445644434,-1.33157601083,-0.788116850408,0.238806444561,0.553911819719,0.699257839957,0.38365564152,107
1,1453147193,508000000,2.24204252391,-1.33278256392,-0.788454488988,0.238405175192,0.552209972579,0.699931147011,0.38512791131,108
1,1453147193,534000000,2.23257765003,-1.33897740635,-0.790054984791,0.235439059448,0.545208373076,0.703582692467,0.390240533615,109
1,1453147193,537000000,2.23257765003,-1.33897740635,-0.790054984791,0.235439059448,0.545208373076,0.703582692467,0.390240533615,110
1,1453147193,508000000,2.24204252391,-1.33278256392,-0.788454488988,0.238405175192,0.552209972579,0.699931147011,0.38512791131,111
1,1453147193,532000000,2.23257765003,-1.33897740635,-0.790054984791,0.235439059448,0.545208373076,0.703582692467,0.390240533615,112
1,1453147193,563000000,2.22524649469,-1.34497211527,-0.791906650767,0.229749718159,0.539734258804,0.708392135268,0.392533539421,113
1,1453147193,600000000,2.21470523784,-1.35342145142,-0.794498174572,0.221740907247,0.530372419669,0.715648412205,0.396715788212,114
1,1453147193,569000000,2.22524649469,-1.34497211527,-0.791906650767,0.229749718159,0.539734258804,0.708392135268,0.392533539421,115
1,1453147193,644000000,2.2024311598,-1.36144432611,-0.797194815031,0.221009977857,0.513795003837,0.72188150723,0.407500151214,116
1,1453147193,644000000,2.2024311598,-1.36144432611,-0.797194815031,0.221009977857,0.513795003837,0.72188150723,0.407500151214,117
1,1453147193,644000000,2.2024311598,-1.36144432611,-0.797194815031,0.221009977857,0.513795003837,0.72188150723,0.407500151214,118
1,1453147193,668000000,2.19206260753,-1.36886786175,-0.799853216566,0.219613856881,0.498064988119,0.728301504977,0.416266668525,119
1,1453147193,671000000,2.19206260753,-1.36886786175,-0.799853216566,0.219613856881,0.498064988119,0.728301504977,0.416266668525,120
1,1453147193,702000000,2.18040153444,-1.37769638326,-0.802458418692,0.215698037102,0.480599674736,0.736596823008,0.42417382023,121
1,1453147193,702000000,2.18040153444,-1.37769638326,-0.802458418692,0.215698037102,0.480599674736,0.736596823008,0.42417382023,122
1,1453147193,727000000,2.17146844891,-1.38401896009,-0.804312993575,0.213773728394,0.465724172016,0.742748767432,0.430959461118,123
1,1453147193,759000000,2.15008563515,-1.3982983167,-0.808223704107,0.214410904727,0.42699755183,0.755641176456,0.448003869525,124
1,1453147193,756000000,2.15595264823,-1.39438495045,-0.807120739906,0.213879764859,0.437735933873,0.752303977009,0.443487795274,125
1,1453147193,784000000,2.1370340849,-1.40704999083,-0.810441936055,0.214625626542,0.403864973582,0.762871237578,0.457008094481,126
1,1453147193,787000000,2.1370340849,-1.40704999083,-0.810441936055,0.214625626542,0.403864973582,0.762871237578,0.457008094481,127
1,1453147193,821000000,2.10353638577,-1.42699249862,-0.815555575565,0.212661056519,0.349100841399,0.777698965264,0.477585800671,128
1,1453147193,821000000,2.10353638577,-1.42699249862,-0.815555575565,0.212661056519,0.349100841399,0.777698965264,0.477585800671,129
1,1453147193,854000000,2.06370850746,-1.44141718802,-0.821048838763,0.216067824153,0.296636352104,0.784494015396,0.499890697838,130
1,1453147193,854000000,2.06370850746,-1.44141718802,-0.821048838763,0.216067824153,0.296636352104,0.784494015396,0.499890697838,131
1,1453147193,890000000,1.99927551097,-1.45632656085,-0.830862912319,0.227365363248,0.215161481299,0.7840316348,0.536008324742,132
1,1453147193,890000000,1.99927551097,-1.45632656085,-0.830862912319,0.227365363248,0.215161481299,0.7840316348,0.536008324742,133
1,1453147193,916000000,1.96466620448,-1.46441474448,-0.834441819563,0.233551867763,0.178609762349,0.780071736728,0.552304411911,134
1,1453147193,910000000,1.98212601865,-1.46017053209,-0.832831738789,0.230699924794,0.19587074615,0.782174671161,0.544623704311,135
1,1453147193,937000000,1.90623864197,-1.48141824157,-0.831148901947,0.236835534943,0.142408075639,0.773190174659,0.570794028693,136
1,1453147193,937000000,1.90623864197,-1.48141824157,-0.831148901947,0.236835534943,0.142408075639,0.773190174659,0.570794028693,137
1,1453147193,957000000,1.86668894315,-1.49389285135,-0.828522823274,0.235334364638,0.129669232334,0.768316753788,0.58094147111,138
1,1453147194,4000000,1.80776212729,-1.51254289512,-0.825478952242,0.233671977336,0.120104988392,0.757448627287,0.597698733303,139
1,1453147194,4000000,1.80776212729,-1.51254289512,-0.825478952242,0.233671977336,0.120104988392,0.757448627287,0.597698733303,140
1,1453147194,4000000,1.80776212729,-1.51254289512,-0.825478952242,0.233671977336,0.120104988392,0.757448627287,0.597698733303,141
1,1453147194,31000000,1.72798018964,-1.54089699604,-0.818159131477,0.241231133881,0.134764690379,0.736596547509,0.617309925784,142
1,1453147194,35000000,1.72798018964,-1.54089699604,-0.818159131477,0.241231133881,0.134764690379,0.736596547509,0.617309925784,143
1,1453147194,61000000,1.66551668211,-1.56176277784,-0.811678705337,0.257201792736,0.164607349177,0.717468914453,0.626091059834,144
1,1453147194,102000000,1.58176550866,-1.58610776332,-0.803073806377,0.293689012622,0.212591581411,0.683609583764,0.633426807425,145
1,1453147194,131000000,1.5181313496,-1.60192804666,-0.796361255178,0.329916480981,0.259462576691,0.65261360224,0.630816750765,146
1,1453147194,135000000,1.5181313496,-1.60192804666,-0.796361255178,0.329916480981,0.259462576691,0.65261360224,0.630816750765,147
1,1453147194,157000000,1.4560529528,-1.61516694589,-0.788767315391,0.372469301126,0.309580601094,0.614883802663,0.622369970651,148
1,1453147194,193000000,1.39723830209,-1.62479156279,-0.780179450458,0.423052950689,0.354298815616,0.566317784475,0.612194999289,149
1,1453147194,193000000,1.39723830209,-1.62479156279,-0.780179450458,0.423052950689,0.354298815616,0.566317784475,0.612194999289,150
1,1453147194,207000000,1.39723830209,-1.62479156279,-0.780179450458,0.423052950689,0.354298815616,0.566317784475,0.612194999289,151
1,1453147194,235000000,1.32565119221,-1.63386148135,-0.767446580898,0.492368976264,0.406515864116,0.489915567622,0.59354897021,152
1,1453147194,238000000,1.30924911759,-1.63596366645,-0.764196385847,0.508110775714,0.418556636046,0.469968650848,0.588016368178,153
1,1453147194,265000000,1.27802839904,-1.64031215256,-0.75780529431,0.536519120245,0.442220894017,0.430690880256,0.575407056066,154
1,1453147194,268000000,1.27802839904,-1.64031215256,-0.75780529431,0.536519120245,0.442220894017,0.430690880256,0.575407056066,155
1,1453147194,293000000,1.23470870703,-1.64764135407,-0.748446847574,0.57199823915,0.475887235956,0.376692924929,0.551771504676,156
1,1453147194,299000000,1.23470870703,-1.64764135407,-0.748446847574,0.57199823915,0.475887235956,0.376692924929,0.551771504676,157
1,1453147194,321000000,1.19686600221,-1.65679035042,-0.740675031558,0.600726425603,0.501341494732,0.330899018322,0.527532280449,158
1,1453147194,324000000,1.19686600221,-1.65679035042,-0.740675031558,0.600726425603,0.501341494732,0.330899018322,0.527532280449,159
1,1453147194,343000000,1.17285857976,-1.66339054349,-0.736098546068,0.614809163614,0.512605991894,0.308288701475,0.5140066789,160
1,1453147194,367000000,1.14881815344,-1.67024792943,-0.732819687492,0.622183348797,0.520237978576,0.295511580591,0.504889326351,161
1,1453147194,371000000,1.1363940426,-1.67364974762,-0.732125431144,0.622410478717,0.522252738466,0.293681963041,0.503595251896,162
1,1453147194,411000000,1.09768354213,-1.68350738608,-0.734937960723,0.61235486146,0.517965741102,0.300723276732,0.516041205256,163
1,1453147194,417000000,1.08516801093,-1.68679636382,-0.737165226995,0.606949632819,0.513985088726,0.305391917622,0.523609824621,164
1,1453147194,434000000,1.06115069705,-1.6954628751,-0.744777911349,0.59433228142,0.503559981634,0.31584811288,0.541697751286,165
1,1453147194,440000000,1.06115069705,-1.6954628751,-0.744777911349,0.59433228142,0.503559981634,0.31584811288,0.541697751286,166
1,1453147194,455000000,1.03715199451,-1.70310420664,-0.748888334546,0.586697129796,0.495777979192,0.322104163407,0.553389176939,167
1,1453147194,479000000,0.998981455452,-1.7147340842,-0.749245653943,0.569662602046,0.498541076877,0.352961211977,0.54987243733,168
1,1453147194,488000000,0.998981455452,-1.7147340842,-0.749245653943,0.569662602046,0.498541076877,0.352961211977,0.54987243733,169
1,1453147194,520000000,0.950771961521,-1.73159418946,-0.754446922393,0.531973843972,0.50538112215,0.40551279363,0.545117533112,170
1,1453147194,542000000,0.930481892866,-1.7400275154,-0.758119017663,0.514830544882,0.505653107263,0.425228543299,0.546301318995,171
1,1453147194,520000000,0.950771961521,-1.73159418946,-0.754446922393,0.531973843972,0.50538112215,0.40551279363,0.545117533112,172
1,1453147194,571000000,0.904074580787,-1.75053833434,-0.762238937239,0.49785395715,0.500778723918,0.444649989829,0.551043095925,173
1,1453147194,577000000,0.904074580787,-1.75053833434,-0.762238937239,0.49785395715,0.500778723918,0.444649989829,0.551043095925,174
1,1453147194,553000000,0.921162315939,-1.74393767416,-0.759584435208,0.507798218747,0.505064617264,0.433452486392,0.546964023923,175
1,1453147194,627000000,0.860843293829,-1.76305949133,-0.770411857723,0.481993682837,0.476026890507,0.459783295203,0.574177507981,176
1,1453147194,624000000,0.867523851178,-1.76110579186,-0.769324800807,0.484695708062,0.479101160416,0.45730862073,0.571315126774,177
1,1453147194,664000000,0.841903254823,-1.76957585416,-0.773220775926,0.473572589237,0.469441202985,0.467266720091,0.580530595196,178
1,1453147194,660000000,0.841903254823,-1.76957585416,-0.773220775926,0.473572589237,0.469441202985,0.467266720091,0.580530595196,179
1,1453147194,703000000,0.818936425421,-1.77819043021,-0.775906677728,0.466861270791,0.460153277296,0.473005898256,0.588697660471,180
1,1453147194,701000000,0.818936425421,-1.77819043021,-0.775906677728,0.466861270791,0.460153277296,0.473005898256,0.588697660471,181
1,1453147194,715000000,0.818936425421,-1.77819043021,-0.775906677728,0.466861270791,0.460153277296,0.473005898256,0.588697660471,182
1,1453147194,734000000,0.803049755484,-1.7842727411,-0.776769561383,0.465387279703,0.451952629856,0.474094156867,0.595305157614,183
1,1453147194,595000000,0.88867520296,-1.7554746862,-0.765226539804,0.492042301102,0.492388792283,0.45052905688,0.558991252228,184
1,1453147194,747000000,0.797880557124,-1.78627616925,-0.776912711895,0.465236400202,0.449282382953,0.474161464069,0.597387092501,185
1,1453147194,767000000,0.787529033981,-1.79036260056,-0.77710568844,0.464888432905,0.444487234176,0.474385995159,0.601055547518,186
1,1453147194,764000000,0.787529033981,-1.79036260056,-0.77710568844,0.464888432905,0.444487234176,0.474385995159,0.601055547518,187
1,1453147194,795000000,0.771842077183,-1.79695911183,-0.777355454643,0.463885713073,0.438860552144,0.475229763574,0.60528351439,188
1,1453147194,824000000,0.755649737715,-1.80418936021,-0.777718078659,0.461962239109,0.434410995417,0.476661383068,0.608828303046,189
1,1453147194,853000000,0.738172191959,-1.81197085877,-0.778285718624,0.458021902633,0.430691258023,0.47975760989,0.612007853481,190
1,1453147194,829000000,0.750003224995,-1.80673831927,-0.77784112301,0.460971566395,0.433098386207,0.477399542509,0.609934979857,191
1,1453147194,846000000,0.738172191959,-1.81197085877,-0.778285718624,0.458021902633,0.430691258023,0.47975760989,0.612007853481,192
1,1453147194,872000000,0.725678825939,-1.8174090595,-0.778943543691,0.45402084852,0.428386145596,0.483048562711,0.614015036814,193
1,1453147194,902000000,0.70589477795,-1.82573882003,-0.780523116692,0.446997204755,0.42363928751,0.48867936388,0.617993310916,194
1,1453147194,935000000,0.677498013607,-1.83644485485,-0.783569523099,0.437538553551,0.412900631582,0.495272670953,0.62672008425,195
1,1453147194,945000000,0.677498013607,-1.83644485485,-0.783569523099,0.437538553551,0.412900631582,0.495272670953,0.62672008425,196
1,1453147194,953000000,0.670072291332,-1.83895958666,-0.784363871329,0.435197695057,0.409707690588,0.496834054106,0.629204654441,197
1,1453147194,977000000,0.646927087864,-1.84634043323,-0.787180129405,0.427471645413,0.398210362229,0.502179828456,0.637582872788,198
1,1453147194,982000000,0.646927087864,-1.84634043323,-0.787180129405,0.427471645413,0.398210362229,0.502179828456,0.637582872788,199
1,1453147195,9000000,0.621504938824,-1.85427832241,-0.790607637858,0.417989753991,0.384148047497,0.509685841932,0.646479068259,200
1,1453147195,9000000,0.621504938824,-1.85427832241,-0.790607637858,0.417989753991,0.384148047497,0.509685841932,0.646479068259,201
1,1453147195,33000000,0.602982255194,-1.85920642248,-0.793315714472,0.409626176633,0.373996728172,0.516947142907,0.651995777727,202
1,1453147195,33000000,0.602982255194,-1.85920642248,-0.793315714472,0.409626176633,0.373996728172,0.516947142907,0.651995777727,203
1,1453147195,68000000,0.562677606138,-1.86816776133,-0.800129738588,0.387073207052,0.349961030573,0.535484638424,0.664046543154,204
1,1453147195,68000000,0.562677606138,-1.86816776133,-0.800129738588,0.387073207052,0.349961030573,0.535484638424,0.664046543154,205
1,1453147195,91000000,0.540924191636,-1.87223929706,-0.803428626806,0.375851003086,0.333318254908,0.543687911178,0.672338024853,206
1,1453147195,124000000,0.505955106941,-1.87660396785,-0.807495504052,0.361419081767,0.299088990814,0.553896701904,0.687837529166,207
1,1453147195,130000000,0.505955106941,-1.87660396785,-0.807495504052,0.361419081767,0.299088990814,0.553896701904,0.687837529166,208
1,1453147195,137000000,0.505955106941,-1.87660396785,-0.807495504052,0.361419081767,0.299088990814,0.553896701904,0.687837529166,209
1,1453147195,160000000,0.45637744975,-1.87081648745,-0.813656895479,0.341639287193,0.236731727264,0.563830557099,0.713677651068,210
1,1453147195,163000000,0.45637744975,-1.87081648745,-0.813656895479,0.341639287193,0.236731727264,0.563830557099,0.713677651068,211
1,1453147195,200000000,0.392643741777,-1.85663383096,-0.821202553188,0.313054041519,0.168360116541,0.568166498835,0.74218519781,212
1,1453147195,206000000,0.392643741777,-1.85663383096,-0.821202553188,0.313054041519,0.168360116541,0.568166498835,0.74218519781,213
1,1453147195,247000000,0.316869212194,-1.8360316017,-0.826731969205,0.286110474094,0.10222610387,0.564311947875,0.767621420875,214
1,1453147195,247000000,0.316869212194,-1.8360316017,-0.826731969205,0.286110474094,0.10222610387,0.564311947875,0.767621420875,215
1,1453147195,255000000,0.297036895207,-1.82982529105,-0.826755478442,0.28304718806,0.0883207637051,0.561128735121,0.772798987222,216
1,1453147195,278000000,0.235551443856,-1.81249934505,-0.824666028054,0.276305485762,0.0602043085666,0.552168988772,0.784308694078,217
1,1453147195,284000000,0.235551443856,-1.81249934505,-0.824666028054,0.276305485762,0.0602043085666,0.552168988772,0.784308694078,218
1,1453147195,321000000,0.153850693672,-1.79273582528,-0.819897310068,0.268700679301,0.0487539323613,0.537888507077,0.797558118871,219
1,1453147195,313000000,0.174042303571,-1.79757414977,-0.820951220341,0.269290218558,0.0507359421736,0.542800849087,0.793899162735,220
1,1453147195,350000000,0.0931538672668,-1.77646089207,-0.817248638576,0.275888362629,0.050641662271,0.518164017279,0.807977155992,221
1,1453147195,355000000,0.0725603225701,-1.77053028411,-0.816653923503,0.280688484463,0.0557821909887,0.511537468395,0.810204752076,222
1,1453147195,361000000,0.0725603225701,-1.77053028411,-0.816653923503,0.280688484463,0.0557821909887,0.511537468395,0.810204752076,223
1,1453147195,385000000,0.0310069989444,-1.75828675074,-0.816247450248,0.292884700891,0.0710878491147,0.498366960111,0.812893254223,224
1,1453147195,385000000,0.0310069989444,-1.75828675074,-0.816247450248,0.292884700891,0.0710878491147,0.498366960111,0.812893254223,225
1,1453147195,406000000,-0.0307607482338,-1.73947591113,-0.817268699396,0.319162870009,0.0991895343131,0.475752146222,0.813607026798,226
1,1453147195,413000000,-0.0307607482338,-1.73947591113,-0.817268699396,0.319162870009,0.0991895343131,0.475752146222,0.813607026798,227
1,1453147195,439000000,-0.0908836405104,-1.72001133072,-0.818734080374,0.359357863913,0.138387669292,0.449391192446,0.806075886492,228
1,1453147195,446000000,-0.0908836405104,-1.72001133072,-0.818734080374,0.359357863913,0.138387669292,0.449391192446,0.806075886492,229
1,1453147195,465000000,-0.150256919747,-1.69872306013,-0.820847720976,0.407477391498,0.182091749804,0.418205300354,0.791144169432,230
1,1453147195,516000000,-0.223858428219,-1.6687256338,-0.821926684096,0.482342973853,0.232524626552,0.361826017101,0.763124817426,231
1,1453147195,493000000,-0.188301141208,-1.68396120679,-0.821727698411,0.443040941608,0.210107148882,0.393027449742,0.777881182313,232
1,1453147195,535000000,-0.27235691992,-1.64512118178,-0.821589167219,0.54283430225,0.256867718529,0.308017993271,0.737885364606,233
1,1453147195,545000000,-0.27235691992,-1.64512118178,-0.821589167219,0.54283430225,0.256867718529,0.308017993271,0.737885364606,234
1,1453147195,563000000,-0.301628765055,-1.63019022128,-0.821041295449,0.581291535759,0.268076526597,0.267731576219,0.72010758185,235
1,1453147195,569000000,-0.301628765055,-1.63019022128,-0.821041295449,0.581291535759,0.268076526597,0.267731576219,0.72010758185,236
1,1453147195,588000000,-0.342691389886,-1.60950162736,-0.819883809667,0.633241209018,0.280233888341,0.204844443298,0.691746552631,237
1,1453147195,618000000,-0.38103685099,-1.59171135904,-0.817677257527,0.678137179494,0.28607489848,0.144450959356,0.661381159838,238
1,1453147195,621000000,-0.38103685099,-1.59171135904,-0.817677257527,0.678137179494,0.28607489848,0.144450959356,0.661381159838,239
1,1453147195,638000000,-0.405171599812,-1.58102345039,-0.815505863552,0.703358580558,0.285018350329,0.108957185751,0.64201213291,240
1,1453147195,665000000,-0.440841226767,-1.56518886985,-0.813846367209,0.72866541384,0.280344319617,0.0714614113411,0.620763275187,241
1,1453147195,667000000,-0.440841226767,-1.56518886985,-0.813846367209,0.72866541384,0.280344319617,0.0714614113411,0.620763275187,242
1,1453147195,687000000,-0.465751670198,-1.55355924587,-0.81569723511,0.73271598515,0.278768403185,0.0631972026303,0.617593374375,243
1,1453147195,719000000,-0.503967560267,-1.53524146655,-0.823349490383,0.722413810106,0.275562226528,0.0685370822818,0.630465236656,244
1,1453147195,719000000,-0.503967560267,-1.53524146655,-0.823349490383,0.722413810106,0.275562226528,0.0685370822818,0.630465236656,245
1,1453147195,739000000,-0.52819437956,-1.52450826712,-0.829768392928,0.710651564443,0.272338682201,0.0779506211204,0.643995106192,246
1,1453147195,745000000,-0.52819437956,-1.52450826712,-0.829768392928,0.710651564443,0.272338682201,0.0779506211204,0.643995106192,247
1,1453147195,761000000,-0.5512839786,-1.51288876011,-0.834343037932,0.701069104399,0.267790172111,0.0831466456929,0.655650188659,248
1,1453147195,792000000,-0.58530400911,-1.49232894198,-0.836264121633,0.688177443891,0.264540865778,0.100833449722,0.668028855268,249
1,1453147195,798000000,-0.58530400911,-1.49232894198,-0.836264121633,0.688177443891,0.264540865778,0.100833449722,0.668028855268,250
1,1453147195,830000000,-0.63173843803,-1.47129044521,-0.841835938289,0.660803299828,0.276527096365,0.144524795671,0.682630461779,251
1,1453147195,834000000,-0.643076358096,-1.46812024538,-0.843665693519,0.652232895387,0.283190300562,0.158804993226,0.684964581544,252
1,1453147195,856000000,-0.663903989164,-1.46351384758,-0.846660677309,0.637732579077,0.295876495916,0.183330426922,0.687127507318,253
1,1453147195,861000000,-0.663903989164,-1.46351384758,-0.846660677309,0.637732579077,0.295876495916,0.183330426922,0.687127507318,254
1,1453147195,880000000,-0.681690377712,-1.45881446379,-0.849290111885,0.627608332669,0.302201459142,0.197845588142,0.689665993152,255
1,1453147195,893000000,-0.689468920986,-1.45592062023,-0.850826848666,0.623770794087,0.301629422791,0.200931627897,0.692499941272,256
1,1453147195,916000000,-0.709010839116,-1.44581733308,-0.855957872744,0.615737319514,0.288032821882,0.196916360373,0.706490335315,257
1,1453147195,919000000,-0.709010839116,-1.44581733308,-0.855957872744,0.615737319514,0.288032821882,0.196916360373,0.706490335315,258
1,1453147195,944000000,-0.720192133036,-1.43904639302,-0.858791133999,0.613159016232,0.274236267242,0.189525277973,0.716177812803,259
1,1453147195,947000000,-0.725638717848,-1.43599711451,-0.860018057914,0.612281882139,0.267248680992,0.185653411929,0.72057050311,260
1,1453147195,961000000,-0.731127099941,-1.43329561592,-0.861160216391,0.611580972574,0.260708609493,0.182052801047,0.724469814797,261
1,1453147195,998000000,-0.74857925425,-1.42724741178,-0.864025746439,0.609671211967,0.24661185675,0.175808180072,0.732512859429,262
1,1453147196,0,-0.754782695408,-1.42583832168,-0.864730245038,0.609228291442,0.244188490654,0.175433541078,0.733781944861,263
1,1453147196,21000000,-0.767554320409,-1.42356203747,-0.86581794433,0.608632360476,0.241951489415,0.176413510905,0.734781872205,264
1,1453147196,26000000,-0.773979659426,-1.42256222921,-0.866303701136,0.608435683142,0.241391766363,0.177334018116,0.734907259884,265
1,1453147196,40000000,-0.78033783475,-1.4215601973,-0.866799145723,0.608363623737,0.240715345023,0.178109896773,0.735001148744,266
1,1453147196,56000000,-0.792716409435,-1.41938207295,-0.867881649748,0.608350707679,0.237723815787,0.178194398608,0.735964374259,267
1,1453147196,69000000,-0.798728900637,-1.41820007988,-0.86846373312,0.60846859149,0.235279471474,0.177408071238,0.736841855308,268
1,1453147196,93000000,-0.810556825504,-1.41559049749,-0.869727293937,0.608859329541,0.2283626528,0.174500171286,0.739385221558,269
1,1453147196,122000000,-0.828630660346,-1.41126998303,-0.871686288065,0.609354226263,0.216173316498,0.169395396859,0.743815651686,270
1,1453147196,130000000,-0.83494198094,-1.40975137926,-0.872309884606,0.609365002503,0.212691066712,0.168403797518,0.74503487492,271
1,1453147196,159000000,-0.855020941294,-1.40495118438,-0.874267989433,0.608456127202,0.204231506714,0.167818225055,0.748269788428,272
1,1453147196,163000000,-0.862130980962,-1.40314690359,-0.87495310945,0.60773450685,0.202421484883,0.16849334942,0.749195770706,273
1,1453147196,168000000,-0.862130980962,-1.40314690359,-0.87495310945,0.60773450685,0.202421484883,0.16849334942,0.749195770706,274
1,1453147196,197000000,-0.884361821581,-1.39646789903,-0.87716619533,0.603872248875,0.197601327989,0.17214308949,0.752767413586,275
1,1453147196,201000000,-0.884361821581,-1.39646789903,-0.87716619533,0.603872248875,0.197601327989,0.17214308949,0.752767413586,276
1,1453147196,222000000,-0.9073818474,-1.38804577853,-0.879735552082,0.598517026044,0.18706755411,0.173694653198,0.75935055619,277
1,1453147196,228000000,-0.9073818474,-1.38804577853,-0.879735552082,0.598517026044,0.18706755411,0.173694653198,0.75935055619,278
1,1453147196,255000000,-0.931788149605,-1.378104223,-0.882831985057,0.591401935096,0.173321831637,0.174204442085,0.76802090219,279
1,1453147196,261000000,-0.931788149605,-1.378104223,-0.882831985057,0.591401935096,0.173321831637,0.174204442085,0.76802090219,280
1,1453147196,286000000,-0.957866130191,-1.36697679774,-0.886001890998,0.581715862787,0.162503531707,0.177753001447,0.776918996834,281
1,1453147196,289000000,-0.957866130191,-1.36697679774,-0.886001890998,0.581715862787,0.162503531707,0.177753001447,0.776918996834,282
1,1453147208,356000000,3.0600406383,1.04367465945,-0.723653955782,0.115754103242,0.520032390021,0.842004855607,0.0848240770473,283
1,1453147208,359000000,3.0600406383,1.04367465945,-0.723653955782,0.115754103242,0.520032390021,0.842004855607,0.0848240770473,284
1,1453147208,378000000,3.0581138175,1.04400513453,-0.724185287282,0.11581824928,0.520863737294,0.841528778255,0.0843588505993,285
1,1453147208,413000000,3.05614179287,1.04444524905,-0.724725733966,0.116161226243,0.521714354864,0.840975461318,0.0841485288485,286
1,1453147208,417000000,3.05614179287,1.04444524905,-0.724725733966,0.116161226243,0.521714354864,0.840975461318,0.0841485288485,287
1,1453147208,433000000,3.0541626299,1.04500189778,-0.725271755497,0.116728688933,0.522645251525,0.840324227979,0.0840924854574,288
1,1453147208,458000000,3.05056444832,1.04622710988,-0.726441947112,0.117556830815,0.524571003374,0.839029099242,0.0838798221991,289
1,1453147208,454000000,3.05121230134,1.04593954816,-0.726174423689,0.117395652913,0.524083515955,0.839350743561,0.0839348453518,290
1,1453147208,480000000,3.04927097216,1.04679808592,-0.727047721011,0.117817334168,0.525471683789,0.838444047369,0.0837267265448,291
1,1453147208,516000000,3.04726654302,1.04756698025,-0.728126387893,0.118335253457,0.526529033304,0.837716557135,0.0836356071314,292
1,1453147208,520000000,3.04655899998,1.04778786452,-0.728526483181,0.118611644313,0.526709923285,0.837551338916,0.0837597112351,293
1,1453147208,528000000,3.04655899998,1.04778786452,-0.728526483181,0.118611644313,0.526709923285,0.837551338916,0.0837597112351,294
1,1453147208,550000000,3.045077199,1.04813156599,-0.729353600045,0.119505291569,0.526806442935,0.837311093278,0.0842827980269,295
1,1453147208,545000000,3.045077199,1.04813156599,-0.729353600045,0.119505291569,0.526806442935,0.837311093278,0.0842827980269,296
1,1453147208,578000000,3.0443394353,1.04894536378,-0.731363926693,0.121658710768,0.52630664594,0.837226718673,0.0851580534884,297
1,1453147208,584000000,3.0443394353,1.04894536378,-0.731363926693,0.121658710768,0.52630664594,0.837226718673,0.0851580534884,298
1,1453147208,605000000,3.04419769007,1.04906758407,-0.732410123212,0.121817438015,0.525888305499,0.837503450951,0.0847937001168,299
1,1453147208,613000000,3.04418674514,1.04906885065,-0.732935070207,0.121677295852,0.525619980349,0.837727369568,0.0844459958059,300
1,1453147208,636000000,3.04441009317,1.04899706433,-0.734310975019,0.121062813654,0.524709192773,0.838510677079,0.0832099909527,301
1,1453147208,639000000,3.04441009317,1.04899706433,-0.734310975019,0.121062813654,0.524709192773,0.838510677079,0.0832099909527,302
1,1453147208,658000000,3.04474097581,1.04897334033,-0.735061222715,0.120882321337,0.523926417982,0.839094362591,0.0825180198353,303
1,1453147208,677000000,3.04507954777,1.04893306485,-0.735801845856,0.12104991403,0.52299724539,0.83969578119,0.0820475147653,304
1,1453147208,710000000,3.04569118797,1.04889074355,-0.736900494054,0.121854384529,0.521712095564,0.840434012785,0.0814780244439,305
1,1453147208,713000000,3.04569118797,1.04889074355,-0.736900494054,0.121854384529,0.521712095564,0.840434012785,0.0814780244439,306
1,1453147208,746000000,3.04709083157,1.04907533848,-0.738629650395,0.121984687714,0.52022090955,0.841502179929,0.0797748231287,307
1,1453147208,750000000,3.04709083157,1.04907533848,-0.738629650395,0.121984687714,0.52022090955,0.841502179929,0.0797748231287,308
1,1453147208,755000000,3.04760273719,1.04917609596,-0.73910586747,0.121578274537,0.51988987185,0.841838617401,0.0789999149376,309
1,1453147208,768000000,3.04817295711,1.04927556493,-0.739614054888,0.12095815336,0.519498636234,0.84226020014,0.0780259402166,310
1,1453147208,787000000,3.04951615676,1.04942179443,-0.740690087309,0.118907623146,0.518857387236,0.843198681516,0.0752593672468,311
1,1453147208,818000000,3.051133452,1.04955502439,-0.741765434353,0.115419176169,0.518280130264,0.844378788666,0.07133429467,312
1,1453147208,812000000,3.051133452,1.04955502439,-0.741765434353,0.115419176169,0.518280130264,0.844378788666,0.07133429467,313
1,1453147208,846000000,3.05373397122,1.0501045663,-0.743348796548,0.109861520419,0.517685148021,0.845984782261,0.065132803044,314
1,1453147208,889000000,3.05717748309,1.05096205222,-0.745154343384,0.105291601498,0.518099639596,0.846859405983,0.0575811479804,315
1,1453147208,846000000,3.05373397122,1.0501045663,-0.743348796548,0.109861520419,0.517685148021,0.845984782261,0.065132803044,316
1,1453147208,911000000,3.05863606662,1.0516642365,-0.745706084539,0.104460684843,0.518626849019,0.846784333202,0.0554116399559,317
1,1453147208,942000000,3.0611583179,1.05301042175,-0.746542119508,0.10244499128,0.51969703944,0.846620193224,0.0515195048991,318
1,1453147208,950000000,3.06208655983,1.05352409906,-0.746833989535,0.101460721171,0.520160769376,0.846546007861,0.0499835236526,319
1,1453147208,976000000,3.06404668768,1.05468467011,-0.747423285641,0.0989737881881,0.521260281876,0.846361916699,0.0465125117687,320
1,1453147209,9000000,3.067003435,1.05661169793,-0.748143705094,0.0948632336901,0.523416523299,0.845788838383,0.0409554745834,321
1,1453147209,9000000,3.067003435,1.05661169793,-0.748143705094,0.0948632336901,0.523416523299,0.845788838383,0.0409554745834,322
1,1453147208,966000000,3.06404668768,1.05468467011,-0.747423285641,0.0989737881881,0.521260281876,0.846361916699,0.0465125117687,323
1,1453147209,50000000,3.07156247083,1.06060665231,-0.749205909562,0.0887484248822,0.527444581178,0.844300237675,0.0329095659112,324
1,1453147209,53000000,3.07156247083,1.06060665231,-0.749205909562,0.0887484248822,0.527444581178,0.844300237675,0.0329095659112,325
1,1453147209,84000000,3.07422917379,1.06337538249,-0.74980888969,0.0858752943071,0.529967887384,0.843173431029,0.0286013526947,326
1,1453147209,89000000,3.07517013528,1.06430053874,-0.750045740622,0.0847579385969,0.530823025523,0.842798841968,0.0270761776773,327
1,1453147209,116000000,3.07828357204,1.06710091798,-0.75086675527,0.0803155811863,0.533423423375,0.841744647621,0.0217900669011,328
1,1453147209,116000000,3.07828357204,1.06710091798,-0.75086675527,0.0803155811863,0.533423423375,0.841744647621,0.0217900669011,329
1,1453147209,139000000,3.08053085479,1.06892779361,-0.751392600655,0.0767748170462,0.535189234342,0.841045634135,0.0178983858158,330
1,1453147209,165000000,3.08166832845,1.0698282067,-0.751633137825,0.0750845868127,0.536067743812,0.840676524932,0.0160205897142,331
1,1453147209,190000000,3.08166832845,1.0698282067,-0.751633137825,0.0750845868127,0.536067743812,0.840676524932,0.0160205897142,332
1,1453147209,193000000,3.08269486398,1.07056317259,-0.751791972095,0.0735161936179,0.536911575977,0.840308431498,0.0142502214665,333
1,1453147209,220000000,3.08746569761,1.07419567822,-0.752620686739,0.0693095871538,0.539958687969,0.838796228567,0.0078538752965,334
1,1453147209,220000000,3.08746569761,1.07419567822,-0.752620686739,0.0693095871538,0.539958687969,0.838796228567,0.0078538752965,335
1,1453147209,220000000,3.08746569761,1.07419567822,-0.752620686739,0.0693095871538,0.539958687969,0.838796228567,0.0078538752965,336
1,1453147209,250000000,3.09128302222,1.07660711117,-0.753660287612,0.0679402587462,0.540852108947,0.838359845883,0.00398576213406,337
1,1453147209,284000000,3.09449765101,1.07783772873,-0.754784263532,-0.0652102751808,-0.540862029683,-0.83857965925,0.000199875078455,338
1,1453147209,250000000,3.09128302222,1.07660711117,-0.753660287612,0.0679402587462,0.540852108947,0.838359845883,0.00398576213406,339
1,1453147209,295000000,3.09560592937,1.07817412056,-0.755232681292,-0.0641401699272,-0.540668830737,-0.83878499839,0.00172642623794,340
1,1453147209,319000000,3.09896122699,1.07904291034,-0.756666639493,-0.0611876208498,-0.539776520303,-0.839559225878,0.00613917158001,341
1,1453147209,348000000,3.10228243357,1.07982075424,-0.758160074453,-0.0589479125995,-0.538471821193,-0.84052215067,0.00978547976866,342
1,1453147209,354000000,3.10228243357,1.07982075424,-0.758160074453,-0.0589479125995,-0.538471821193,-0.84052215067,0.00978547976866,343
1,1453147209,376000000,3.105349093,1.08035837398,-0.759541967518,-0.057576821161,-0.536762546768,-0.841672964055,0.0125498856667,344
1,1453147209,372000000,3.10433511451,1.08018298998,-0.759082389061,-0.0579710286893,-0.537352912842,-0.841281529204,0.011687408273,345
1,1453147209,312000000,3.09784120534,1.07876309764,-0.756181595972,-0.0621075616878,-0.540121861546,-0.839278667263,0.00472695874671,346
1,1453147209,406000000,3.10835953674,1.08084844475,-0.760887915616,-0.0565849450611,-0.534847128392,-0.842917141286,0.0150793292491,347
1,1453147209,412000000,3.10835953674,1.08084844475,-0.760887915616,-0.0565849450611,-0.534847128392,-0.842917141286,0.0150793292491,348
1,1453147209,451000000,3.11221284979,1.08139447484,-0.762671303368,-0.0564404062326,-0.531872150845,-0.844758325891,0.0176030263597,349
1,1453147209,451000000,3.11221284979,1.08139447484,-0.762671303368,-0.0564404062326,-0.531872150845,-0.844758325891,0.0176030263597,350
1,1453147209,549000000,3.12192739771,1.08116670148,-0.767462676183,-0.0599888585087,-0.521998474071,-0.850617123942,0.019220779879,351
1,1453147209,560000000,3.12289519135,1.08110177944,-0.768047261223,-0.060626173732,-0.520681150801,-0.851381062033,0.0191283420836,352
1,1453147209,560000000,3.12289519135,1.08110177944,-0.768047261223,-0.060626173732,-0.520681150801,-0.851381062033,0.0191283420836,353
1,1453147209,560000000,3.12289519135,1.08110177944,-0.768047261223,-0.060626173732,-0.520681150801,-0.851381062033,0.0191283420836,354
1,1453147209,647000000,3.13112576917,1.0801225341,-0.773241998144,-0.0681099663513,-0.508834669971,-0.858005121291,0.0165988842282,355
1,1453147209,655000000,3.13112576917,1.0801225341,-0.773241998144,-0.0681099663513,-0.508834669971,-0.858005121291,0.0165988842282,356
1,1453147209,667000000,3.13205296343,1.08009282213,-0.773777456414,-0.0687592794178,-0.507622874627,-0.858676049467,0.0163285247546,357
1,1453147209,677000000,3.13205296343,1.08009282213,-0.773777456414,-0.0687592794178,-0.507622874627,-0.858676049467,0.0163285247546,358
1,1453147209,667000000,3.13205296343,1.08009282213,-0.773777456414,-0.0687592794178,-0.507622874627,-0.858676049467,0.0163285247546,359
1,1453147209,732000000,3.13682071442,1.08071060609,-0.776688720185,-0.0741572746251,-0.501775494566,-0.861704057695,0.0137174569568,360
1,1453147209,755000000,3.13790680992,1.08126879796,-0.777377670578,-0.0753281308578,-0.500850654985,-0.862152472369,0.0129386433106,361
1,1453147209,755000000,3.13790680992,1.08126879796,-0.777377670578,-0.0753281308578,-0.500850654985,-0.862152472369,0.0129386433106,362
1,1453147209,755000000,3.13790680992,1.08126879796,-0.777377670578,-0.0753281308578,-0.500850654985,-0.862152472369,0.0129386433106,363
1,1453147209,792000000,3.13960160139,1.08238201443,-0.77843911847,-0.0766236654341,-0.499697983154,-0.862721693623,0.0119171674068,364
1,1453147209,792000000,3.13960160139,1.08238201443,-0.77843911847,-0.0766236654341,-0.499697983154,-0.862721693623,0.0119171674068,365
1,1453147209,792000000,3.13960160139,1.08238201443,-0.77843911847,-0.0766236654341,-0.499697983154,-0.862721693623,0.0119171674068,366
1,1453147209,830000000,3.14085784045,1.08360426487,-0.779730255885,-0.0772068435283,-0.498849467166,-0.863173097245,0.0109780058987,367
1,1453147209,830000000,3.14085784045,1.08360426487,-0.779730255885,-0.0772068435283,-0.498849467166,-0.863173097245,0.0109780058987,368
1,1453147209,830000000,3.14085784045,1.08360426487,-0.779730255885,-0.0772068435283,-0.498849467166,-0.863173097245,0.0109780058987,369
1,1453147209,863000000,3.14145613839,1.08567341836,-0.781344457526,-0.0772446392849,-0.498439174762,-0.863419680157,0.00990508360055,370
1,1453147209,867000000,3.14145613839,1.08567341836,-0.781344457526,-0.0772446392849,-0.498439174762,-0.863419680157,0.00990508360055,371
1,1453147209,911000000,3.14153171291,1.08793280236,-0.782539991223,-0.078760513008,-0.498425345902,-0.863310710818,0.00797325157883,372
1,1453147209,926000000,3.14175650883,1.08927027833,-0.783039267213,-0.0791230084925,-0.498852782664,-0.863037968908,0.00713547324765,373
1,1453147209,938000000,3.14192043573,1.08997471155,-0.783263813496,-0.0790525492698,-0.499177609999,-0.862858714228,0.00687367517989,374
1,1453147210,21000000,3.14312068763,1.09638477534,-0.784872615943,-0.0751521899719,-0.50296688242,-0.861001914602,0.00722264377941,375
1,1453147210,112000000,3.14157494909,1.10558882303,-0.78609922598,0.0795960621344,0.508353154024,0.85746217988,0.000384397926023,376
1,1453147210,168000000,3.14153806056,1.1116114318,-0.786646992006,0.080468118909,0.512154921988,0.855109007536,0.00328678461572,377
1,1453147210,203000000,3.1413684105,1.11520512997,-0.786951914142,0.0815642749206,0.514257271185,0.853728903297,0.00580411618144,378
1,1453147210,52000000,3.14288605793,1.10038355506,-0.78546199797,-0.0754912916144,-0.505275217158,-0.859635148828,0.00504288762641,379
1,1453147210,313000000,3.14062647979,1.12158539132,-0.786801422675,0.0919334950099,0.517157090257,0.850803061902,0.0151962610627,380
1,1453147210,107000000,3.14157494909,1.10558882303,-0.78609922598,0.0795960621344,0.508353154024,0.85746217988,0.000384397926023,381
1,1453147210,313000000,3.14062647979,1.12158539132,-0.786801422675,0.0919334950099,0.517157090257,0.850803061902,0.0151962610627,382
1,1453147210,329000000,3.14072586472,1.12169725062,-0.786965003388,0.0924037139948,0.516828222474,0.850946163469,0.0155167320132,383
1,1453147210,329000000,3.14072586472,1.12169725062,-0.786965003388,0.0924037139948,0.516828222474,0.850946163469,0.0155167320132,384
1,1453147210,336000000,3.14083218414,1.12170829297,-0.787203228161,0.0928915095425,0.516275778065,0.851223275659,0.0157931445465,385
1,1453147210,371000000,3.14110266165,1.12102285007,-0.788072775017,0.0951379162061,0.513564499255,0.852595096718,0.0167893733673,386
1,1453147210,75000000,3.14260722321,1.10142490095,-0.785563224203,-0.0762342173002,-0.50595929469,-0.859172885939,0.00393551734339,387
1,1453147210,89000000,3.14202056008,1.10352205681,-0.785829945553,-0.0780393329348,-0.50722906312,-0.858269225546,0.00157369723365,388
1,1453147210,200000000,3.14147213131,1.11433991382,-0.786894713316,0.0809773804519,0.513779857997,0.85407726029,0.00499548066722,389
1,1453147210,386000000,3.1411984809,1.1205072939,-0.788368852564,0.096132246747,0.512374492374,0.853192668534,0.0171242827579,390
1,1453147210,228000000,3.14107855379,1.11687996104,-0.786954625133,0.0834774281831,0.515254269506,0.85292577216,0.00788567851228,391
1,1453147210,134000000,3.14136102461,1.10861600542,-0.786383101992,0.0806537994422,0.510235851567,0.8562415378,0.00218388580394,392
1,1453147210,419000000,3.14172905155,1.11682389303,-0.789807427712,0.10076587484,0.505748052427,0.856575570294,0.0185320886117,393
1,1453147210,447000000,3.14210395353,1.11212621853,-0.791186598939,0.105318827976,0.498402452334,0.860293528089,0.0199495741577,394
1,1453147210,266000000,3.14076094977,1.11839195534,-0.786861852661,0.0857905685502,0.516193158367,0.852105630782,0.0100297354278,395
1,1453147210,474000000,3.14216319345,1.1052652572,-0.792634158463,0.111588721518,0.488757761626,0.864970739745,0.0221229985485,396
1,1453147210,479000000,3.14216319345,1.1052652572,-0.792634158463,0.111588721518,0.488757761626,0.864970739745,0.0221229985485,397
1,1453147210,496000000,3.14168076919,1.09862507643,-0.793041347558,0.116418211351,0.480370672326,0.868984377581,0.0236001855007,398
1,1453147210,528000000,3.14029474306,1.08560466614,-0.793497891931,0.12395718056,0.465097894315,0.876149709789,0.0260816435013,399
1,1453147210,528000000,3.14029474306,1.08560466614,-0.793497891931,0.12395718056,0.465097894315,0.876149709789,0.0260816435013,400
1,1453147210,559000000,3.13793154478,1.06825232902,-0.793790970939,0.130636119529,0.446244989542,0.884894705133,0.0275857646488,401
1,1453147210,564000000,3.13697646861,1.06145318329,-0.793758625062,0.132624658751,0.439370921653,0.88802809146,0.0277489076159,402
1,1453147210,597000000,3.13392640151,1.03773344197,-0.793388195243,0.137464993379,0.418119003525,0.897529940574,0.0268305844152,403
1,1453147210,600000000,3.13392640151,1.03773344197,-0.793388195243,0.137464993379,0.418119003525,0.897529940574,0.0268305844152,404
1,1453147210,633000000,3.1311808445,1.001250259,-0.790999728071,0.139420051283,0.391610159987,0.909237121663,0.0221672841253,405
1,1453147210,633000000,3.1311808445,1.001250259,-0.790999728071,0.139420051283,0.391610159987,0.909237121663,0.0221672841253,406
1,1453147210,692000000,3.13325887297,0.952412386469,-0.786099645571,0.118581742372,0.366861227459,0.922675179085,0.00466090813199,407
1,1453147210,692000000,3.13325887297,0.952412386469,-0.786099645571,0.118581742372,0.366861227459,0.922675179085,0.00466090813199,408
1,1453147210,692000000,3.13325887297,0.952412386469,-0.786099645571,0.118581742372,0.366861227459,0.922675179085,0.00466090813199,409
1,1453147210,731000000,3.13849609363,0.908080561029,-0.780035257783,-0.0816145583063,-0.349672617197,-0.933093437822,0.0201186716501,410
1,1453147210,731000000,3.13849609363,0.908080561029,-0.780035257783,-0.0816145583063,-0.349672617197,-0.933093437822,0.0201186716501,411
1,1453147210,760000000,3.13767996962,0.878806236469,-0.776148491796,-0.0751872359553,-0.360757867172,-0.929207853746,0.0278101664882,412
1,1453147210,771000000,3.13767996962,0.878806236469,-0.776148491796,-0.0751872359553,-0.360757867172,-0.929207853746,0.0278101664882,413
1,1453147210,771000000,3.13767996962,0.878806236469,-0.776148491796,-0.0751872359553,-0.360757867172,-0.929207853746,0.0278101664882,414
1,1453147210,800000000,3.1344503025,0.847860507592,-0.77246364283,-0.0707021497328,-0.385388369825,-0.919281737024,0.0373911540478,415
1,1453147210,816000000,3.13280934178,0.837861714209,-0.771147586447,-0.0717639422432,-0.39605667481,-0.914613962458,0.038345098891,416
1,1453147210,834000000,3.12607396146,0.807554477877,-0.766479957073,-0.0801632078578,-0.440377586032,-0.893423220611,0.0378997453789,417
1,1453147210,839000000,3.12607396146,0.807554477877,-0.766479957073,-0.0801632078578,-0.440377586032,-0.893423220611,0.0378997453789,418
1,1453147210,871000000,3.11604353606,0.764964731332,-0.760327913682,-0.0802137885257,-0.511203115591,-0.854621135083,0.0431258415606,419
1,1453147210,871000000,3.11604353606,0.764964731332,-0.760327913682,-0.0802137885257,-0.511203115591,-0.854621135083,0.0431258415606,420
1,1453147210,898000000,3.11150166472,0.744681059577,-0.756308040364,-0.0767060758598,-0.548022188092,-0.831573130139,0.0476863556602,421
1,1453147210,901000000,3.10923720314,0.734834355053,-0.753847875061,-0.0746226496602,-0.566619049618,-0.819044972753,0.0503948943475,422
1,1453147210,922000000,3.10455219301,0.715654987584,-0.748316554648,-0.069490556708,-0.602581331955,-0.792952375223,0.0573875555846,423
1,1453147210,939000000,3.10216961449,0.706523162946,-0.745268796646,-0.066789293549,-0.619972667298,-0.779377697237,0.0611840430228,424
1,1453147210,956000000,3.09748788098,0.689389903707,-0.73870379486,-0.0616214546463,-0.653232504089,-0.75149981655,0.0688339861845,425
1,1453147210,971000000,3.09296109137,0.673656543551,-0.731744221233,-0.0560474354613,-0.683688802072,-0.723548202831,0.0768524890951,426
1,1453147210,999000000,3.08873179041,0.659475482207,-0.724826118845,-0.0495612031817,-0.711210210105,-0.696103040453,0.0846420773203,427
1,1453147211,6000000,3.08671752633,0.652969248737,-0.721549193452,-0.0463300109127,-0.72363392414,-0.68298240865,0.0879914961619,428
1,1453147211,26000000,3.0826504925,0.640919183656,-0.71567295451,-0.0403229056908,-0.745201322674,-0.659053917257,0.0932576329835,429
1,1453147211,33000000,3.080589437,0.635338671788,-0.713140287789,-0.0381695370826,-0.75415939093,-0.648704631443,0.0947048079894,430
1,1453147211,61000000,3.07414002302,0.620351505292,-0.707366471164,-0.0367392671976,-0.774565694067,-0.624553930466,0.0929010213087,431
1,1453147211,57000000,3.07635124982,0.625081198157,-0.708986593675,-0.0363981466028,-0.768779721146,-0.631437879553,0.0945469171609,432
1,1453147211,81000000,3.06950427714,0.611404258628,-0.705173559789,-0.0393233492131,-0.782781745371,-0.614932856861,0.0869712301495,433
1,1453147211,109000000,3.06470358279,0.603004851676,-0.704806130404,-0.0445638944889,-0.786162769972,-0.611499591215,0.0776557039803,434
1,1453147211,115000000,3.06234319881,0.599108233146,-0.705385722869,-0.047879451446,-0.786187178339,-0.611899746759,0.0720831371526,435
1,1453147211,129000000,3.05800764381,0.59213571195,-0.70787259324,-0.0545619788588,-0.783274080531,-0.616291696349,0.0607391985686,436
1,1453147211,160000000,3.05284274005,0.584253292771,-0.714035016874,-0.0636832530585,-0.77378710008,-0.628614260628,0.0451893611944,437
1,1453147211,160000000,3.05284274005,0.584253292771,-0.714035016874,-0.0636832530585,-0.77378710008,-0.628614260628,0.0451893611944,438
1,1453147211,175000000,3.05124736938,0.582063780314,-0.716104171858,-0.0660612510296,-0.771101322797,-0.631988933746,0.0403565201003,439
1,1453147211,211000000,3.04558345512,0.574146675267,-0.719733257006,-0.0697596740489,-0.765612082979,-0.638758335438,0.0309760420518,440
1,1453147211,229000000,3.03967392156,0.563622808818,-0.721941209206,-0.0692561216353,-0.757939672146,-0.648085605695,0.0267598709421,441
1,1453147211,229000000,3.03967392156,0.563622808818,-0.721941209206,-0.0692561216353,-0.757939672146,-0.648085605695,0.0267598709421,442
1,1453147211,253000000,3.03724190256,0.555448070809,-0.723833960609,-0.0619038246469,-0.749890094418,-0.657997645552,0.029527296471,443
1,1453147211,275000000,3.0363071543,0.547770316319,-0.725754359501,-0.0485711053716,-0.740573863471,-0.669097827558,0.038720764748,444
1,1453147211,282000000,3.0363071543,0.547770316319,-0.725754359501,-0.0485711053716,-0.740573863471,-0.669097827558,0.038720764748,445
1,1453147211,305000000,3.03536444653,0.538984012084,-0.728669590356,-0.0297522325415,-0.727387821687,-0.683732621163,0.0503136589545,446
1,1453147211,310000000,3.03536444653,0.538984012084,-0.728669590356,-0.0297522325415,-0.727387821687,-0.683732621163,0.0503136589545,447
1,1453147211,324000000,3.03373885043,0.53482689176,-0.730918910826,-0.0227496709515,-0.7199523447,-0.691764538713,0.051116502353,448
1,1453147211,347000000,3.03164469543,0.531894430222,-0.733123557341,-0.0174751277483,-0.713469397948,-0.698711503147,0.0495809789316,449
1,1453147211,398000000,3.02586913021,0.528753702394,-0.738091391584,0.0010488712182,-0.70071137929,-0.711686865617,0.0500426629085,450
1,1453147211,421000000,3.02189812932,0.528574115363,-0.740609468024,0.0150681164382,-0.694724451818,-0.717191858747,0.0525996735763,451
1,1453147211,421000000,3.02189812932,0.528574115363,-0.740609468024,0.0150681164382,-0.694724451818,-0.717191858747,0.0525996735763,452
1,1453147211,428000000,3.02189812932,0.528574115363,-0.740609468024,0.0150681164382,-0.694724451818,-0.717191858747,0.0525996735763,453
1,1453147211,465000000,3.01566032549,0.530035486161,-0.743142178318,0.028252407547,-0.688925121093,-0.722586711975,0.0495219413155,454
1,1453147211,465000000,3.01566032549,0.530035486161,-0.743142178318,0.028252407547,-0.688925121093,-0.722586711975,0.0495219413155,455
1,1453147211,484000000,3.01208602513,0.531655629198,-0.744081422913,0.0313953803481,-0.686786783542,-0.724812977005,0.0445465196225,456
1,1453147211,500000000,3.01208602513,0.531655629198,-0.744081422913,0.0313953803481,-0.686786783542,-0.724812977005,0.0445465196225,457
1,1453147211,531000000,3.00119738719,0.536966181388,-0.746029084421,0.0318852439701,-0.681082596578,-0.73105833021,0.0257593805463,458
1,1453147211,534000000,3.00119738719,0.536966181388,-0.746029084421,0.0318852439701,-0.681082596578,-0.73105833021,0.0257593805463,459
1,1453147211,531000000,3.00119738719,0.536966181388,-0.746029084421,0.0318852439701,-0.681082596578,-0.73105833021,0.0257593805463,460
1,1453147211,564000000,2.99346024567,0.540037242495,-0.746475775433,0.0247694717529,-0.678388998012,-0.734242804891,0.00789582872178,461
1,1453147211,576000000,2.99087416066,0.541101292129,-0.746470478392,0.0218088643148,-0.677792682926,-0.734927789263,0.00161151411806,462
1,1453147211,600000000,2.98084112224,0.545472933504,-0.746403975875,-0.00915045586925,0.674025292081,0.73832016123,0.02212497036,463
1,1453147211,612000000,2.98084112224,0.545472933504,-0.746403975875,-0.00915045586925,0.674025292081,0.73832016123,0.02212497036,464
1,1453147211,632000000,2.97633556934,0.547637878573,-0.746497900489,-0.00363947623949,0.67181355487,0.740014854248,0.0321141276931,465
1,1453147211,634000000,2.97633556934,0.547637878573,-0.746497900489,-0.00363947623949,0.67181355487,0.740014854248,0.0321141276931,466
1,1453147211,667000000,2.97069161203,0.550994222128,-0.746449235474,0.00177055074873,0.669097207704,0.741922229315,0.0430952136762,467
1,1453147211,667000000,2.97069161203,0.550994222128,-0.746449235474,0.00177055074873,0.669097207704,0.741922229315,0.0430952136762,468
1,1453147211,690000000,2.96614207256,0.554490320348,-0.746529258053,0.00500171285376,0.666374348302,0.743836342043,0.0512611651185,469
1,1453147211,694000000,2.96614207256,0.554490320348,-0.746529258053,0.00500171285376,0.666374348302,0.743836342043,0.0512611651185,470
1,1453147211,722000000,2.96216121736,0.558379908799,-0.746463725333,0.00785644794712,0.663877426503,0.745535315089,0.0581561068169,471
1,1453147211,739000000,2.95967524246,0.561139801393,-0.746527007532,0.0102088363829,0.661893567405,0.746893068207,0.0627967336092,472
1,1453147211,739000000,2.95967524246,0.561139801393,-0.746527007532,0.0102088363829,0.661893567405,0.746893068207,0.0627967336092,473
1,1453147211,765000000,2.95719510623,0.563430859255,-0.746697588905,0.0130459396261,0.659628947586,0.748429148131,0.0676259210185,474
1,1453147211,768000000,2.95719510623,0.563430859255,-0.746697588905,0.0130459396261,0.659628947586,0.748429148131,0.0676259210185,475
1,1453147211,819000000,2.95102957227,0.569456937339,-0.747407291233,0.0203406551978,0.65156408293,0.754187529096,0.079067531502,476
1,1453147211,824000000,2.95102957227,0.569456937339,-0.747407291233,0.0203406551978,0.65156408293,0.754187529096,0.079067531502,477
1,1453147211,827000000,2.95102957227,0.569456937339,-0.747407291233,0.0203406551978,0.65156408293,0.754187529096,0.079067531502,478
1,1453147211,855000000,2.94837872699,0.572389344261,-0.747677579099,0.023692335575,0.647239715255,0.757291120953,0.0838426046716,479
1,1453147211,860000000,2.94837872699,0.572389344261,-0.747677579099,0.023692335575,0.647239715255,0.757291120953,0.0838426046716,480
1,1453147211,881000000,2.94566504485,0.574420347515,-0.747900046634,0.028454859227,0.642262143362,0.760711749017,0.089483490649,481
1,1453147211,883000000,2.94566504485,0.574420347515,-0.747900046634,0.028454859227,0.642262143362,0.760711749017,0.089483490649,482
1,1453147211,922000000,2.94323220403,0.575983342792,-0.747988311095,0.0343979665439,0.636781668541,0.764335428616,0.0954842346683,483
1,1453147211,929000000,2.94260793697,0.576307575987,-0.747981428244,0.0361023917158,0.634978836035,0.765555339803,0.0970748000158,484
1,1453147211,956000000,2.94161907764,0.576322884857,-0.748126713745,0.0383365141559,0.629569033417,0.769613696358,0.0993373153608,485
1,1453147211,963000000,2.94161907764,0.576322884857,-0.748126713745,0.0383365141559,0.629569033417,0.769613696358,0.0993373153608,486
1,1453147211,963000000,2.94161907764,0.576322884857,-0.748126713745,0.0383365141559,0.629569033417,0.769613696358,0.0993373153608,487
1,1453147211,991000000,2.94120879314,0.574751625456,-0.748570892217,0.0372398600177,0.621428905341,0.776477299931,0.0975823299793,488
1,1453147211,987000000,2.94145970855,0.57527412785,-0.748437608182,0.0370234043775,0.623764866361,0.774596042982,0.0977119707048,489
1,1453147212,42000000,2.93832087172,0.57092181662,-0.749378033901,0.0444546944728,0.606783494151,0.787120077888,0.101388137129,490
1,1453147212,49000000,2.93832087172,0.57092181662,-0.749378033901,0.0444546944728,0.606783494151,0.787120077888,0.101388137129,491
1,1453147212,65000000,2.93698483409,0.568340347039,-0.749907750578,0.04702578555,0.599851252143,0.792129216491,0.102461481429,492
1,1453147212,68000000,2.93638895038,0.566891033034,-0.750189802633,0.0478274150704,0.596260601725,0.79476733092,0.102619310563,493
1,1453147212,15000000,2.94030199168,0.573534493155,-0.748841337207,0.0393154115011,0.616146344073,0.780453094736,0.0985441425013,494
1,1453147212,110000000,2.93379569056,0.560386627986,-0.751423338309,0.0494051037995,0.580749581282,0.806104948149,0.102390781464,495
1,1453147212,134000000,2.93188465709,0.557035422973,-0.752098355993,0.0515779479062,0.572225631412,0.811947539464,0.103144244643,496
1,1453147212,94000000,2.93522247716,0.563716688974,-0.750800620314,0.0486234386948,0.588738457235,0.800335356083,0.102401699136,497
1,1453147212,161000000,2.92954511064,0.553593635734,-0.753021412067,0.0548991271016,0.562953046166,0.817978962973,0.104787259675,498
1,1453147212,166000000,2.92840608762,0.551640015783,-0.753574109672,0.056646789741,0.558157195577,0.821026131785,0.105677704191,499
1,1453147212,187000000,2.92650498698,0.547506300882,-0.754601885999,0.0589558755852,0.548902515173,0.826960441079,0.106614550893,500
1,1453147212,212000000,2.924959103,0.54061030053,-0.755778470707,0.0580717718309,0.536121551627,0.83547886579,0.105718569875,501
1,1453147212,214000000,2.924959103,0.54061030053,-0.755778470707,0.0580717718309,0.536121551627,0.83547886579,0.105718569875,502
1,1453147212,242000000,2.92485149507,0.535540391822,-0.756255086384,0.055459757914,0.528369414205,0.840784999063,0.104069989605,503
1,1453147212,257000000,2.92485149507,0.535540391822,-0.756255086384,0.055459757914,0.528369414205,0.840784999063,0.104069989605,504
1,1453147212,284000000,2.92533648447,0.522990775693,-0.755915825427,0.0463500482355,0.509728358114,0.853197871024,0.100409495781,505
1,1453147212,284000000,2.92533648447,0.522990775693,-0.755915825427,0.0463500482355,0.509728358114,0.853197871024,0.100409495781,506
1,1453147212,321000000,2.92046832207,0.512460534432,-0.753521881249,0.0553129099994,0.491605904361,0.862391413963,0.107448433716,507
1,1453147212,327000000,2.92046832207,0.512460534432,-0.753521881249,0.0553129099994,0.491605904361,0.862391413963,0.107448433716,508
1,1453147212,333000000,2.9182132611,0.509421529487,-0.752657951893,0.0601773159286,0.486060374715,0.864800154016,0.110655756258,509
1,1453147212,349000000,2.9130698791,0.502437603133,-0.750616232646,0.0719693191922,0.473866068945,0.869772513411,0.117333459477,510
1,1453147212,357000000,2.9130698791,0.502437603133,-0.750616232646,0.0719693191922,0.473866068945,0.869772513411,0.117333459477,511
1,1453147212,379000000,2.90564872353,0.487751847864,-0.746684872768,0.0881843071365,0.454195590923,0.877638175934,0.125224299974,512
1,1453147212,411000000,2.89822596183,0.467003207644,-0.742300901493,0.0957038979208,0.433101221527,0.88710496024,0.127706246332,513
1,1453147212,425000000,2.89522811081,0.458719001868,-0.740828680709,0.0977398683839,0.425248974725,0.890589693407,0.128297410814,514
1,1453147212,383000000,2.90564872353,0.487751847864,-0.746684872768,0.0881843071365,0.454195590923,0.877638175934,0.125224299974,515
1,1453147212,405000000,2.9008635648,0.474593061783,-0.743779704257,0.0937533799928,0.440397679446,0.883791735721,0.127170576588,516
1,1453147212,453000000,2.88301176707,0.429637570132,-0.736526549697,0.110238453298,0.39722580921,0.901236686584,0.133534919284,517
1,1453147212,453000000,2.88301176707,0.429637570132,-0.736526549697,0.110238453298,0.39722580921,0.901236686584,0.133534919284,518
1,1453147212,487000000,2.85974036821,0.380597439932,-0.733046991989,0.138758990989,0.346525257934,0.915599693577,0.14947705227,519
1,1453147212,487000000,2.85974036821,0.380597439932,-0.733046991989,0.138758990989,0.346525257934,0.915599693577,0.14947705227,520
1,1453147212,516000000,2.84754879493,0.351988737548,-0.731738732405,0.14741657153,0.31992836526,0.922561285513,0.157463868911,521
1,1453147212,519000000,2.84166427971,0.336663126292,-0.730828922178,0.149322416103,0.307723919485,0.925895979284,0.160391524002,522
1,1453147212,546000000,2.83021520519,0.304070678531,-0.728320036544,0.149535149063,0.287380013392,0.931733432605,0.164087713324,523
1,1453147212,546000000,2.83021520519,0.304070678531,-0.728320036544,0.149535149063,0.287380013392,0.931733432605,0.164087713324,524
1,1453147212,563000000,2.81903751919,0.269558022335,-0.724845019191,0.146641699018,0.274147762301,0.935987527406,0.165125906737,525
1,1453147212,581000000,2.80847161792,0.234683308494,-0.720645365475,0.140139732438,0.265079159934,0.939856266211,0.163597350909,526
1,1453147212,612000000,2.79267937155,0.184463682093,-0.713222993033,0.131695286508,0.255591648419,0.943332426062,0.16569005616,527
1,1453147212,612000000,2.79267937155,0.184463682093,-0.713222993033,0.131695286508,0.255591648419,0.943332426062,0.16569005616,528
1,1453147212,632000000,2.78051619963,0.151342483099,-0.707983203926,0.133180184119,0.255804894889,0.941868670192,0.172366767153,529
1,1453147212,664000000,2.7597658817,0.100857767961,-0.700520287747,0.141954195118,0.271021406626,0.934307000717,0.182939421804,530
1,1453147212,667000000,2.75257637172,0.0840036106825,-0.698339611048,0.146113171337,0.278559096437,0.930742464968,0.186478510446,531
1,1453147212,712000000,2.72444285801,0.0154660915388,-0.689954603063,0.165519269495,0.322917698819,0.910562899063,0.19799681327,532
1,1453147212,712000000,2.72444285801,0.0154660915388,-0.689954603063,0.165519269495,0.322917698819,0.910562899063,0.19799681327,533
1,1453147212,724000000,2.71730648652,-0.00215229624235,-0.687769233997,0.170671693329,0.339224807806,0.90331113353,0.199566276974,534
1,1453147212,740000000,2.70355836778,-0.0373418555954,-0.68267411888,0.180254996457,0.374803330639,0.886984722901,0.200720454698,535
1,1453147212,751000000,2.70355836778,-0.0373418555954,-0.68267411888,0.180254996457,0.374803330639,0.886984722901,0.200720454698,536
1,1453147212,768000000,2.68437780099,-0.0880548854265,-0.673059018141,0.198023080768,0.43096613529,0.85703355171,0.201366682844,537
1,1453147212,775000000,2.68437780099,-0.0880548854265,-0.673059018141,0.198023080768,0.43096613529,0.85703355171,0.201366682844,538
1,1453147212,808000000,2.66060753628,-0.153391665475,-0.658304218645,0.216908295007,0.503990756191,0.812858902117,0.195459751562,539
1,1453147212,808000000,2.66060753628,-0.153391665475,-0.658304218645,0.216908295007,0.503990756191,0.812858902117,0.195459751562,540
1,1453147212,843000000,2.64697013921,-0.200123813191,-0.645992579757,0.21855817343,0.555260579407,0.781137955119,0.18368861929,541
1,1453147212,851000000,2.64697013921,-0.200123813191,-0.645992579757,0.21855817343,0.555260579407,0.781137955119,0.18368861929,542
1,1453147212,854000000,2.64317465233,-0.215138273941,-0.641807819748,0.21706540676,0.570912456209,0.771340892966,0.178814997614,543
1,1453147212,868000000,2.63667107708,-0.243996658605,-0.633278112754,0.212656676803,0.600201542622,0.752536971354,0.167998073772,544
1,1453147212,893000000,2.63139142631,-0.270872877374,-0.624812194275,0.208653044621,0.627126728347,0.733737835292,0.157495278103,545
1,1453147212,891000000,2.63139142631,-0.270872877374,-0.624812194275,0.208653044621,0.627126728347,0.733737835292,0.157495278103,546
1,1453147212,914000000,2.62690986213,-0.295754434246,-0.616942424798,0.206318840362,0.652298252987,0.713962298142,0.148987791761,547
1,1453147212,948000000,2.62105543158,-0.32982275742,-0.606444942026,0.204571237144,0.686267137097,0.683592582036,0.141029100759,548
1,1453147212,948000000,2.62105543158,-0.32982275742,-0.606444942026,0.204571237144,0.686267137097,0.683592582036,0.141029100759,549
1,1453147212,979000000,2.61574906561,-0.36927548853,-0.595170812704,0.200754752152,0.724044205228,0.645585607596,0.136662875829,550
1,1453147212,985000000,2.61574906561,-0.36927548853,-0.595170812704,0.200754752152,0.724044205228,0.645585607596,0.136662875829,551
1,1453147213,1000000,2.6141990127,-0.387058389566,-0.592013885578,0.196579463609,0.739002822406,0.630016102302,0.135318342449,552
1,1453147213,4000000,2.6141990127,-0.387058389566,-0.592013885578,0.196579463609,0.739002822406,0.630016102302,0.135318342449,553
1,1453147213,32000000,2.61304606123,-0.41222355015,-0.59179522048,0.187731000206,0.755411609135,0.613184544343,0.134592298906,554
1,1453147213,36000000,2.61291783147,-0.420166681292,-0.592550178373,0.184513414898,0.75996971111,0.608709372811,0.133692697519,555
1,1453147213,64000000,2.61298116162,-0.435248341189,-0.595133874961,0.17807873402,0.767930735848,0.601246472062,0.130663802417,556
1,1453147213,67000000,2.61316145137,-0.442333734354,-0.59701026695,0.175039010119,0.771344384384,0.598134803877,0.128933866795,557
1,1453147213,84000000,2.6134068991,-0.449124030429,-0.599291190761,0.172181161285,0.774314926118,0.595498344726,0.127168252005,558
1,1453147213,109000000,2.61445333608,-0.467909603947,-0.60849946047,0.164467877793,0.780074316614,0.591412135903,0.121103522823,559
1,1453147213,135000000,2.61637510715,-0.48481016921,-0.620341843075,0.156996388283,0.781993177386,0.592711999022,0.111943248136,560
1,1453147213,135000000,2.61637510715,-0.48481016921,-0.620341843075,0.156996388283,0.781993177386,0.592711999022,0.111943248136,561
1,1453147213,178000000,2.62024220715,-0.499618980421,-0.632578873564,0.142789111917,0.785041191803,0.595753951543,0.091645108498,562
1,1453147213,213000000,2.62671959786,-0.515206547737,-0.648180876813,0.114810028566,0.790899662239,0.59835337856,0.0571805559245,563
1,1453147213,182000000,2.62187544545,-0.503988536361,-0.636537284336,0.136088921125,0.786525525018,0.596661128474,0.0827822554084,564
1,1453147213,213000000,2.62671959786,-0.515206547737,-0.648180876813,0.114810028566,0.790899662239,0.59835337856,0.0571805559245,565
1,1453147213,248000000,2.63040155055,-0.524140632696,-0.659918627517,0.0992359244503,0.793311059206,0.599167423513,0.0425228555084,566
1,1453147213,274000000,2.63179419395,-0.531224311793,-0.671596735994,0.0921265505789,0.794819846964,0.5982421538,0.0433639823661,567
1,1453147213,284000000,2.63169239388,-0.533197705146,-0.675491490021,0.0914835491764,0.795008000239,0.597820135997,0.0469481073297,568
1,1453147213,303000000,2.63076860958,-0.536569154924,-0.683258897326,0.093085320756,0.794659260983,0.597018215733,0.0584895894702,569
1,1453147213,312000000,2.63076860958,-0.536569154924,-0.683258897326,0.093085320756,0.794659260983,0.597018215733,0.0584895894702,570
1,1453147213,336000000,2.62803551315,-0.540703185704,-0.694742656371,0.100562093116,0.791863737097,0.596693704573,0.082436097812,571
1,1453147213,377000000,2.62364626884,-0.547146931684,-0.711156965944,0.11355443239,0.781849786067,0.601800709034,0.11684266994,572
1,1453147213,377000000,2.62364626884,-0.547146931684,-0.711156965944,0.11355443239,0.781849786067,0.601800709034,0.11684266994,573
1,1453147213,399000000,2.62055343956,-0.552136828676,-0.723977078359,0.116750624045,0.772869874996,0.610632637587,0.127158287275,574
1,1453147213,404000000,2.62055343956,-0.552136828676,-0.723977078359,0.116750624045,0.772869874996,0.610632637587,0.127158287275,575
1,1453147213,407000000,2.62055343956,-0.552136828676,-0.723977078359,0.116750624045,0.772869874996,0.610632637587,0.127158287275,576
1,1453147213,426000000,2.61627214663,-0.556403680621,-0.737268556934,0.116677899335,0.764964597434,0.620050120265,0.129434465418,577
1,1453147213,430000000,2.61627214663,-0.556403680621,-0.737268556934,0.116677899335,0.764964597434,0.620050120265,0.129434465418,578
1,1453147213,446000000,2.6101948146,-0.559818809354,-0.74281738498,0.121861602042,0.766079173316,0.614894033597,0.142048504415,579
1,1453147213,466000000,2.60607261449,-0.562528467383,-0.743769172483,0.125529389782,0.765756663909,0.613135749426,0.148066393067,580
1,1453147213,498000000,2.59042707127,-0.57669377919,-0.74699684684,0.144145481294,0.751786408013,0.619121257273,0.175294454398,581
1,1453147213,501000000,2.59042707127,-0.57669377919,-0.74699684684,0.144145481294,0.751786408013,0.619121257273,0.175294454398,582
1,1453147213,540000000,2.58137922509,-0.593721412281,-0.748774303886,0.144374086824,0.735278399414,0.636842435549,0.181531018541,583
1,1453147213,550000000,2.58048083318,-0.597593235168,-0.748887160229,0.141453335886,0.732102002385,0.641757809496,0.179344712275,584
1,1453147213,547000000,2.58137922509,-0.593721412281,-0.748774303886,0.144374086824,0.735278399414,0.636842435549,0.181531018541,585
1,1453147213,566000000,2.57941556706,-0.604107173045,-0.749064047972,0.135668823374,0.726272928861,0.651067349241,0.173876133844,586
1,1453147213,571000000,2.57941556706,-0.604107173045,-0.749064047972,0.135668823374,0.726272928861,0.651067349241,0.173876133844,587
